0 0.20703125 0.08203125 0.3171875 0.1640625
0 0.3563405902248803 0.1653684866106147 0.0016535052616717394 0.0015897735389502898
0 0.36111909548655213 0.16372416599376366 0.001653505261671917 0.0015897735389502898
0 0.3877116875658094 0.1359440393705582 0.0016535052616717394 0.0015897735389502898
0 0.334375 0.1828125 0.309375 0.334375
0 0.76484375 0.103125 0.4703125 0.20625
0 0.353125 0.75078125 0.271875 0.4515625
0 0.56875 0.959375 0.159375 0.08125
0 0.84921875 0.4171875 0.2140625 0.134375
0 0.7594703794050706 0.7830895949698755 0.18639106826055968 0.17183190990138844
0 0.92109375 0.92890625 0.1578125 0.1421875