0 0.06015625 0.11171875 0.1203125 0.2234375
0 0.05234375 0.2921875 0.1046875 0.246875
0 0.0578125 0.35390625 0.115625 0.1703125
0 0.49296875 0.2171875 0.1078125 0.34375
0 0.6203125 0.21953125 0.3625 0.4390625
0 0.26373249928391135 0.6794128924781019 0.0015988626670909057 0.0032342606436618127
0 0.31015625 0.7921875 0.2578125 0.415625
0 0.8523410132877294 0.46320837429287154 0.001598862667090728 0.003234260643661724
0 0.90546875 0.5265625 0.1515625 0.175
0 0.9171875 0.9546875 0.165625 0.090625
0 0.61953125 0.9515625 0.1515625 0.096875