0 0.13984375 0.36875 0.1203125 0.1
0 0.39838876261141165 0.11237941692183231 0.06504429201145392 0.08698534684397004
0 0.0296875 0.12109375 0.059375 0.2421875
0 0.278125 0.04140625 0.0875 0.0828125
0 0.7941092479312759 0.2097411896592453 0.27883626137808887 0.34089289133021305
0 0.5078125 0.1125 0.096875 0.225
0 0.8171875 0.02265625 0.146875 0.0453125
0 0.6516672092616396 0.5942514298105946 0.0015806813335454528 0.0016261669961943781
0 0.6509314125955032 0.5903770133086919 0.0015806813335454528 0.0016261669961943781
0 0.640625 0.4203125 0.003125 0.003125
0 0.70625 0.49609375 0.3125 0.1546875