0 0.00078125 0.66328125 0.0015625 0.0015625
0 0.00078125 0.65703125 0.0015625 0.0015625
0 0.00078125 0.64765625 0.0015625 0.0015625
0 0.322101044071667 0.20598428701761184 0.19411628875333342 0.15887850206691462
0 0.2656185739912852 0.40022874669474034 0.43190984232430585 0.3166696931327932
0 0.50078125 0.51953125 0.0015625 0.0015625
0 0.50078125 0.52109375 0.0015625 0.0015625
0 0.50078125 0.52265625 0.0015625 0.0015625
0 0.50078125 0.50859375 0.0015625 0.0015625
0 0.56328125 0.434375 0.1265625 0.20625
0 0.653125 0.03828125 0.225 0.0765625
0 0.95625 0.46796875 0.0875 0.1453125