0 0.44140625 0.13828125 0.3359375 0.2765625
0 0.8046875 0.36015625 0.390625 0.5984375
0 0.9734375 0.1171875 0.053125 0.165625
0 0.00078125 0.790625 0.0015625 0.003125
0 0.00078125 0.7921875 0.0015625 0.003125
0 0.00078125 0.7796875 0.0015625 0.003125
0 0.00234375 0.71796875 0.0046875 0.0078125
0 0.00078125 0.7125 0.0015625 0.003125
0 0.0015625 0.709375 0.003125 0.00625
0 0.003125 0.68984375 0.00625 0.0109375
0 0.0015625 0.6765625 0.003125 0.00625
0 0.0015625 0.66484375 0.003125 0.0046875
0 0.00234375 0.665625 0.0046875 0.00625
0 0.1875 0.7890625 0.375 0.259375
0 0.5203125 0.73828125 0.178125 0.1578125
0 0.4640625 0.70703125 0.290625 0.0953125
0 0.61015625 0.7328125 0.0015625 0.003125
0 0.61015625 0.734375 0.0015625 0.003125
0 0.61015625 0.721875 0.0015625 0.003125
0 0.61171875 0.66171875 0.0046875 0.0046875
0 0.61015625 0.66015625 0.0015625 0.0015625
0 0.61171875 0.6609375 0.0046875 0.003125
0 0.77265625 0.76015625 0.3265625 0.2015625
0 0.934375 0.70703125 0.13125 0.0953125