0 0.35078125 0.08359375 0.1984375 0.1671875
0 0.29375 0.12421875 0.3125 0.2484375
0 0.109375 0.0328125 0.153125 0.065625
0 0.0578125 0.08671875 0.115625 0.1546875
0 0.0015625 0.00078125 0.003125 0.0015625
0 0.00078125 0.00078125 0.0015625 0.0015625
0 0.05546875 0.02734375 0.1109375 0.0546875
0 0.059375 0.0609375 0.11875 0.121875
0 0.8006585035065029 0.06988352421625307 0.0016443871551297562 0.0016170637023307677
0 0.7944085035065029 0.06966526940692966 0.0016443871551297562 0.0016170637023307677
0 0.7249348072154047 0.14081109390903376 0.3474902329258297 0.20241075970346484
0 0.534375 0.2875 0.16875 0.24375
0 0.50546875 0.04453125 0.1109375 0.0890625
0 0.0515625 0.909375 0.103125 0.15625
0 0.96875 0.796875 0.0625 0.128125
0 0.8475589162150875 0.636083932290954 0.20037621551297508 0.16296133538669527
0 0.5921466406616327 0.8799703084296713 0.18105300542706698 0.15136907095872498
0 0.45078125 0.89375 0.0015625 0.003125
0 0.51875 0.90078125 0.1375 0.1984375