0 0.056299408088478664 0.26515371915835984 0.0031704641066227167 0.0017627590992987051
0 0.061745426035167306 0.26402201573458706 0.0031704641066227167 0.0017627590992987051
0 0.0578125 0.2140625 0.115625 0.1375
0 0.459375 0.028125 0.1 0.05625
0 0.5877921343358021 0.25020983960871046 0.0016534282132454337 0.0032251295496493527
0 0.59765625 0.16484375 0.1765625 0.3296875
0 0.00078125 0.66875 0.0015625 0.003125
0 0.00078125 0.67109375 0.0015625 0.0015625
0 0.00078125 0.7140625 0.0015625 0.003125
0 0.09296875 0.603125 0.1859375 0.34375
0 0.33515625 0.95859375 0.3484375 0.0828125
0 0.51015625 0.66328125 0.0015625 0.0015625
0 0.51015625 0.66796875 0.0015625 0.0015625
0 0.51015625 0.68359375 0.0015625 0.0015625
0 0.68671875 0.65 0.3546875 0.290625