0 0.16796875 0.14375 0.3359375 0.2875
0 0.7 0.16484375 0.6 0.3296875
0 0.30703125 0.5640625 0.1859375 0.228125
0 0.7792005085277923 0.9513352556026741 0.0033070105233436566 0.0031977351823609724
0 0.7789652900978234 0.9419420718070837 0.003307010523343834 0.0031977351823611498
0 0.7897431663779477 0.9046420935585768 0.004960515785015574 0.004796602773541636
0 0.7953029216396196 0.9032068801277088 0.0033070105233436566 0.0031977351823611498
0 0.8087206795321273 0.9011722546527434 0.0033070105233436566 0.0031977351823611498
0 0.8127179347937993 0.8997006736306948 0.003307010523343834 0.0031977351823611498
0 0.822183940055471 0.8983563791777783 0.003307010523343834 0.0031977351823611498
0 0.8380364532096507 0.8948138050895839 0.003307010523343834 0.0031977351823611498
0 0.8491104611021585 0.8927246282278476 0.003307010523343834 0.0031977351823611498
0 0.8641362216255022 0.889945120344063 0.0033070105233436566 0.0031977351823611498
0 0.87521022951801 0.8878559434823268 0.006432010523343657 0.0032704703647223
0 0.8886734900413537 0.8850400680073616 0.008085515785015573 0.004869337955902786
0 0.896804508457205 0.8797531559632643 0.003307010523343834 0.0031977351823611498
0 0.9604497795038925 0.8749760434060769 0.003307010523343834 0.0031977351823609724
0 0.9715237873964003 0.8728868665443408 0.003307010523343834 0.0031977351823611498
0 0.9976235558122518 0.86801818179882 0.003307010523343834 0.0031977351823611498
0 0.88359375 0.88046875 0.2328125 0.2390625