0 0.53359375 0.084375 0.2328125 0.16875
0 0.903125 0.35390625 0.19375 0.2703125
0 0.6953125 0.0359375 0.090625 0.071875
0 0.61484375 0.74453125 0.0703125 0.3484375
0 0.2080366967695407 0.7805796756136724 0.26702605736790747 0.2762427330402364
0 0.5734375 0.553125 0.153125 0.128125
0 0.178125 0.60625 0.35625 0.234375
0 0.94921875 0.86875 0.1015625 0.2625
0 0.734375 0.7984375 0.16875 0.403125
0 0.8984375 0.49140625 0.003125 0.0046875
0 0.8703125 0.53203125 0.103125 0.0859375
0 0.72734375 0.59609375 0.1546875 0.2140625