0 0.08314440963434722 0.31031665021225674 0.00490582382131759 0.004987888648947969
0 0.07972831120592376 0.3038663911129581 0.00490582382131759 0.004987888648947969
0 0.07709346277750032 0.29746619678848407 0.0032705492142117267 0.0033252590992987052
0 0.07367736434907694 0.2910159376891855 0.0032705492142117267 0.0033252590992986163
0 0.07186015322420643 0.28544705813953614 0.0032705492142117267 0.0033252590992987052
0 0.06922530479578297 0.27904686381506216 0.0032705492142117267 0.0033252590992987052
0 0.06584559367091244 0.27337785471576354 0.0032705492142117267 0.0033252590992986163
0 0.06399199524248908 0.2670277251661142 0.0032705492142117267 0.0033252590992986163
0 0.08125 0.33359375 0.1625 0.2796875
0 0.65859375 0.03203125 0.1984375 0.0640625
0 0.10546875 0.8453125 0.2109375 0.221875
0 0.7810704491286493 0.8901357557032126 0.0032705492142117267 0.0033252590992987052
0 0.7681102227022978 0.7958350431801413 0.008103598428423453 0.006750647748246586
0 0.86640625 0.60625 0.2671875 0.175
0 0.70625 0.759375 0.29375 0.48125