0 0.8980749215664726 0.34837789166299593 0.0032433991701630305 0.001671627404661713
0 0.8422123174126434 0.530319861625929 0.0032433991701630305 0.001671627404661713
0 0.8444879802797608 0.3666120256910796 0.0033617983403260608 0.003234127404661713
0 0.8166678657529693 0.5280951627143882 0.00804929834032606 0.0033978185116541938
0 0.8203400852587827 0.37680548122604246 0.006486798340326061 0.003343254809323426
0 0.8065116157529694 0.5284498267795388 0.0033617983403260608 0.003234127404661713
0 0.7935048981212558 0.40189725046333613 0.0033617983403260608 0.003234127404661713
0 0.8498131750909576 0.45057779792359814 0.17386632033565022 0.1556746250424091
0 0.7767802620233474 0.33469239229596814 0.0032433991701630305 0.001671627404661713
0 0.755885576335713 0.4561953700634495 0.0032433991701630305 0.001671627404661713
0 0.656254274470902 0.36227673367311314 0.0032433991701630305 0.001671627404661713
0 0.6548693732261466 0.35998754737544403 0.0032433991701630305 0.001671627404661713
0 0.6503002723963096 0.35858873848243655 0.0032433991701630305 0.001671627404661713
0 0.590625 0.39921875 0.18125 0.1390625
0 0.00078125 0.95390625 0.0015625 0.0046875
0 0.00078125 0.9625 0.0015625 0.003125
0 0.07421875 0.865625 0.1484375 0.234375
0 0.053125 0.93828125 0.10625 0.1234375