0 0.3829392027085811 0.43975087784431677 0.0032433991701630305 0.0016170470779005796
0 0.3803945431654559 0.4577878116916926 0.0032433991701630305 0.0016170470779005796
0 0.41640625 0.4875 0.2046875 0.234375
0 0.09140625 0.13046875 0.1828125 0.2109375
0 0.059375 0.46328125 0.11875 0.1203125
0 0.7359375 0.15859375 0.434375 0.3171875
0 0.69921875 0.5921875 0.1921875 0.115625
0 0.58125 0.5734375 0.125 0.153125
0 0.3859375 0.7453125 0.265625 0.190625
0 0.3421875 0.94453125 0.1875 0.1109375
0 0.26140866744050967 0.8043606229730529 0.19931660622842173 0.17980805113509052
0 0.04453125 0.67265625 0.0890625 0.0453125
0 0.12734375 0.978125 0.2546875 0.04375
0 0.85546875 0.73515625 0.2828125 0.1703125
0 0.6375 0.9203125 0.2375 0.159375
0 0.609375 0.71796875 0.18125 0.1359375