0 0.0140625 0.04375 0.028125 0.0875
0 0.33671875 0.03046875 0.1859375 0.0609375
0 0.87578125 0.353125 0.2484375 0.171875
0 0.4828125 0.16640625 0.10625 0.3328125
0 0.24921875 0.93515625 0.3609375 0.1296875
0 0.01109589600708567 0.8224513807078925 0.0034167312811945296 0.003215928213245345
0 0.03828125 0.79296875 0.0765625 0.2328125
0 0.06484375 0.7328125 0.1296875 0.2875
0 0.05859375 0.5546875 0.1171875 0.23125
0 0.61875 0.5875 0.378125 0.296875
0 0.4875 0.48984375 0.115625 0.1015625
0 0.89453125 0.51015625 0.2109375 0.1421875