0 0.23125 0.2296875 0.415625 0.459375
0 0.10078125 0.06328125 0.2015625 0.1265625
0 0.903125 0.3984375 0.19375 0.121875
0 0.775982800542293 0.13695940761136463 0.0015806807181592219 0.0031795637023307676
0 0.7595220083878153 0.12701148873689067 0.0015806807181592219 0.0031795637023307676
0 0.7059521016737611 0.18294154100647617 0.2202044574527388 0.2576389183263199
0 0.4875 0.1140625 0.096875 0.228125
0 0.86484375 0.0359375 0.1109375 0.071875
0 0.6109375 0.0390625 0.165625 0.078125
0 0.04453125 0.675 0.0890625 0.2375
0 0.4018685896717086 0.6128473289329094 0.0015806807181592219 0.0031795637023307676
0 0.3931339391059745 0.5883284785700896 0.0015806807181592219 0.0031795637023307676
0 0.41015625 0.57265625 0.0578125 0.2265625
0 0.075 0.509375 0.15 0.1
0 0.721875 0.53125 0.36875 0.14375