0 0.484375 0.05859375 0.16875 0.1171875
0 0.03828125 0.040625 0.0765625 0.08125
0 0.15234375 0.040625 0.1578125 0.08125
0 0.0625 0.18828125 0.125 0.1546875
0 0.2556610544763437 0.2549168862387708 0.2177520109332404 0.17901818401734032
0 0.61015625 0.03359375 0.0828125 0.0671875
0 0.85859375 0.0390625 0.2359375 0.078125
0 0.96484375 0.16484375 0.0703125 0.1859375
0 0.6359375 0.259375 0.134375 0.21875
0 0.0074594173885662585 0.8699363995341247 0.001835902073518625 0.003216005261671917
0 0.1109375 0.71015625 0.221875 0.5796875
0 0.7790978459467139 0.6614098099445289 0.008573917624907423 0.026926521046687312
0 0.7818421371342603 0.6749185730987085 0.001835902073518625 0.0032160052616717395
0 0.7749769824688437 0.6815858020520211 0.001835902073518625 0.0032160052616717395
0 0.779254379358566 0.6865463178370368 0.001835902073518625 0.0032160052616717395
0 0.7762175622520381 0.7122820652062007 0.001835902073518625 0.0032160052616717395
0 0.69921875 0.76875 0.2609375 0.4625