0 0.31015625 0.1109375 0.1984375 0.221875
0 0.0578125 0.09453125 0.115625 0.1890625
0 0.30703125 0.14296875 0.1890625 0.2859375
0 0.4546875 0.0546875 0.090625 0.109375
0 0.934375 0.03828125 0.13125 0.0765625
0 0.5640625 0.03828125 0.153125 0.0765625
0 0.896875 0.07890625 0.20625 0.1453125
0 0.49921875 0.146875 0.1796875 0.16875
0 0.621875 0.34765625 0.3125 0.0828125
0 0.02578125 0.93515625 0.0515625 0.1296875
0 0.328125 0.7421875 0.1625 0.515625
0 0.8225831096084549 0.5323435267886565 0.0034167312811945296 0.0031795470779005797
0 0.8181873408896496 0.5355503474055074 0.003416731281194707 0.0031795470779005797
0 0.8140833034520389 0.5418821680223586 0.0017083656405972648 0.0015897735389502898
0 0.8097604675535323 0.5458702386392096 0.0017083656405972648 0.0015897735389502898
0 0.8054376316550254 0.5498583092560606 0.0017083656405972648 0.0015897735389504674
0 0.8026772957565187 0.5538191063339613 0.0017083656405972648 0.0015897735389504674
0 0.7983544598580121 0.5578071769508123 0.0017083656405972648 0.0015897735389504674
0 0.794885806779804 0.5625628607981881 0.0017083656405972648 0.0015897735389504674
0 0.8729069631857772 0.5768514573896215 0.2120252271212358 0.21585464529089188