0 0.58046875 0.23828125 0.1171875 0.0828125
0 0.65078125 0.03359375 0.0234375 0.0671875
0 0.412419610932455 0.7283052609535667 0.0018359020735184473 0.0031704641066227167
0 0.4033768016016216 0.7425950814866801 0.0016992010367591348 0.0016079641066227169
0 0.4015019433075476 0.7551178135399914 0.001835902073518625 0.0031704641066227167
0 0.3955540311492605 0.6984048122863502 0.0016992010367591348 0.0016079641066227169
0 0.3933668145611124 0.7234048122863502 0.003398402073518625 0.0032159282132454337
0 0.3867647915168531 0.6830753289793976 0.0016992010367591348 0.0016079641066227169
0 0.3879958093773161 0.7313537046062182 0.0016992010367593124 0.0016079641066227169
0 0.3878392759654642 0.7064219007661523 0.00666010311027776 0.00486935642649069
0 0.38543673736981604 0.689348061032709 0.0016992010367591348 0.0016079641066227169
0 0.38596441767139017 0.7189446328194636 0.003398402073518625 0.0032159282132454337
0 0.3838837992925475 0.6714702392459543 0.003398402073518625 0.0032159282132454337
0 0.38127691767139016 0.7190810251393316 0.0016992010367591348 0.0016079641066227169
0 0.38004660834055687 0.7331435251393316 0.0016992010367591348 0.0016079641066227169
0 0.37587651818976975 0.718458899512511 0.0016992010367591348 0.0016079641066227169
0 0.37308370885893644 0.7325668636191337 0.0016992010367593124 0.0016079641066227169
0 0.3719408738919457 0.7100015418323791 0.0018359020735184473 0.0031704641066227167
0 0.3761793145611124 0.7239049174591997 0.015566211404351904 0.017596676959604096
0 0.3671556290757419 0.7023481662055584 0.001835902073518625 0.0031704641066227167
0 0.2171875 0.78671875 0.434375 0.3703125
0 0.05625 0.4859375 0.1125 0.2
0 0.7909525884538435 0.7295100597790677 0.17486188190398125 0.12821123119538153
0 0.6609375 0.5140625 0.04375 0.06875
0 0.7 0.9421875 0.121875 0.115625
0 0.68046875 0.646875 0.0828125 0.096875