0 0.2913257982924214 0.25409582038538153 0.11344666558343128 0.14633209897381966
0 0.19115029463897343 0.38069664760770794 0.0015897735389502898 0.0015988675911806638
0 0.34765625 0.51328125 0.2140625 0.1328125
0 0.5734375 0.07734375 0.046875 0.1171875
0 0.8158797390396562 0.1859055987863883 0.0015897735389504674 0.0015988675911804862
0 0.8424461931795714 0.14073791594072854 0.11487279788867966 0.13855596656500016
0 0.57578125 0.44921875 0.0515625 0.1234375
0 0.8140625 0.53671875 0.103125 0.0859375
0 0.19296875 0.58203125 0.0390625 0.0046875
0 0.2234375 0.86015625 0.3 0.2796875
0 0.765625 0.78984375 0.43125 0.4203125