0 0.2294853159611836 0.23207336770119685 0.0015988626670909057 0.0031795637023308565
0 0.24134042596277444 0.21994538993371543 0.0015806813335454528 0.0016170637023308564
0 0.245392126631138 0.20730898067788828 0.0015988626670909057 0.0031795637023308565
0 0.23923248595641108 0.2668749536360463 0.0015806813335454528 0.0016170637023308564
0 0.2457733872931382 0.24165669882672286 0.0031613626670909055 0.003234127404661713
0 0.24371090062063847 0.2846800125290537 0.0015806813335454528 0.0016170637023308564
0 0.2544307719605473 0.23588784846390315 0.0015806813335454528 0.0016170637023308564
0 0.24788987062382012 0.2611061032732266 0.006304544000636269 0.004905754809323426
0 0.24689044462127482 0.279883385124392 0.0015806813335454528 0.0016170637023308564
0 0.25271373062541097 0.24922366216623404 0.0031613626670909055 0.003234127404661713
0 0.24433760928550222 0.2979339806778883 0.0031613626670909055 0.003234127404661713
0 0.25739213995863824 0.24984122105924142 0.0015806813335454528 0.0016170637023308564
0 0.26223418129377457 0.2363962799522489 0.0015806813335454528 0.0016170637023308564
0 0.2620523679583201 0.2520212799522489 0.001580681333545364 0.0016170637023308564
0 0.2684569092934564 0.23852177514292547 0.0015806813335454528 0.0016170637023308564
0 0.2650591892902747 0.2620684025475872 0.0015988626670909057 0.0031795637023308565
0 0.26366941195895643 0.24727921624991805 0.014262494668999893 0.01767857332097762
0 0.26729385128900207 0.2713615569940909 0.0015988626670909057 0.0031795637023308565
0 0.36328125 0.23046875 0.2921875 0.3890625
0 0.29140625 0.6828125 0.1859375 0.0875
0 0.49296875 0.75390625 0.0328125 0.1734375
0 0.87890625 0.93671875 0.2421875 0.1265625