0 0.14508441794759647 0.007163141583608645 0.0016261669961945557 0.0016626295496493526
0 0.11906574600848625 0.03376521437799775 0.0016898339923887562 0.0032251295496493527
0 0.11362882950658344 0.0333344178017704 0.003188666996194378 0.0017627590992987051
0 0.10210108049516667 0.029397889424140324 0.0016261669961943781 0.0016626295496493526
0 0.09900791399326385 0.028816898523438984 0.0016261669961943781 0.0016626295496493526
0 0.0897602479856526 0.02629267582133492 0.0016261669961943781 0.0016626295496493526
0 0.07666999897423574 0.022456276993354153 0.003188666996194378 0.0017627590992987051
0 0.06670474996281897 0.01841961906607468 0.0016261669961943781 0.0016626295496493526
0 0.0536145009514021 0.014583220238093908 0.003188666996194378 0.0017627590992987051
0 0.043553751445693754 0.012890312310814523 0.006377333992388756 0.003525518198597233
0 0.03202600243427689 0.008953783933184401 0.007939833992388757 0.0036256477482465854
0 0.02343225243427689 0.009504496456255663 0.0016261669961943781 0.0016626295496493526
0 0.11328125 0.06328125 0.2265625 0.1265625
0 0.6932778843357685 0.30411968229973996 0.0016261669961943781 0.0016626295496493526
0 0.5927486437273087 0.2661469178017704 0.34688822334543534 0.2902778531746041
0 0.43515625 0.40625 0.1515625 0.225
0 0.42265625 0.11953125 0.1265625 0.2390625
0 0.1796875 0.5765625 0.359375 0.115625
0 0.5390625 0.55234375 0.159375 0.0671875
0 0.37109375 0.59609375 0.0234375 0.1046875