0 0.28991062520830085 0.057203762982348215 0.003270865640597265 0.0016170470779006685
0 0.184375 0.09140625 0.325 0.1828125
0 0.0453125 0.34765625 0.090625 0.1046875
0 0.0484375 0.190625 0.096875 0.171875
0 0.03359375 0.02109375 0.0671875 0.0421875
0 0.034375 0.3359375 0.06875 0.128125
0 0.5546875 0.07734375 0.090625 0.1546875
0 0.36623452724651917 0.5974214342478223 0.1279197358567455 0.1504284683433749
0 0.24296875 0.95078125 0.1484375 0.0984375
0 0.03515625 0.7171875 0.0703125 0.16875
0 0.94453125 0.86640625 0.1109375 0.2171875
0 0.6596014827377862 0.796743955354436 0.24775503993318218 0.24767738960884883
0 0.63984375 0.4578125 0.2609375 0.115625
0 0.52578125 0.49921875 0.0328125 0.0890625