0 0.38203125 0.0015625 0.0078125 0.003125
0 0.3703125 0.00078125 0.003125 0.0015625
0 0.3609375 0.00078125 0.00625 0.0015625
0 0.3203125 0.0015625 0.0125 0.003125
0 0.29296875 0.00078125 0.0078125 0.0015625
0 0.23125 0.00078125 0.00625 0.0015625
0 0.209375 0.00078125 0.009375 0.0015625
0 0.2046875 0.06484375 0.409375 0.1296875
0 0.04921875 0.17109375 0.0984375 0.2234375
0 0.06484375 0.04453125 0.1296875 0.0890625
0 0.9514979463796521 0.508354870106586 0.0016170637023307677 0.0015806813335455417
0 0.7198412078123975 0.450168010741542 0.4668303798517325 0.17411349339590618
0 0.11484375 0.81875 0.2296875 0.203125
0 0.6379240636175127 0.6762861627545869 0.10283731252120454 0.08241360534690845
0 0.45546875 0.71328125 0.0921875 0.1390625