0 0.029880026205519706 0.3517650207831755 0.003270865640597265 0.0016534282132454337
0 0.09140625 0.059375 0.1828125 0.11875
0 0.07109375 0.3546875 0.1421875 0.309375
0 0.00078125 0.125 0.0015625 0.003125
0 0.05703125 0.09453125 0.1140625 0.1078125
0 0.0671875 0.05546875 0.134375 0.1109375
0 0.03671875 0.15625 0.0734375 0.13125
0 0.8957771655570751 0.03829956584775287 0.0034167312811945296 0.0032159282132454337
0 0.8849435091511019 0.02240178120801679 0.003270865640597265 0.0016534282132453447
0 0.8813599012060246 0.00905233504808276 0.0034167312811945296 0.0032159282132454337
0 0.8827258252908134 0.07375969272821474 0.003270865640597265 0.0016534282132453447
0 0.8769752437600615 0.04554376451496935 0.0035625969217917943 0.004778428213245434
0 0.8751012129779813 0.09223690808847866 0.003270865640597265 0.0016534282132454337
0 0.869214665557075 0.03752667603516731 0.003270865640597265 0.0016534282132453447
0 0.8734027470878267 0.06569714014179003 0.006687596921791971 0.00486935642649069
0 0.8729552504155919 0.08594144398185595 0.003270865640597265 0.0016534282132454337
0 0.8690378891427496 0.05232496192854463 0.0034167312811945296 0.003215928213245345
0 0.8732160709230584 0.10542722987523327 0.003416731281194707 0.003215928213245345
0 0.8636420719630482 0.05294708755536526 0.003270865640597265 0.0016534282132454337
0 0.8606209155570751 0.03727662344874254 0.003270865640597265 0.0016534282132454337
0 0.8575379376036455 0.054327731128874526 0.003270865640597265 0.0016534282132453447
0 0.8521730311976723 0.03858907086231782 0.003270865640597265 0.0016534282132453447
0 0.854579814267528 0.06437032086231782 0.0034167312811945296 0.003215928213245345
0 0.8569544750412563 0.04807773112887452 0.017229522046570623 0.017642141066226812
0 0.8515487581111121 0.07363166059576112 0.0034167312811945296 0.003215928213245345
0 0.65859375 0.09140625 0.4796875 0.1828125
0 0.39140625 0.3953125 0.1046875 0.1875
0 0.2785537011225022 0.9927908375553652 0.003270865640597265 0.0016534282132454337
0 0.27230370112250224 0.9926089811288745 0.003270865640597265 0.0016534282132454337
0 0.03984375 0.728125 0.0796875 0.175
0 0.38359375 0.75859375 0.0890625 0.1953125