0 0.07578125 0.0515625 0.1515625 0.103125
0 0.046875 0.31328125 0.09375 0.1796875
0 0.6742807904115894 0.15545719798476904 0.0033252590992987052 0.0031431807181593998
0 0.6694430960871154 0.1577736769075302 0.0033252590992987052 0.003143180718159222
0 0.670553815550017 0.10385379136891082 0.17649954811738694 0.14628516842151917
0 0.39296875 0.07734375 0.0265625 0.1140625
0 0.0859375 0.740625 0.171875 0.215625
0 0.04765625 0.80546875 0.0953125 0.2046875
0 0.7269621067275736 0.8392105501495095 0.0033252590992987052 0.003143180718159222
0 0.6234375 0.8703125 0.3875 0.259375
0 0.46328125 0.7875 0.1671875 0.34375