0 0.11328125 0.421875 0.2265625 0.175
0 0.071875 0.1015625 0.14375 0.203125
0 0.52972138586032 0.4156098018188391 0.0016352746071058633 0.001571590359079522
0 0.48560116646328194 0.23935182884800632 0.11207196856846861 0.1256181444174139
0 0.801938949961728 0.17190421185254312 0.0016352746071058633 0.001571590359079522
0 0.8192505744449992 0.21944683236404786 0.13489303846084474 0.14605790944452862
0 0.38203125 0.03203125 0.1046875 0.0640625
0 0.86875 0.034375 0.121875 0.06875
0 0.61640625 0.03046875 0.1078125 0.0609375
0 0.09609375 0.80234375 0.1921875 0.2890625
0 0.0859375 0.6453125 0.171875 0.271875
0 0.61640625 0.58671875 0.1734375 0.1546875