0 0.07734375 0.10703125 0.1546875 0.2140625
0 0.33828125 0.19453125 0.2609375 0.2890625
0 0.053125 0.26015625 0.10625 0.1578125
0 0.46953125 0.16640625 0.0015625 0.0015625
0 0.46953125 0.17421875 0.0015625 0.0015625
0 0.4712563026864346 0.186378571545006 0.0016992010367593124 0.0016352746071058633
0 0.46953125 0.18515625 0.0015625 0.0046875
0 0.48848275890699017 0.19651770491961748 0.0016992010367591348 0.0016352746071058633
0 0.46953125 0.1921875 0.0015625 0.00625
0 0.4823694599437494 0.19778910649119408 0.0016992010367593124 0.0016352746071058633
0 0.46953125 0.19375 0.0015625 0.003125
0 0.49976201149888827 0.2009333771693585 0.0033984020735184474 0.0032705492142117267
0 0.46953125 0.20859375 0.0015625 0.0015625
0 0.47265625 0.20234375 0.0078125 0.0140625
0 0.4713731713481012 0.21439440963434722 0.003261701036759224 0.0017080492142117266
0 0.5640625 0.24453125 0.190625 0.1890625
0 0.09460845391148132 0.4232835661683225 0.006523402073518448 0.0034160984284234085
0 0.07677640494824053 0.4240091581866052 0.0016992010367591348 0.0016352746071058633
0 0.12589741013203692 0.43407767100688677 0.003261701036759135 0.0017080492142117266
0 0.13085831220555538 0.4374209948282043 0.0016992010367593124 0.0016352746071058633
0 0.00234375 0.4375 0.0046875 0.0125
0 0.10546875 0.5265625 0.2109375 0.2875
0 0.8197129265318974 0.6077999230738014 0.27751657313879574 0.27279976095825476
0 0.5265625 0.56484375 0.115625 0.2140625
0 0.9296875 0.8796875 0.140625 0.240625
0 0.7375 0.90234375 0.134375 0.1953125
0 0.55234375 0.9078125 0.1671875 0.184375