0 0.10859375 0.39921875 0.2171875 0.1609375
0 0.5724079910465271 0.2613472431542799 0.0016992010367593124 0.0016261669961943781
0 0.09010333897300855 0.2385809748283101 0.0018359020735184473 0.003188666996194378
0 0.1100057358627308 0.23472114577883718 0.0016992010367593124 0.0016261669961943781
0 0.06943952445837898 0.21594197087397743 0.001835902073518536 0.003188666996194378
0 0.12578125 0.1265625 0.2515625 0.253125
0 0.52265625 0.1484375 0.1734375 0.296875
0 0.74609375 0.1 0.2734375 0.2
0 0.4624723737989801 0.8591998113293379 0.0018359020735184473 0.003188666996194378
0 0.46953125 0.83125 0.2796875 0.3375
0 0.1390625 0.578125 0.278125 0.196875
0 0.678125 0.59921875 0.1375 0.2390625