0 0.3416612531249461 0.2623671401323134 0.3312470839044009 0.34372712873234706
0 0.1140625 0.00625 0.103125 0.0125
0 0.7921875 0.06015625 0.146875 0.1203125
0 0.38761922425633805 0.9460098026372309 0.0016535052616717394 0.0016717606436618127
0 0.3702860530402415 0.7722227413731506 0.0032160052616717395 0.0017810212873234476
0 0.34027378739640035 0.9238727226837172 0.003307010523343834 0.0033435212873234475
0 0.3452405504094056 0.7712558210745628 0.007994510523343656 0.003671303218308708
0 0.31981707422810324 0.9114602039942838 0.006432010523343657 0.0035620425746468952
0 0.3359110530402415 0.7698190072125926 0.003307010523343834 0.0033435212873236253
0 0.3001339057840169 0.8857664353048504 0.0033070105233436566 0.0033435212873236253
0 0.3620570531108287 0.8461683397639963 0.16976501038216937 0.16281634629715871
0 0.27071244531714295 0.9464636346844317 0.0016535052616717394 0.0016717606436618127
0 0.2750575820500238 0.831455993718939 0.0032160052616717395 0.0017810212873234476
0 0.16228529528890806 0.9090732593062795 0.001653505261671917 0.0016717606436618127
0 0.1613220347655644 0.9121436289844486 0.003216005261671917 0.0017810212873234476
0 0.15658903213472844 0.9125970970534633 0.001653505261671917 0.0016717606436618127
0 0.18424140820309134 0.6533149322027573 0.18237142619541977 0.1387996920901143
0 0.09962567156903246 0.8670389425943175 0.19229245776545084 0.14883025595208466
0 0.8881553634788807 0.6466214438548251 0.0032160052616717395 0.0017810212873234476
0 0.8797891266330602 0.6421142603146857 0.0016535052616717394 0.0016717606436617237
0 0.876800634525568 0.6395519890273621 0.0016535052616717394 0.0016717606436617237
0 0.8178351582030914 0.6283688345682161 0.0032160052616717395 0.0017810212873234476
0 0.81796875 0.69609375 0.1984375 0.1734375
0 0.75546875 0.51953125 0.0734375 0.0609375