0 0.62265625 0.30840022137991313 0.0015625 0.0016808991701630304
0 0.621875 0.3122472717948316 0.003125 0.001799298340326061
0 0.628125 0.32834586847548375 0.0015625 0.0016808991701630304
0 0.78125 0.296875 0.3125 0.125
0 0.26640625 0.7045433608018138 0.025 0.008144386722608487
0 0.2796875 0.7024247537481996 0.0015625 0.0016808991701630304
0 0.2859375 0.7083671004288516 0.0015625 0.0016808991701630304
0 0.290625 0.7048160479393407 0.003125 0.001799298340326061
0 0.31484375 0.7082137350768676 0.003125 0.001799298340326061
0 0.328125 0.8390625 0.303125 0.321875
0 0.61640625 0.7533342130815434 0.0015625 0.0016808991701630304
0 0.6234375 0.764023259347277 0.0015625 0.0016808991701630304
0 0.7609375 0.6875 0.478125 0.496875