0 0.275 0.3171875 0.00625 0.003125
0 0.2935349813018 0.3087808650689653 0.0033070105233434788 0.0032159282132454337
0 0.27735624445597934 0.3122097419494272 0.0033070105233434788 0.003215928213245345
0 0.2954692076242765 0.3018178112288994 0.0033070105233434788 0.0032159282132454337
0 0.2784182155167844 0.3036614560560499 0.0033070105233434788 0.003215928213245345
0 0.2872702997741211 0.25478368685571995 0.008449536831702886 0.011164820533113406
0 0.28705049189573073 0.23761891890903133 0.003307010523343834 0.003215928213245345
0 0.2902742024331918 0.22601382917558804 0.0033070105233434788 0.003215928213245345
0 0.30691567086316063 0.2171389343484375 0.0033070105233434788 0.003215928213245345
0 0.30546875 0.10546875 0.0265625 0.0546875
0 0.159375 0.16328125 0.31875 0.3109375
0 0.5536365653473752 0.18698214060400833 0.22405766823232484 0.20462061850068453
0 0.71875 0.03828125 0.19375 0.0765625
0 0.14140625 0.56875 0.2828125 0.5
0 0.80078125 0.62421875 0.3703125 0.6109375