0 0.225 0.125 0.45 0.25
0 0.775 0.125 0.45 0.25
0 0.062007850665149175 0.637131869213733 0.0017083656405972648 0.0016626295496493526
0 0.06742467886813568 0.645244757862681 0.0017083656405972648 0.0016626295496493526
0 0.09617516347709554 0.6703844602067195 0.0034167312811945296 0.0033252590992987052
0 0.10064386501619964 0.6683410988556673 0.0034167312811945296 0.0033252590992987052
0 0.11107083527410895 0.6635732557032126 0.0017083656405972648 0.0016626295496493526
0 0.11483121963351159 0.6622610795773359 0.0017083656405972648 0.0016626295496493526
0 0.12313323835231697 0.6596867921004073 0.0017083656405972648 0.0016626295496493526
0 0.13583102578992765 0.6542878932724264 0.0034167312811945296 0.0033252590992987052
0 0.14476842886813568 0.6502011705703223 0.0017083656405972648 0.0016626295496493526
0 0.15753914912604508 0.6455835217423417 0.0034167312811945296 0.0033252590992987052
0 0.16647655220425311 0.6414967990402375 0.00654173128119453 0.003525518198597233
0 0.17775770528246113 0.6375602706626073 0.00810423128119453 0.0036256477482467632
0 0.1862785224621625 0.6373297331856786 0.0017083656405972648 0.0016626295496493526
0 0.23343414247051478 0.610065128774457 0.0017083656405972648 0.0016626295496493526
0 0.2423715455487228 0.6059784060723529 0.0034167312811945296 0.0033252590992986163
0 0.26329841888484024 0.5972239697674434 0.0034167312811945296 0.0033252590992986163
0 0.27301707196304825 0.593187311840164 0.0017083656405972648 0.0016626295496493526
0 0.23359375 0.55390625 0.4328125 0.2859375
0 0.87265625 0.78359375 0.2546875 0.4328125