0 0.5132902888502426 0.10611454362741571 0.003161367591180664 0.0015806807181592219
0 0.5038789212590622 0.10773158578189337 0.003161367591180664 0.0015806807181592219
0 0.11640625 0.1265625 0.2328125 0.253125
0 0.8421757422131245 0.4271138866187739 0.003161367591180486 0.0015806807181593997
0 0.8393598667381592 0.4138508173369332 0.0031977351823609724 0.003143180718159222
0 0.61015625 0.1015625 0.1203125 0.18125
0 0.459375 0.8984375 0.18125 0.203125
0 0.32890625 0.4984375 0.3453125 0.1375
0 0.14202765900687436 0.8948023981298471 0.263811846124028 0.19213399960721667
0 0.02734375 0.46640625 0.0546875 0.0734375
0 0.921875 0.55546875 0.15625 0.2515625
0 0.68671875 0.47265625 0.2734375 0.0859375
0 0.640625 0.63828125 0.18125 0.1109375
0 0.640625 0.93359375 0.18125 0.1328125