0 0.40955850535747756 0.1295461707333887 0.003234127404661713 0.003380091515269079
0 0.0703125 0.16484375 0.140625 0.3296875
0 0.165625 0.259375 0.33125 0.51875
0 0.47578125 0.1015625 0.2140625 0.203125
0 0.746875 0.00703125 0.075 0.0140625
0 0.5083084523701019 0.931873945279196 0.003234127404661713 0.003380091515269079
0 0.5100073616259291 0.9278401495215615 0.003234127404661713 0.003380091515269079
0 0.5887673118034142 0.70250556754919 0.003234127404661713 0.003380091515269079
0 0.5778570936545797 0.7026171378526318 0.004905754809323426 0.00663263727290353
0 0.6074081843987525 0.7041000184575756 0.003234127404661713 0.003380091515269079
0 0.07421875 0.61484375 0.1484375 0.1921875
0 0.53203125 0.6359375 0.3546875 0.234375
0 0.7984375 0.87421875 0.178125 0.2515625
0 0.9109375 0.86171875 0.178125 0.2765625
0 0.75390625 0.5453125 0.0890625 0.053125