0 0.1796875 0.0890625 0.359375 0.178125
0 0.109375 0.2359375 0.21875 0.471875
0 0.3515625 0.359375 0.196875 0.259375
0 0.5796875 0.00078125 0.003125 0.0015625
0 0.5796875 0.0921875 0.259375 0.184375
0 0.84765625 0.18984375 0.3046875 0.3703125
0 0.5109375 0.19453125 0.121875 0.2765625
0 0.159375 0.4921875 0.00625 0.00625
0 0.215625 0.571875 0.365625 0.165625
0 0.09453125 0.59296875 0.1890625 0.2078125
0 0.00078125 0.81640625 0.0015625 0.0078125
0 0.02734375 0.82578125 0.0546875 0.1484375
0 0.13359375 0.82265625 0.2671875 0.3484375
0 0.06953125 0.70078125 0.1390625 0.3828125
0 0.56328125 0.48984375 0.0046875 0.0015625
0 0.571875 0.4921875 0.009375 0.00625
0 0.62734375 0.6015625 0.3546875 0.225
0 0.47890625 0.865625 0.0578125 0.128125