0 0.45 0.05703125 0.175 0.1140625
0 0.64609375 0.2796875 0.2140625 0.559375
0 0.19266045691397968 0.7235092325468344 0.0031704641066227167 0.0016170470779005796
0 0.18062345816762093 0.7123671810047068 0.0016079641066227169 0.0015897735389504674
0 0.16800979790106424 0.708242742693104 0.0031704641066227167 0.0016170470779005796
0 0.22752119022093228 0.713966637173217 0.0016079641066227169 0.0015897735389502898
0 0.2023166017411302 0.7064990105500115 0.0047784282132453445 0.0032068206168510472
0 0.24533081584775288 0.7088115328711458 0.0016079641066227169 0.0015897735389504674
0 0.19583928120801683 0.6985774163942102 0.0016079641066227169 0.0015897735389502898
0 0.22102113763450754 0.7052637930174156 0.00643185642649069 0.006359094155801337
0 0.24055238763450754 0.7056047122542949 0.0016079641066227169 0.0015897735389502898
0 0.20916599531463947 0.7003717414752881 0.0032159282132454337 0.0031795470779005797
0 0.2585666017411302 0.7074808579522237 0.003215928213245345 0.0031795470779005797
0 0.2105921029947714 0.6957115150142383 0.0016079641066227169 0.0015897735389504674
0 0.1964159427282147 0.6915598031636854 0.0016079641066227169 0.0015897735389502898
0 0.21277672862159208 0.6902836753226639 0.0016079641066227169 0.0015897735389502898
0 0.19933635424841264 0.684583100241586 0.0016079641066227169 0.0015897735389504674
0 0.222864782461658 0.688117203325841 0.0031704641066227167 0.0016170470779005796
0 0.2072852465682807 0.6894069679363377 0.017596676959604096 0.014362508928453721
0 0.23136760424841266 0.685142207790068 0.0031704641066227167 0.0016170470779005796
0 0.18984375 0.671875 0.3796875 0.225
0 0.61953125 0.7796875 0.1609375 0.440625