0 0.4368916842758804 0.11477255641498121 0.0017083656405972648 0.0016808991701630304
0 0.3578125 0.13203125 0.184375 0.2640625
0 0.1636556062806898 0.3062076528951406 0.0018542312811945295 0.0032433991701630305
0 0.12990609088964958 0.3323683338088902 0.21602299792002047 0.12031619046151913
0 0.06953125 0.55234375 0.1390625 0.0953125
0 0.0546875 0.2640625 0.109375 0.146875
0 0.4731233386018741 0.38346000497437743 0.007958365640597265 0.0021544958508151525
0 0.48984375 0.40546875 0.0796875 0.0890625
0 0.5734375 0.22109375 0.246875 0.2484375
0 0.13984375 0.678125 0.2796875 0.15625
0 0.48125 0.63515625 0.0625 0.0703125