0 0.5281968556354792 0.38972005560590794 0.001671627404661713 0.0031522735389504673
0 0.54140625 0.42265625 0.0765625 0.1515625
0 0.02890625 0.31640625 0.0578125 0.1359375
0 0.4015625 0.0453125 0.11875 0.090625
0 0.10234375 0.05390625 0.1015625 0.1078125
0 0.61875 0.03671875 0.078125 0.0734375
0 0.11796875 0.93125 0.1578125 0.1375
0 0.54921875 0.79375 0.0609375 0.215625
0 0.03359375 0.578125 0.0671875 0.096875
0 0.378125 0.56640625 0.1375 0.0734375
0 0.0421875 0.5609375 0.084375 0.0625
0 0.60703125 0.94140625 0.0546875 0.1171875
0 0.8500718556354793 0.7240950556059079 0.001671627404661713 0.0031522735389504673
0 0.8918402041842004 0.7577200332847736 0.13174605172143128 0.15064665665497756
0 0.60859375 0.65078125 0.0578125 0.1359375
0 0.7234375 0.565625 0.11875 0.071875
0 0.6046875 0.5609375 0.05 0.0625