0 0.5825837533052597 0.04050134790741335 0.0017080492142117266 0.0031431813335455415
0 0.5796770771265772 0.04522521057450426 0.0032705492142117267 0.0031613626670909055
0 0.5265625 0.13984375 0.165625 0.2796875
0 0.34296875 0.00078125 0.0015625 0.0015625
0 0.38359375 0.11015625 0.2984375 0.2203125
0 0.1266377760503387 0.2537318853039558 0.18413105913900915 0.16455449069063519
0 0.7228277636443419 0.030794919318909743 0.0032705492142117267 0.0031613626670909055
0 0.7167597001621064 0.03477389465309155 0.004978598428423453 0.006304544000636269
0 0.7124360731976358 0.042640938653727825 0.00334332382131759 0.004723862667090728
0 0.796875 0.09921875 0.259375 0.1984375
0 0.84609375 0.10234375 0.3078125 0.2046875
0 0.17834559367091246 0.3949728612746845 0.0031977746071058634 0.0015988626670909057
0 0.16361100558157124 0.3974893339433662 0.009666098428423453 0.006359088001272717
0 0.19453125 0.5390625 0.3890625 0.4
0 0.64375 0.709375 0.06875 0.115625