0 0.04453125 0.3859375 0.0890625 0.0875
0 0.0484375 0.03984375 0.096875 0.0796875
0 0.70390625 0.33671875 0.2703125 0.1859375
0 0.45234375 0.06796875 0.1265625 0.1359375
0 0.1015625 0.78125 0.203125 0.321875
0 0.6257865730491877 0.7509276491738441 0.0031795470779005797 0.003234127404661713
0 0.6196183936660388 0.7553968943645207 0.0031522735389504673 0.0016716274046615354
0 0.6554916639585782 0.7082416413692958 0.4064365551922801 0.3827183077966991
0 0.38984375 0.6515625 0.0015625 0.003125
0 0.38984375 0.6484375 0.0015625 0.00625
0 0.38984375 0.6390625 0.0015625 0.00625
0 0.44609375 0.6171875 0.1140625 0.23125