0 0.22994697831802807 0.5914316113745487 0.0033070105233436566 0.0032159282132454337
0 0.2273302125330125 0.5866759152146146 0.0033070105233436566 0.0032159282132454337
0 0.22030666780880184 0.573212808788124 0.0033070105233436566 0.0032159282132454337
0 0.21925240202378626 0.5685025767348126 0.0033070105233436566 0.0032159282132454337
0 0.2140643730845911 0.5597724344149444 0.003307010523343834 0.0032159282132454337
0 0.2069043204678726 0.5439655779884538 0.0033070105233436566 0.0032159282132454337
0 0.20157978363616974 0.5328916856685858 0.003307010523343834 0.0032159282132454337
0 0.19446523365028714 0.517866079242095 0.003307010523343834 0.0032159282132454337
0 0.18835944681858408 0.5067694548689156 0.003489021046687313 0.0063409282132454335
0 0.18138140472520936 0.4940875984424249 0.005233531570031147 0.00951139231986815
0 0.18157112052434235 0.48395408049573624 0.0033070105233436566 0.0032159282132454337
0 0.14387442847331985 0.4259226201500373 0.0033070105233436566 0.0032159282132454337
0 0.13859539427245285 0.4156299778301692 0.0033070105233436566 0.0032159282132454337
0 0.12611080482403142 0.3887492290838105 0.0033070105233436566 0.0032159282132454337
0 0.12005052062316439 0.37843385471063107 0.0033070105233436566 0.0032159282132454337
0 0.1171875 0.3796875 0.234375 0.478125
0 0.9640790546122698 0.5259132261143096 0.0033070105233436566 0.0032159282132454337
0 0.7109375 0.309375 0.578125 0.61875
0 0.11875 0.809375 0.2375 0.38125
0 0.778125 0.95078125 0.275 0.0984375