0 0.146875 0.26484375 0.29375 0.5296875
0 0.05390625 0.05625 0.1078125 0.1125
0 0.603125 0.26171875 0.128125 0.1703125
0 0.53984375 0.1109375 0.0015625 0.003125
0 0.721875 0.078125 0.26875 0.15625
0 0.59140625 0.065625 0.1046875 0.13125
0 0.2765625 0.64765625 0.41875 0.2359375
0 0.53984375 0.78125 0.0015625 0.003125
0 0.5921875 0.77421875 0.10625 0.2421875
0 0.8450927405961595 0.6500138392306969 0.006750647748246763 0.008286096680652121
0 0.7846954611387953 0.612465372424176 0.0033252590992987052 0.0033617983403260608
0 0.80859375 0.63984375 0.3828125 0.2203125