0 0.05078125 0.21796875 0.1015625 0.2296875
0 0.184375 0.65625 0.18125 0.10625
0 0.57578125 0.56953125 0.1140625 0.2796875
0 0.68203125 0.4296875 0.3265625 0.559375
0 0.16086400217056154 0.9981596368536725 0.0017810212873234476 0.0031795637023307676
0 0.05703125 0.8546875 0.1140625 0.290625
0 0.0859375 0.8546875 0.171875 0.290625
0 0.20703125 0.97578125 0.1734375 0.0484375
0 0.7875 0.71015625 0.003125 0.0015625
0 0.8015625 0.71015625 0.003125 0.0015625
0 0.8140625 0.71015625 0.003125 0.0015625
0 0.74921875 0.71015625 0.0015625 0.0015625
0 0.77734375 0.71015625 0.0046875 0.0015625
0 0.73046875 0.71015625 0.0015625 0.0015625
0 0.78359375 0.71015625 0.0015625 0.0015625
0 0.75703125 0.7109375 0.0046875 0.003125
0 0.73515625 0.71015625 0.0015625 0.0015625
0 0.76875 0.71015625 0.003125 0.0015625
0 0.715625 0.71015625 0.003125 0.0015625
0 0.76796875 0.71015625 0.0015625 0.0015625
0 0.78359375 0.71015625 0.0015625 0.0015625
0 0.76640625 0.71015625 0.0015625 0.0015625
0 0.78046875 0.71015625 0.0015625 0.0015625
0 0.7546875 0.71015625 0.003125 0.0015625
0 0.77265625 0.71328125 0.0203125 0.0078125
0 0.7453125 0.71015625 0.003125 0.0015625
0 0.78828125 0.8546875 0.3984375 0.290625