0 0.17421875 0.6609375 0.3484375 0.2375
0 0.0546875 0.21796875 0.109375 0.2140625
0 0.98515625 0.52734375 0.0296875 0.1859375
0 0.95234375 0.2671875 0.0953125 0.18125
0 0.715679466350991 0.3947712301458958 0.2773795365775776 0.18602750702931345
0 0.46796875 0.63125 0.2359375 0.296875
0 0.44375 0.17421875 0.1875 0.2890625
0 0.06796875 0.8265625 0.1359375 0.09375
0 0.0953125 0.88984375 0.190625 0.2203125
0 0.7015625 0.8140625 0.328125 0.06875
0 0.35078125 0.91171875 0.0015625 0.0015625
0 0.61484375 0.95390625 0.5296875 0.0921875
0 0.396875 0.88046875 0.09375 0.2015625