0 0.40234375 0.0859375 0.1734375 0.171875
0 0.14407980996214942 0.22078384947612645 0.003280040204763068 0.0017810212873234476
0 0.13477023211216005 0.2379549239817586 0.003280040204763068 0.0017810212873234476
0 0.19879038927886175 0.28854514984444346 0.2718606688715699 0.23779420298587758
0 0.06328125 0.01328125 0.1265625 0.0265625
0 0.0375 0.1515625 0.075 0.121875
0 0.04765625 0.4078125 0.0953125 0.18125
0 0.8830356615668702 0.06382401927051111 0.003280040204762891 0.0017810212873234476
0 0.8656931213621073 0.06346338635079016 0.003280040204763068 0.0017810212873234476
0 0.57578125 0.225 0.1734375 0.4375
0 0.40625 0.89921875 0.165625 0.2015625
0 0.12578125 0.63515625 0.1796875 0.1109375
0 0.609375 0.7328125 0.240625 0.30625