0 0.5203125 0.06328125 0.31875 0.1265625
0 0.4 0.1703125 0.559375 0.30625
0 0.68046875 0.578125 0.0015625 0.003125
0 0.68046875 0.57265625 0.0015625 0.0015625
0 0.830447253307355 0.24369991499079804 0.0034350804095257814 0.0031977351823611498
0 0.875 0.17890625 0.25 0.1765625
0 0.1203125 0.85546875 0.240625 0.1671875
0 0.5258482547740778 0.8898670533835411 0.17633487208101162 0.09607883225631966
0 0.58671875 0.9828125 0.1828125 0.034375
0 0.65703125 0.8234375 0.0453125 0.15625
0 0.85859375 0.92265625 0.2828125 0.1546875