0 0.8569815038451871 0.07698483525623079 0.02853443577564878 0.008139764003817973
0 0.8720299717330116 0.07290586258754912 0.003206887155129756 0.0015988626670909057
0 0.8770892859573628 0.08065472792014003 0.003206887155129756 0.0015988626670909057
0 0.882844641000317 0.075122343252731 0.003206887155129756 0.0015988626670909057
0 0.9108058666900576 0.07792007924891298 0.003206887155129756 0.0015988626670909057
0 0.85234375 0.30234375 0.2953125 0.5203125
0 0.00078125 0.92890625 0.0015625 0.0015625
0 0.0875 0.915625 0.175 0.16875
0 0.1390625 0.71953125 0.278125 0.2609375
0 0.8680916649718922 0.9623303472310957 0.003206887155129756 0.001598862667090728
0 0.8856509791962435 0.969933761895323 0.0032887743102595125 0.0031613626670909055
0 0.9615583819552054 0.9815428765515962 0.0032068871551295787 0.001598862667090728
0 0.78203125 0.8359375 0.4359375 0.328125