0 0.2238644177925452 0.11550305281483775 0.0016626295496493526 0.0016261669961943781
0 0.1996456677925452 0.11648989125585078 0.0016626295496493526 0.0016261669961943781
0 0.18495211211701915 0.11943847771969755 0.0033252590992987052 0.0032523339923887563
0 0.153125 0.0890625 0.30625 0.178125
0 0.9540492589424151 0.11522582159791805 0.0016626295496493526 0.0016261669961943781
0 0.7953125 0.16484375 0.409375 0.2546875
0 0.553125 0.57421875 0.071875 0.0890625
0 0.42343362121631783 0.8564026254385201 0.0016626295496493526 0.0016261669961943781
0 0.46401785085825226 0.8907802840317574 0.13473355027685513 0.10834569368794007
0 0.23515625 0.37421875 0.1203125 0.0484375
0 0.0578125 0.790625 0.115625 0.096875
0 0.0359375 0.509375 0.071875 0.084375
0 0.8233892581672227 0.9609734258190809 0.0016626295496493526 0.0016261669961942006
0 0.7973276920081223 0.4442806743362061 0.19042234577334832 0.12619903855474385
0 0.734375 0.92421875 0.2 0.1515625
0 0.625 0.37734375 0.071875 0.0546875
0 0.621875 0.76796875 0.065625 0.1140625
0 0.6171875 0.4515625 0.05625 0.08125