0 0.10473853873663215 0.09476063822973994 0.003143180718159222 0.003215928213245345
0 0.1281624031980127 0.09173492663039973 0.004705680718159222 0.003261392319868062
0 0.159375 0.28046875 0.31875 0.4765625
0 0.0890625 0.3296875 0.178125 0.378125
0 0.4796875 0.16875 0.321875 0.3375
0 0.3796875 0.39296875 0.121875 0.2515625
0 0.7125 0.3609375 0.29375 0.315625
0 0.05546875 0.62734375 0.1109375 0.2171875
0 0.05859375 0.89453125 0.1171875 0.2109375
0 0.39375 0.8234375 0.15 0.353125
0 0.77265625 0.92265625 0.1296875 0.1546875