0 0.17544291599376366 0.46435495413308914 0.0031795470779005797 0.003143180718159222
0 0.1708372366106147 0.4596401830558503 0.0031795470779005797 0.003143180718159222
0 0.16545030722746573 0.4549208667990716 0.0016170470779005796 0.0031340903590797
0 0.16083099107484156 0.4509873457218328 0.0016170470779005796 0.003134090359079522
0 0.15621167492221738 0.44705382464459387 0.0016170470779005796 0.003134090359079522
0 0.15240088230854365 0.4415623487468949 0.0016170470779005796 0.003134090359079522
0 0.14778156615591947 0.43762882766965594 0.0016170470779005796 0.003134090359079522
0 0.14316225000329527 0.43369530659241723 0.0016170470779005796 0.003134090359079522
0 0.22316339570122423 0.41619016490547767 0.1975682954530477 0.21987720452587264
0 0.5581718210271834 0.3475356136758137 0.0016170470779005796 0.003134090359079522
0 0.57265625 0.23515625 0.2453125 0.2609375
0 0.36171875 0.77890625 0.1765625 0.2453125
0 0.06484375 0.74375 0.1296875 0.2125
0 0.621875 0.7796875 0.34375 0.421875