0 0.50703125 0.05625 0.1640625 0.1125
0 0.8620651412944687 0.1526816559284873 0.0016717606436618127 0.001571590359079522
0 0.8658075003289761 0.15504813182618626 0.0016717606436618127 0.001571590359079522
0 0.4325465221205027 0.7028412580932276 0.19635011213660042 0.12765334308955403
0 0.49296875 0.40859375 0.1921875 0.1984375
0 0.5921875 0.6640625 0.00625 0.003125
0 0.66484375 0.621875 0.1515625 0.325
0 0.8945602030627523 0.7492673270804808 0.008031021287323447 0.003170451795397966
0 0.9053666630859952 0.7735587999531177 0.14808757475773363 0.08520222267624522
0 0.853125 0.58515625 0.29375 0.2328125
0 0.81640625 0.9703125 0.3671875 0.059375