0 0.61171875 0.0671875 0.2359375 0.134375
0 0.4953125 0.32421875 0.321875 0.2296875
0 0.3015625 0.04765625 0.24375 0.0953125
0 0.0671875 0.4 0.134375 0.078125
0 0.8954489754900468 0.35118983790954045 0.18361608656782166 0.11982170456235508
0 0.81171875 0.06640625 0.1640625 0.1328125
0 0.646875 0.43984375 0.003125 0.0015625
0 0.64921875 0.440625 0.0109375 0.003125
0 0.60234375 0.52421875 0.2546875 0.1703125
0 0.1375 0.46171875 0.1125 0.0453125
0 0.119938087918584 0.7729706319014917 0.09557044954451306 0.1006313527754692
0 0.93359375 0.89765625 0.1328125 0.2046875
0 0.828125 0.53828125 0.196875 0.1984375
0 0.753125 0.721875 0.046875 0.08125