0 0.0546875 0.20625 0.109375 0.146875
0 0.05234375 0.45234375 0.1046875 0.2328125
0 0.2965638442679045 0.7199225918638732 0.0015715903590796999 0.0016261669961943781
0 0.3020416846269841 0.7181372573771927 0.001571590359079611 0.0016261669961943781
0 0.34609375 0.7671875 0.2859375 0.284375
0 0.86171875 0.9078125 0.2515625 0.184375
0 0.665625 0.28046875 0.003125 0.0015625
0 0.6671875 0.28046875 0.003125 0.0015625
0 0.7712654250608185 0.2832582385941124 0.001571590359079522 0.0016261669961943781
0 0.7946892895221991 0.28464698365119656 0.001571590359079522 0.0016261669961943781
0 0.79609375 0.3421875 0.3015625 0.125