0 0.084375 0.309375 0.16875 0.171875
0 0.1578125 0.14921875 0.315625 0.2984375
0 0.6796875 0.34765625 0.08125 0.1421875
0 0.71484375 0.48359375 0.1515625 0.2734375
0 0.5495994574909236 0.7262496294501792 0.009693334980971713 0.008249147642635134
0 0.5319808759699928 0.7184927874318966 0.004878500988583312 0.00490582382131759
0 0.5286967084795066 0.7225445866461083 0.004878500988583312 0.00490582382131759
0 0.5151117109509645 0.7114808081100611 0.0016261669961942006 0.0016352746071058633
0 0.5188269599623814 0.7159863715922964 0.0032523339923887563 0.0032705492142117267
0 0.4218564594680899 0.7228421472328596 0.00975700197716627 0.00981164764263518
0 0.41001037547570107 0.7265129567861536 0.004878500988583135 0.00490582382131759
0 0.4020705414833123 0.7300018298216828 0.006441000988583134 0.004978598428423409
0 0.3610953730042431 0.7404877196064351 0.014508168973360824 0.01159247146395268
0 0.33427820501946554 0.7479748879272347 0.008067167984777513 0.006613873035529317
0 0.3225912885175628 0.7477394474805286 0.0016261669961945557 0.0016352746071058633
0 0.324648537034688 0.7546615355698698 0.0016261669961943781 0.0016352746071058633
0 0.2798798650955778 0.7816992245688338 0.006441000988583312 0.004978598428423453
0 0.2634417815974805 0.7832446079434453 0.0016261669961943781 0.0016352746071058633
0 0.26280511163553655 0.7988696079434453 0.011255834980972068 0.008321922249740954
0 0.30078125 0.84453125 0.6015625 0.3109375
0 0.0390625 0.8875 0.078125 0.225
0 0.6840302183281575 0.7901196542621729 0.004942167984777512 0.00646832382131759
0 0.6668745518262545 0.7901389249403373 0.0032523339923887563 0.0032705492142117267
0 0.72734375 0.871875 0.1765625 0.25625
0 0.740625 0.771875 0.203125 0.165625
0 0.6984375 0.92578125 0.11875 0.1484375