0 0.3546875 0.140625 0.35 0.28125
0 0.66484375 0.00625 0.0140625 0.0125
0 0.659375 0.00078125 0.003125 0.0015625
0 0.65 0.00078125 0.003125 0.0015625
0 0.67421875 0.15859375 0.2890625 0.3171875
0 0.53515625 0.0125 0.0109375 0.025
0 0.5234906222600206 0.9282219274347228 0.003143180718159222 0.0031613626670910834
0 0.45234375 0.78203125 0.1546875 0.3703125
0 0.3875 0.61328125 0.284375 0.1890625
0 0.09453125 0.6546875 0.1890625 0.271875
0 0.8765625 0.67421875 0.246875 0.3109375
0 0.53203125 0.5296875 0.0046875 0.021875
0 0.5328125 0.52265625 0.00625 0.0078125