0 0.72890625 0.3140625 0.0609375 0.103125
0 0.3771506554371616 0.062614124699261 0.12680005357072233 0.1125969336130419
0 0.22734375 0.5453125 0.1390625 0.0875
0 0.1613286067344078 0.2584790412913561 0.12027731818121908 0.09649833693238988
0 0.9296875 0.27421875 0.140625 0.2328125
0 0.89765625 0.04296875 0.2046875 0.0859375
0 0.6217145020252997 0.7350848110115953 0.00315227353895029 0.001799298340326061
0 0.5953125 0.58984375 0.003125 0.0015625
0 0.5951247284863493 0.7315095251188239 0.00786704707790058 0.0037169958508151526
0 0.5734375 0.58984375 0.00625 0.0015625
0 0.5857633652558244 0.7315803800978458 0.0031795470779005797 0.0033617983403260608
0 0.5515502321397973 0.6041531971095038 0.0031795470779005797 0.0033617983403260608
0 0.615625 0.665625 0.175 0.153125
0 0.5228173060030592 0.6565911128764064 0.0031522735389504673 0.001799298340326061
0 0.41820944682972405 0.8320153201351577 0.18987279788867967 0.15014540041956295
0 0.3375 0.63125 0.2 0.084375
0 0.8625 0.76171875 0.20625 0.3453125