0 0.2328125 0.00078125 0.003125 0.0015625
0 0.22890625 0.00078125 0.0046875 0.0015625
0 0.2078125 0.00078125 0.00625 0.0015625
0 0.20859375 0.00078125 0.0046875 0.0015625
0 0.11953125 0.1 0.2390625 0.2
0 0.11953125 0.15 0.2390625 0.3
0 0.32109375 0.07265625 0.1640625 0.1453125
0 0.013828886976098787 0.7780667198110321 0.004823892319868151 0.004878500988583135
0 0.006039119029410056 0.7776038047920041 0.0032159282132454337 0.0032523339923887563
0 0.11953125 0.77890625 0.2390625 0.4421875
0 0.071875 0.93828125 0.14375 0.1234375
0 0.11953125 0.515625 0.2390625 0.371875
0 0.8615640418323791 0.8793586698875819 0.006386392319867973 0.004942167984777512
0 0.57890625 0.909375 0.6796875 0.18125