0 0.59375 0.340625 0.25 0.21875
0 0.38146248788898107 0.16574004731464081 0.283259433741944 0.2216903589277141
0 0.2958352205941659 0.35792570208388125 0.22622889227157383 0.1552831863123343
0 0.79375 0.2203125 0.15 0.359375
0 0.321875 0.5296875 0.309375 0.159375
0 0.41171875 0.82734375 0.6140625 0.3453125
0 0.8861361747884711 0.7402655280186089 0.16515469123481452 0.14910311867597628
0 0.8609375 0.503125 0.225 0.10625
0 0.71953125 0.54375 0.0015625 0.003125
0 0.778125 0.9546875 0.11875 0.090625
0 0.79375 0.5390625 0.15 0.178125