0 0.5085742477281976 0.42754395163378656 0.0032705492142117267 0.0032523339923887563
0 0.5039231350317506 0.4265717006452034 0.0032705492142117267 0.0032523339923887563
0 0.49126046919215033 0.4127492811775511 0.0032705492142117267 0.0032523339923887563
0 0.4828125 0.25390625 0.19375 0.3921875
0 0.84921875 0.3140625 0.2953125 0.271875
0 0.7328125 0.09453125 0.30625 0.1890625
0 0.15703125 0.89609375 0.3140625 0.2078125
0 0.25703125 0.63671875 0.5140625 0.3734375
0 0.67421875 0.7609375 0.1890625 0.478125
0 0.78671875 0.89140625 0.2296875 0.2171875
0 0.765625 0.51640625 0.21875 0.1328125