0 0.3390625 0.3125 0.2 0.221875
0 0.32578125 0.04296875 0.2265625 0.0859375
0 0.35375816471022625 0.765158853437268 0.0033252590992987052 0.0031613626670909055
0 0.3600081647102263 0.7652315787714496 0.0033252590992987052 0.0031613626670909055
0 0.3639144147102261 0.7652770321053134 0.0033252590992987052 0.0031613626670909055
0 0.3701644147102261 0.7653497574394951 0.0033252590992987052 0.0031613626670909055
0 0.3756331647102261 0.7654133921069042 0.0033252590992987052 0.003161362667090728
0 0.37127633173680435 0.7583366887730405 0.0033252590992987052 0.0031613626670909055
0 0.3795394147102261 0.7654588454407678 0.0033252590992987052 0.0031613626670909055
0 0.3857894147102261 0.7655315707749495 0.0033252590992987052 0.0031613626670909055
0 0.3904769147102261 0.7655861147755859 0.0033252590992987052 0.0031613626670909055
0 0.39295107263750567 0.7554662274426768 0.0033252590992987052 0.0031613626670909055
0 0.4014144147102261 0.765713384110404 0.0033252590992987052 0.003161362667090728
0 0.4061519794850508 0.7665491781110403 0.0033252590992987052 0.0031613626670909055
0 0.4123519147102261 0.7658406534452221 0.0033252590992987052 0.0031613626670909055
0 0.40333786011443423 0.7469997467774949 0.011438147748246762 0.00793976933481808
0 0.4170394147102261 0.7658951974458585 0.0033252590992987052 0.003161362667090728
0 0.21953125 0.77109375 0.4390625 0.4578125