0 0.5125 0.4109375 0.134375 0.20625
0 0.45859375 0.090625 0.2421875 0.18125
0 0.21877526301468703 0.29551568772751347 0.16500936379145842 0.11917560694082034
0 0.21834211797243022 0.14657008933666776 0.17565722948277793 0.17451867080279088
0 0.10703125 0.021875 0.1203125 0.04375
0 0.05390625 0.3078125 0.1078125 0.1875
0 0.8966612608304855 0.39153448398533125 0.18971972948277802 0.17550201659574646
0 0.63203125 0.0390625 0.1046875 0.078125
0 0.65546875 0.2734375 0.1515625 0.2625
0 0.6171875 0.240625 0.075 0.159375
0 0.07109375 0.61796875 0.1421875 0.0359375
0 0.03125 0.69140625 0.0625 0.1828125
0 0.86953125 0.6484375 0.1546875 0.096875
0 0.7515625 0.7390625 0.19375 0.278125
0 0.62734375 0.88359375 0.0953125 0.2140625
0 0.61796875 0.65 0.0765625 0.1