0 0.03671875 0.06484375 0.0734375 0.1296875
0 0.09453125 0.22265625 0.1890625 0.1546875
0 0.38984375 0.07421875 0.2203125 0.1484375
0 0.86796875 0.2359375 0.2015625 0.128125
0 0.00078125 0.72578125 0.0015625 0.0046875
0 0.08515625 0.82578125 0.1703125 0.3234375
0 0.15390625 0.47734375 0.3078125 0.3546875
0 0.25274808806342614 0.7064710280423255 0.1873750892845374 0.17723976458147633
0 0.39609375 0.4375 0.2078125 0.215625
0 0.50078125 0.903125 0.0015625 0.003125
0 0.59609375 0.8734375 0.1921875 0.253125
0 0.7672610068965635 0.5530959754559007 0.42063542288703193 0.38861048825501054
0 0.7765625 0.9625 0.315625 0.075