0 0.01953125 0.4125 0.0390625 0.1125
0 0.8390625 0.10703125 0.321875 0.2140625
0 0.5735254210537978 0.3394144703083219 0.003134090359079522 0.0016534282132454337
0 0.569732800542293 0.3588320600417651 0.003134090359079522 0.0016534282132454337
0 0.65546875 0.3640625 0.2515625 0.209375
0 0.58203125 0.0671875 0.1046875 0.134375
0 0.56328125 0.3671875 0.0671875 0.134375
0 0.4515625 0.64140625 0.15625 0.3453125
0 0.0765625 0.66875 0.153125 0.265625
0 0.7299521621750031 0.7366053705457487 0.003134090359079522 0.0016534282132454337
0 0.7135686380727021 0.7400342474262105 0.003134090359079522 0.0016534282132453447
0 0.57421875 0.5375 0.0890625 0.11875
0 0.6125 0.88671875 0.165625 0.2265625