0 0.234375 0.12734375 0.36875 0.2546875
0 0.8203125 0.12265625 0.359375 0.2453125
0 0.2596328833102935 0.4698413402808367 0.003234127404661713 0.003234127404661713
0 0.26370282441728604 0.46529024953666387 0.003234127404661713 0.003234127404661713
0 0.26860857922660947 0.45920394064365644 0.0031795637023307676 0.001671627404661713
0 0.27270580218476753 0.4538715998994835 0.0031795637023307676 0.001671627404661713
0 0.27599449329176 0.4492932273041452 0.0031795637023307676 0.001671627404661713
0 0.28090024810108344 0.4432069184111379 0.0031795637023307676 0.001671627404661713
0 0.2841889392080761 0.4386285458157996 0.0031795637023307676 0.001671627404661713
0 0.28828616216623393 0.4332962050716267 0.0031795637023307676 0.001671627404661713
0 0.30234375 0.51484375 0.2328125 0.2328125
0 0.88671875 0.49375 0.2265625 0.290625