0 0.05188756208994767 0.4106620245374021 0.0017175402047628907 0.0016443871551295786
0 0.078125 0.41640625 0.15625 0.1671875
0 0.1671875 0.071875 0.334375 0.14375
0 0.6534406633496735 0.22302922772590544 0.19569293494769227 0.1237251843053107
0 0.68125 0.0625 0.240625 0.125
0 0.23515625 0.91328125 0.4328125 0.1734375
0 0.1677648519497157 0.5566738873822723 0.17070503290006317 0.10687187697836435
0 0.05 0.6328125 0.1 0.153125
0 0.803251562463857 0.9817403279076196 0.0034350804095257814 0.0032887743102595125
0 0.8071517634876715 0.9737640535973601 0.013120160819051563 0.0069050972410380496
0 0.80703125 0.896875 0.3859375 0.20625
0 0.49453125 0.659375 0.0515625 0.103125
0 0.49140625 0.52890625 0.0453125 0.0578125