0 0.359375 0.58046875 0.0015625 0.0015625
0 0.3671875 0.57890625 0.0015625 0.0015625
0 0.396875 0.56015625 0.003125 0.0015625
0 0.396875 0.55546875 0.0015625 0.00390625
0 0.3953125 0.54375 0.0015625 0.0015625
0 0.3953125 0.53984375 0.0015625 0.0015625
0 0.39375 0.53046875 0.0015625 0.0015625
0 0.3921875 0.51640625 0.0015625 0.00390625
0 0.390625 0.50625 0.0015625 0.0015625
0 0.38984375 0.49296875 0.0015625 0.00390625
0 0.38828125 0.48203125 0.0015625 0.00546875
0 0.38671875 0.4703125 0.0015625 0.00703125
0 0.38984375 0.46171875 0.0015625 0.0015625
0 0.37578125 0.40625 0.0015625 0.0015625
0 0.37421875 0.39609375 0.0015625 0.00390625
0 0.371875 0.371875 0.0015625 0.00390625
0 0.3703125 0.36171875 0.0015625 0.0015625
0 0.33046875 0.36796875 0.13046875 0.41328125