0 0.00078125 0.45625 0.0015625 0.003125
0 0.184375 0.09375 0.36875 0.1875
0 0.26953125 0.26015625 0.5390625 0.5171875
0 0.046875 0.48671875 0.09375 0.2265625
0 0.8609375 0.1734375 0.278125 0.215625
0 0.65859375 0.084375 0.2390625 0.16875
0 0.63046875 0.365625 0.1828125 0.328125
0 0.37734375 0.95546875 0.2109375 0.0890625
0 0.00078125 0.83515625 0.0015625 0.0046875
0 0.12265625 0.840625 0.2453125 0.31875
0 0.76640625 0.746875 0.3359375 0.175
0 0.615625 0.72578125 0.153125 0.1328125
0 0.59921875 0.70625 0.1203125 0.09375
0 0.6265625 0.8671875 0.175 0.265625