0 0.3577139184743359 0.47393273211516973 0.0016443871551297562 0.0016626295496493526
0 0.03984375 0.5625 0.0796875 0.175
0 0.2953125 0.3578125 0.146875 0.259375
0 0.02265625 0.209375 0.0453125 0.159375
0 0.1429023094746528 0.15925537014580887 0.14856805404758583 0.1605741594684389
0 0.33984375 0.028125 0.0578125 0.05625
0 0.0375 0.05078125 0.075 0.1015625
0 0.928125 0.5828125 0.14375 0.134375
0 0.6512415111928181 0.4264009022240668 0.14124687697836436 0.16944851172019232
0 0.5541662788328152 0.03990100015688351 0.0032887743102595125 0.003325259099298661
0 0.54296875 0.1265625 0.2234375 0.253125
0 0.24921875 0.67421875 0.0640625 0.0484375
0 0.33203125 0.68984375 0.0734375 0.0796875
0 0.7 0.71015625 0.321875 0.1203125