0 0.003125 0.996875 0.003125 0.0015625
0 0.00625 0.9953125 0.0015625 0.0015625
0 0.0015625 0.98984375 0.003125 0.0015625
0 0.0078125 0.9859375 0.0015625 0.0015625
0 0.0109375 0.98359375 0.003125 0.00390625
0 0.00703125 0.98203125 0.003125 0.0015625
0 0.01484375 0.98046875 0.0015625 0.0015625
0 0.0203125 0.9703125 0.0015625 0.00390625
0 0.0171875 0.965625 0.0015625 0.0015625
0 0.00390625 0.96640625 0.003125 0.00703125
0 0.0078125 0.95703125 0.00390625 0.00390625
0 0.0171875 0.953125 0.00390625 0.0015625
0 0.00078125 0.95390625 0.0015625 0.00390625
0 0.003125 0.946875 0.003125 0.0015625
0 0.0109375 0.94296875 0.0109375 0.00703125
0 0.85234375 0.18828125 0.209375 0.16875