0 0.2816347776183424 0.10734557982168277 0.13661927693097126 0.12351889081820958
0 0.03515625 0.0328125 0.0703125 0.065625
0 0.03359375 0.25078125 0.0671875 0.1171875
0 0.7953125 0.00078125 0.003125 0.0015625
0 0.675 0.13984375 0.4125 0.2796875
0 0.40234375 0.73984375 0.1328125 0.3203125
0 0.07265625 0.8046875 0.1453125 0.28125
0 0.00234375 0.371875 0.0046875 0.00625
0 0.928125 0.36953125 0.003125 0.0015625
0 0.8238409792173489 0.4229471168347855 0.003143180718159222 0.0032705492142117267
0 0.7265625 0.48125 0.515625 0.225
0 0.5203125 0.6625 0.103125 0.23125
0 0.5390625 0.9359375 0.140625 0.128125