0 0.1 0.065625 0.2 0.13125
0 0.07421875 0.26640625 0.1484375 0.1859375
0 0.146875 0.04609375 0.228125 0.0921875
0 0.718239377249 0.10101863234970887 0.17559087334017515 0.1148232070582587
0 0.73828125 0.33203125 0.2015625 0.0546875
0 0.87734375 0.046875 0.2453125 0.09375
0 0.12578125 0.4078125 0.2515625 0.096875
0 0.14140625 0.8296875 0.2828125 0.265625
0 0.5752978983262389 0.5611166053800072 0.3108839996072167 0.2828180356922788
0 0.92109375 0.40859375 0.1578125 0.0984375
0 0.83359375 0.87890625 0.3265625 0.2421875