0 0.04453125 0.421875 0.0890625 0.175
0 0.0671875 0.03781291406745144 0.0046875 0.004742044000636314
0 0.07890625 0.128125 0.1578125 0.25625
0 0.72734375 0.05 0.1515625 0.1
0 0.56875 0.06640625 0.1375 0.1328125
0 0.07421875 0.9140625 0.1484375 0.171875
0 0.0546875 0.68203125 0.109375 0.2796875
0 0.11484375 0.7002129167329515 0.1546875 0.22054995202099903
0 0.40078125 0.690625 0.1984375 0.3625
0 0.565625 0.8859375 0.13125 0.228125
0 0.8921875 0.88046875 0.215625 0.2390625
0 0.55234375 0.56875 0.1046875 0.11875