0 0.403125 0.1453125 0.509375 0.290625
0 0.7825048690127294 0.42738205976269095 0.0032523339923887563 0.0032705492142117267
0 0.7883556209898958 0.4177523486378204 0.0032523339923887563 0.0032705492142117267
0 0.7959598739556453 0.40336236290584404 0.0032523339923887563 0.0032705492142117267
0 0.801093042929006 0.39220653908452646 0.0032523339923887563 0.0032705492142117267
0 0.8087291293928527 0.37703530335255014 0.0032523339923887563 0.0032705492142117267
0 0.8146117148681163 0.36662434222767964 0.0033796679847775124 0.006395549214211727
0 0.8205898008376714 0.3538696311028091 0.005069501977166269 0.00959332382131759
0 0.8217530528148377 0.34445824379925616 0.0032523339923887563 0.0032705492142117267
0 0.8591694811797386 0.28735206513937445 0.0032523339923887563 0.0032705492142117267
0 0.8650839001530993 0.27615985401450394 0.0032523339923887563 0.0032705492142117267
0 0.8778213220922098 0.25061404446120994 0.0032523339923887563 0.0032705492142117267
0 0.8837039075674731 0.2402030833363394 0.0032523339923887563 0.0032705492142117267
0 0.8828125 0.21640625 0.234375 0.4265625
0 0.39453125 0.71484375 0.5703125 0.5703125
0 0.9109375 0.60859375 0.178125 0.3578125