0 0.14037193318883467 0.10350843570491261 0.0033617983403260608 0.0032523339923887563
0 0.12971877572030185 0.08992343817637058 0.0032433991701630305 0.0016898339923887562
0 0.12838141866668754 0.07673768867066215 0.0033617983403260608 0.0032523339923887563
0 0.12190535310492212 0.14164510566685654 0.0032433991701630305 0.0016898339923887562
0 0.11928983858277498 0.11449235665543966 0.0034801975104890915 0.004814833992388756
0 0.11339411347788424 0.16146285714973133 0.0032433991701630305 0.0016898339923887562
0 0.11285058443359013 0.10696635813831445 0.0032433991701630305 0.0016898339923887562
0 0.11462564937065567 0.13493219064782852 0.006605197510489091 0.004942167984777512
0 0.11152396015853636 0.1553083576440229 0.0032433991701630305 0.0016898339923887562
0 0.11172579231704134 0.12181010813831446 0.0033617983403260608 0.0032523339923887563
0 0.11004397053149857 0.1748396076440229 0.0033617983403260608 0.0032523339923887563
0 0.10619784273195991 0.12281419262499486 0.0032433991701630305 0.0016898339923887562
0 0.10419763484850861 0.10809777661738362 0.0032433991701630305 0.0016898339923887562
0 0.09977024397671537 0.12541261060977238 0.0032433991701630305 0.0016898339923887562
0 0.09626673567834558 0.1099786115983556 0.0032433991701630305 0.0016898339923887562
0 0.09587564937065567 0.13569619460216117 0.0033617983403260608 0.0032523339923887563
0 0.1002438406573674 0.11916261060977237 0.018608290041956365 0.019450336958138338
0 0.09047775434967757 0.14526219559074435 0.0033617983403260608 0.0032523339923887563
0 0.1203125 0.14453125 0.240625 0.2890625
0 0.11015625 0.44765625 0.2203125 0.0953125
0 0.134375 0.6828125 0.26875 0.365625
0 0.08984375 0.85703125 0.1796875 0.2859375
0 0.0421875 0.5 0.084375 0.14375
0 0.3734375 0.78046875 0.209375 0.3046875