0 0.0828125 0.19609375 0.165625 0.2265625
0 0.3931395894745142 0.6979854333702488 0.003161367591180664 0.0017627590992987051
0 0.39635550845246553 0.7020919424695474 0.003161367591180664 0.0017627590992987051
0 0.393648735751042 0.7198604333702487 0.003161367591180486 0.0017627590992987051
0 0.23534657969086847 0.7557409693060181 0.3864155043684029 0.31339398056478507
0 0.875 0.571875 0.25 0.265625
0 0.56875 0.43984375 0.003125 0.0015625
0 0.546875 0.43984375 0.00625 0.0015625
0 0.546875 0.43984375 0.003125 0.0015625
0 0.65546875 0.54375 0.2328125 0.209375
0 0.6578125 0.87109375 0.2375 0.2578125