0 0.19823162422684812 0.09644790056589762 0.0016900457576345396 0.0015897735389504674
0 0.2583405925540392 0.26101100689656354 0.0032525457576345397 0.0016170470779005796
0 0.25078266831749274 0.10440645089020908 0.003380091515269079 0.0031795470779005797
0 0.28313329846339463 0.25440249675029386 0.008195137272903618 0.004823867694751627
0 0.2746825539234064 0.10873544074393937 0.006632637272903618 0.004796594155801514
0 0.2926358442210292 0.25300363798399594 0.003380091515269079 0.0031795470779005797
0 0.3004319819529747 0.12874397767557041 0.003380091515269079 0.0031795470779005797
0 0.2480565389204969 0.18572463473758508 0.18877494182452975 0.17180463636243815
0 0.3147015181677116 0.05936273213979724 0.0016900457576344507 0.0015897735389503787
0 0.3391119736180249 0.1724491132272295 0.0032525457576344508 0.0016170470779005796
0 0.4318890181677116 0.06140824756107275 0.0016900457576344507 0.0015897735389502898
0 0.43286158680416326 0.05907813433054789 0.0032525457576344508 0.0016170470779006685
0 0.4377404054406151 0.05681620494739894 0.0016900457576344507 0.0015897735389502898
0 0.42578125 0.31796875 0.1078125 0.1484375
0 0.43828125 0.08203125 0.0828125 0.1578125
0 0.5154348418051331 0.11525026785361217 0.0016900457576344507 0.0015897735389502898
0 0.6921875 0.15859375 0.425 0.3171875
0 0.8578125 0.71953125 0.284375 0.3203125