0 0.315625 0.41640625 0.146875 0.3046875
0 0.08837927051494913 0.2889357972914189 0.14070175046142525 0.181702131123531
0 0.2515625 0.0765625 0.19375 0.153125
0 0.8015625 0.071875 0.30625 0.14375
0 0.0484375 0.6421875 0.096875 0.146875
0 0.04609375 0.5890625 0.0921875 0.040625
0 0.7953862299557015 0.6816048589044922 0.0016626295496493526 0.0016808991701630304
0 0.44453125 0.709375 0.1109375 0.28125
0 0.83984375 0.65703125 0.3203125 0.1765625
0 0.58203125 0.6125 0.1265625 0.0875
0 0.73203125 0.61640625 0.1828125 0.0953125
0 0.97265625 0.60078125 0.0546875 0.0640625
0 0.61484375 0.61328125 0.1984375 0.0890625