0 0.0985507464968423 0.5202309465356356 0.0016900457576344507 0.0016900457576344507
0 0.08987724816383214 0.5108719219898283 0.0016900457576344507 0.0016900457576344507
0 0.1640625 0.4640625 0.328125 0.290625
0 0.5296875 0.08984375 0.259375 0.1796875
0 0.023551004372749994 0.9010673898579775 0.0032525457576345397 0.001817591515269079
0 0.018672185736298186 0.9030285025850737 0.0016900457576344507 0.0016900457576344507
0 0.015355867099846399 0.9051171610698049 0.0016900457576345396 0.0016900457576344507
0 0.009695798463394611 0.9070145009180839 0.0016900457576345396 0.0016900457576344507
0 0.005662002705760072 0.9082581365239977 0.0016900457576345396 0.0016900457576344507
0 0.006235958615115477 0.9012268865239974 0.0032525457576345397 0.001817591515269079
0 0.0023456840693082625 0.9103467950087285 0.0016900457576345396 0.0016900457576344507
0 0.00234375 0.90234375 0.0046875 0.0046875
0 0.00078125 0.91875 0.0015625 0.003125
0 0.2 0.8375 0.4 0.325