0 0.3359375 0.58515625 0.228125 0.1296875
0 0.24453125 0.22890625 0.4109375 0.4328125
0 0.1546875 0.15859375 0.309375 0.3171875
0 0.0625 0.5640625 0.125 0.171875
0 0.8227706420352326 0.27089972717424526 0.34771149594749956 0.29718511397040126
0 0.47866861899097335 0.23229733206946027 0.0016992010367591348 0.001571590359079522
0 0.4671938767666678 0.22065130494209714 0.0016992010367591348 0.001571590359079522
0 0.54765625 0.1609375 0.1953125 0.234375
0 0.515625 0.05390625 0.13125 0.1078125
0 0.515625 0.5859375 0.13125 0.128125
0 0.48671875 0.38984375 0.0734375 0.1234375
0 0.496875 0.190625 0.09375 0.19375
0 0.21032659651236188 0.8801859071068376 0.22097404721981437 0.22304765632127072
0 0.95546875 0.9515625 0.0890625 0.096875
0 0.58203125 0.9578125 0.2078125 0.084375