0 0.0234375 0.47265625 0.046875 0.0921875
0 0.6546875 0.40859375 0.35 0.2203125
0 0.3765625 0.91484375 0.20625 0.1703125
0 0.09001931393570288 0.8824286942583355 0.0016079641066227169 0.0016535052616717394
0 0.07870974089530698 0.8676836547957965 0.0016079641066227169 0.0016535052616717394
0 0.12734375 0.81171875 0.2546875 0.2453125
0 0.0703125 0.575 0.140625 0.1125
0 0.0359375 0.96875 0.071875 0.0625
0 0.05390625 0.7796875 0.1078125 0.2
0 0.9078125 0.640625 0.184375 0.240625
0 0.5984375 0.72578125 0.2375 0.2671875