0 0.1546875 0.06484375 0.309375 0.1296875
0 0.77578125 0.26875 0.0328125 0.0625
0 0.78125 0.1140625 0.04375 0.16875
0 0.3965376149523599 0.5804196008354838 0.16354539129415607 0.18630886760421675
0 0.259375 0.32265625 0.165625 0.0453125
0 0.9274956817001179 0.6863989812912819 0.001571590359079522 0.0016261669961943781
0 0.8015625 0.73671875 0.084375 0.2859375
0 0.9046875 0.5765625 0.190625 0.278125
0 0.7828125 0.359375 0.046875 0.11875
0 0.8015625 0.3515625 0.084375 0.103125
0 0.796875 0.346875 0.075 0.09375