0 0.47265625 0.22265625 0.0734375 0.2203125
0 0.32578125 0.4390625 0.3484375 0.2
0 0.09453125 0.05625 0.1890625 0.1125
0 0.93203125 0.04453125 0.1359375 0.0890625
0 0.92421875 0.36796875 0.1515625 0.3421875
0 0.7099273442174148 0.20353293878791207 0.0018542312811945295 0.0032433991701630305
0 0.6718747924287536 0.1835998697016616 0.21787722920121516 0.12355958963168216
0 0.575 0.0578125 0.13125 0.115625
0 0.56484375 0.2859375 0.1109375 0.15
0 0.275 0.575 0.196875 0.071875
0 0.36484375 0.67109375 0.2890625 0.2484375
0 0.05390625 0.75390625 0.1078125 0.1453125
0 0.859441460065808 0.9967869539347591 0.0017083656405973535 0.0016808991701630304
0 0.7640625 0.9546875 0.353125 0.090625