0 0.2484375 0.00078125 0.003125 0.0015625
0 0.25703125 0.0015625 0.0046875 0.003125
0 0.25703125 0.11953125 0.1453125 0.2390625
0 0.16484375 0.27890625 0.3296875 0.2203125
0 0.40625 0.15546875 0.153125 0.2671875
0 0.67734375 0.09140625 0.3390625 0.1828125
0 0.821875 0.00078125 0.003125 0.0015625
0 0.84296875 0.03828125 0.2296875 0.0765625
0 0.8430419188170795 0.2647775130822071 0.29402439620024123 0.24538626463433105
0 0.16484375 0.865625 0.3296875 0.26875
0 0.36640625 0.68671875 0.0734375 0.2265625
0 0.5492232355278215 0.40411831079582966 0.0016443871551297562 0.001571590359079611
0 0.5546100983726918 0.405648994539051 0.0016443871551297562 0.001571590359079611
0 0.63984375 0.45546875 0.3765625 0.1328125
0 0.91796875 0.46953125 0.1640625 0.1609375
0 0.9265625 0.79765625 0.146875 0.2171875