0 0.29453125 0.3765625 0.5890625 0.30625
0 0.59296875 0.04453125 0.0078125 0.0890625
0 0.58984375 0.0234375 0.0015625 0.003125
0 0.68984375 0.0984375 0.2015625 0.196875
0 0.8171875 0.00078125 0.003125 0.0015625
0 0.821875 0.0015625 0.003125 0.003125
0 0.82578125 0.00078125 0.0015625 0.0015625
0 0.74453125 0.05859375 0.2296875 0.1171875
0 0.76328125 0.36484375 0.3484375 0.3296875
0 0.6426003372652809 0.9278360235070371 0.0031977746071058634 0.0018175915152689015
0 0.6561362983901514 0.9234514124469306 0.00959332382131759 0.00545277454580706
0 0.79453125 0.790625 0.4109375 0.41875