0 0.2802742987645333 0.07388460270110704 0.0033617983403260608 0.0032523339923887563
0 0.27121860747782156 0.05779668768207893 0.0032433991701630305 0.0016898339923887562
0 0.27093426494635436 0.04370235418398174 0.0033617983403260608 0.0032523339923887563
0 0.25787908050811986 0.10927827464021726 0.0032433991701630305 0.0016898339923887562
0 0.2588136958601039 0.0802446906478285 0.005042697510489092 0.004878500988583135
0 0.2466222717948316 0.1261938606097724 0.0032433991701630305 0.0016898339923887562
0 0.2517941012540442 0.07034310863260602 0.0032433991701630305 0.0016898339923887562
0 0.2508594859020602 0.09937669262499482 0.008286096680652121 0.006568334980971979
0 0.24530822552909798 0.11919444410786957 0.0032433991701630305 0.0016898339923887562
0 0.24901264337059298 0.08534602612309206 0.0033617983403260608 0.0032523339923887563
0 0.24215991474121729 0.13969794509645278 0.0033617983403260608 0.0032523339923887563
0 0.24354389337059298 0.08556886060977238 0.0032433991701630305 0.0016898339923887562
0 0.24386320208388118 0.069098943613578 0.0032433991701630305 0.0016898339923887562
0 0.236512643370593 0.08585536209264717 0.0032433991701630305 0.0016898339923887562
0 0.23442900249879975 0.06869969559074436 0.0032433991701630305 0.0016898339923887562
0 0.23091383880648958 0.09470378007742472 0.0033617983403260608 0.0032523339923887563
0 0.23760154668994088 0.07954169509645279 0.020407588382282425 0.022639003954332715
0 0.22537423382746774 0.10433344806220228 0.0033617983403260608 0.0032523339923887563
0 0.159375 0.1171875 0.31875 0.234375
0 0.03984375 0.3609375 0.0796875 0.221875
0 0.77578125 0.18828125 0.4484375 0.3765625
0 0.55234375 0.065625 0.2828125 0.13125
0 0.4613522357015675 0.23342531224355892 0.2222590439906485 0.30189937551288215
0 0.171875 0.96171875 0.29375 0.0765625
0 0.071875 0.56640625 0.14375 0.0953125
0 0.83125 0.96015625 0.20625 0.0796875
0 0.571875 0.60546875 0.19375 0.1734375