0 0.2203125 0.34765625 0.440625 0.3828125
0 0.617148558584262 0.27355044889309016 0.001653505261671917 0.0016443871551297562
0 0.6425125796309494 0.26599025441101415 0.001653505261671917 0.0016443871551297562
0 0.6574018322617853 0.2644310764372815 0.004960515785015574 0.004933161465389269
0 0.759375 0.14765625 0.48125 0.2953125
0 0.03546373200767157 0.6267473699694178 0.004960515785015574 0.004933161465389269
0 0.05251472411516378 0.6281903612629905 0.0033070105233436566 0.0032887743102595125
0 0.125 0.61328125 0.25 0.1484375
0 0.3025616847937992 0.7747533435114518 0.40947849971765127 0.31742867593756774
0 0.37421875 0.58828125 0.2390625 0.0984375
0 0.5860181978773917 0.899612739145866 0.0016535052616718283 0.0016443871551297562
0 0.6038126426298372 0.9150363432843092 0.0016535052616718283 0.0016443871551297562
0 0.815795245091264 0.7255666502725712 0.0016535052616717394 0.0016443871551297562
0 0.76796875 0.75625 0.4640625 0.409375