0 0.19961290578157548 0.24296875 0.3212963835272089 0.228125
0 0.859375 0.371875 0.28125 0.534375
0 0.4183469484191349 0.8171875 0.0034167312811945296 0.003125
0 0.41305497483346026 0.80234375 0.005125096921791972 0.0046875
0 0.4070027622710709 0.79609375 0.008395962562389414 0.00625
0 0.40666900894330577 0.77578125 0.0034167312811945296 0.003125
0 0.40173179970868167 0.78984375 0.005125096921791972 0.0046875
0 0.4031064120215138 0.77109375 0.005125096921791972 0.0046875
0 0.3957525199665911 0.784375 0.003416731281194707 0.003125
0 0.3633454945922553 0.746875 0.010250193843583943 0.009375
0 0.35067861792837274 0.73671875 0.0034167312811945296 0.003125
0 0.340625 0.73046875 0.003125 0.0015625
0 0.3421875 0.73046875 0.003125 0.0015625
0 0.27265625 0.73515625 0.0578125 0.0109375
0 0.31796875 0.86484375 0.6359375 0.2703125
0 0.71953125 0.73046875 0.0015625 0.0015625
0 0.71953125 0.73046875 0.0015625 0.0015625
0 0.71953125 0.73046875 0.0015625 0.0015625
0 0.72109375 0.73203125 0.0046875 0.0046875
0 0.71953125 0.73046875 0.0015625 0.0015625
0 0.71953125 0.73046875 0.0015625 0.0015625
0 0.71953125 0.73046875 0.0015625 0.0015625
0 0.7328125 0.73515625 0.028125 0.0109375
0 0.859375 0.81953125 0.28125 0.1796875