0 0.06875 0.0828125 0.1375 0.165625
0 0.81484375 0.27734375 0.3421875 0.1234375
0 0.45891573383034084 0.17578125 0.3388389292169281 0.2640625
0 0.140625 0.60078125 0.21875 0.2265625
0 0.11328125 0.94765625 0.2265625 0.1046875
0 0.028125 0.87421875 0.05625 0.0859375
0 0.91640625 0.95078125 0.1671875 0.0984375
0 0.6542303923550541 0.90234375 0.0016443871551297562 0.0015625
0 0.6433781015364513 0.8890625 0.0016443871551297562 0.0015625
0 0.6899355189947343 0.83828125 0.23868844301173803 0.2015625
0 0.5964190558566083 0.5296875 0.23458079715018093 0.1828125
0 0.359375 0.9734375 0.134375 0.053125
0 0.32265625 0.78203125 0.1453125 0.1609375