0 0.32890625 0.00078125 0.0015625 0.0015625
0 0.04296875 0.07578125 0.0859375 0.1515625
0 0.37109375 0.0984375 0.3578125 0.196875
0 0.02421875 0.2703125 0.0484375 0.178125
0 0.12306308791858403 0.30677031363417234 0.16532244355406328 0.17959503669052862
0 0.36484375 0.45625 0.0765625 0.065625
0 0.5890625 0.040625 0.078125 0.08125
0 0.8549083102437699 0.32300444545831725 0.14108633538669527 0.20001395250377918
0 0.60859375 0.29765625 0.1171875 0.3234375
0 0.45703125 0.78828125 0.1859375 0.4234375
0 0.834375 0.5265625 0.25625 0.075
0 0.93359375 0.625 0.1328125 0.221875
0 0.63828125 0.64765625 0.1765625 0.3171875
0 0.63203125 0.72578125 0.1640625 0.3390625
0 0.746875 0.9375 0.140625 0.125