0 0.690625 0.69375 0.003125 0.0015625
0 0.703125 0.684375 0.0015625 0.0015625
0 0.715625 0.68203125 0.003125 0.0015625
0 0.6578125 0.67890625 0.0015625 0.0015625
0 0.6828125 0.67578125 0.00390625 0.00390625
0 0.640625 0.67109375 0.0015625 0.0015625
0 0.68984375 0.66953125 0.0015625 0.0015625
0 0.66484375 0.67109375 0.00390625 0.00546875
0 0.646875 0.66953125 0.0015625 0.0015625
0 0.6765625 0.66875 0.003125 0.00390625
0 0.62890625 0.66875 0.003125 0.00390625
0 0.67578125 0.6640625 0.0015625 0.0015625
0 0.68984375 0.66171875 0.0015625 0.0015625
0 0.67421875 0.65859375 0.0015625 0.0015625
0 0.68828125 0.6546875 0.0015625 0.0015625
0 0.665625 0.6546875 0.003125 0.0015625
0 0.6796875 0.65859375 0.015625 0.01328125
0 0.65703125 0.65078125 0.003125 0.0015625
0 0.715625 0.48671875 0.30546875 0.3890625
0 0.3515625 0.13984375 0.15859375 0.24296875