0 0.34921875 0.04921875 0.1796875 0.0984375
0 0.20215989102309742 0.289031468902194 0.2031721575674325 0.182407580457717
0 0.00078125 0.4546875 0.0015625 0.003125
0 0.078125 0.4140625 0.15625 0.209375
0 0.45625 0.28203125 0.034375 0.1484375
0 0.17734375 0.84296875 0.3234375 0.3140625
0 0.21953125 0.62578125 0.4390625 0.2140625
0 0.88515625 0.5484375 0.2265625 0.059375
0 0.768309275845451 0.7727077103522192 0.0031977746071058634 0.0017810212873234476
0 0.7620956631490039 0.7739260029268662 0.0031977746071058634 0.0017810212873234476
0 0.7172797768789082 0.8718989632022108 0.38562509263745515 0.2543475544788164
0 0.48828125 0.675 0.0984375 0.2125