0 0.00234375 0.0265625 0.0046875 0.009375
0 0.00078125 0.0265625 0.0015625 0.003125
0 0.0015625 0.0296875 0.003125 0.00625
0 0.00390625 0.03203125 0.0078125 0.0109375
0 0.022929481653235672 0.034519492598744386 0.007839771077238922 0.005188147748246585
0 0.03542039129415606 0.03215595620154978 0.003143180718159222 0.0033252590992986163
0 0.03311754791001431 0.03933740052602377 0.003143180718159222 0.0033252590992986163
0 0.08168685811666876 0.05888963448689481 0.006277271077238922 0.005088018198597277
0 0.09886981293712896 0.05700695944075229 0.003143180718159222 0.0033252590992986163
0 0.10053230688700476 0.07409432989110298 0.010982951795398054 0.00851340684754529
0 0.2390625 0.1875 0.478125 0.375
0 0.515625 0.4390625 0.0875 0.296875
0 0.6368612132082754 0.19257302205610854 0.003143180718159222 0.0033252590992987052
0 0.634375 0.26171875 0.15 0.2203125
0 0.98515625 0.0015625 0.0078125 0.003125
0 0.9758322887366322 0.02079484500738129 0.003143180718159222 0.0033252590992987052
0 0.3188606469514968 0.8398812137596889 0.003143180718159222 0.0033252590992986163
0 0.36640625 0.80859375 0.1609375 0.1390625
0 0.684375 0.85625 0.25 0.234375