0 0.34765625 0.20703125 0.1421875 0.3953125
0 0.5720088937300429 0.2539564152610033 0.003134090359079522 0.0015988626670909057
0 0.715625 0.21171875 0.56875 0.4234375
0 0.25390625 0.63125 0.3296875 0.321875
0 0.4329332790722706 0.9864523839513204 0.003134090359079611 0.0015988626670909057
0 0.4430986194313503 0.9878967052832749 0.0031340903590797 0.0015988626670909057
0 0.44779975496996977 0.9901859112826387 0.003134090359079611 0.0015988626670909057
0 0.5149372579950319 0.9808103639401846 0.003134090359079522 0.001598862667090728
0 0.5265625 0.9015625 0.215625 0.196875
0 0.7203125 0.45625 0.21875 0.053125
0 0.978125 0.953125 0.04375 0.09375