0 0.21513221074114738 0.09306750750253504 0.001817591515269079 0.003161367591180664
0 0.2139045505894265 0.09851807370694479 0.0016900457576345396 0.0015988675911804862
0 0.21189564043770562 0.10395045611576421 0.0016900457576345396 0.0015988675911806638
0 0.20853152437662933 0.11639590472899339 0.0016900457576345396 0.0015988675911804862
0 0.31328125 0.2609375 0.3515625 0.478125
0 0.9256238163412419 0.38877035894489664 0.001690045757634806 0.0015988675911806638
0 0.9374860875530693 0.39687379967434105 0.0033800915152689013 0.0031977351823609724
0 0.9408183816437139 0.40399596865229237 0.005197683030538159 0.006359102773541636
0 0.9592495172496276 0.40833862974645907 0.0016900457576344507 0.0015988675911806638
0 0.945059471491993 0.4095738214258341 0.0033800915152689013 0.0031977351823611498
0 0.9635543799767241 0.41313523252000073 0.0033800915152689013 0.0031977351823609724
0 0.9476105155826376 0.41667780660819514 0.0016900457576344507 0.0015988675911806638
0 0.9703306673994089 0.4547778718626743 0.006887728788172609 0.0079579703647223
0 0.9754327555806981 0.4689858422273966 0.001690045757634806 0.0015988675911806638
0 0.9809174810348906 0.47850631259211884 0.001690045757634806 0.0015988675911804862
0 0.997913662398439 0.481250106095105 0.0016900457576344507 0.0015988675911806638
0 0.86328125 0.36875 0.2734375 0.28125
0 0.171875 0.9421875 0.259375 0.115625