0 0.09512006528367056 0.2795719712177435 0.0036343359695552024 0.012572735182360972
0 0.1578125 0.32421875 0.315625 0.2515625
0 0.08203125 0.259375 0.1640625 0.38125
0 0.02265625 0.0375 0.0453125 0.075
0 0.1484375 0.08515625 0.25625 0.1703125
0 0.06875 0.0921875 0.1375 0.184375
0 0.678125 0.43203125 0.19375 0.0359375
0 0.85234375 0.03828125 0.2046875 0.0765625
0 0.4282363824329643 0.505972123478195 0.0016261669961945557 0.0015988675911805749
0 0.3703125 0.5234375 0.1375 0.146875
0 0.0015625 0.453125 0.003125 0.00625
0 0.7617425380976333 0.6510670711414936 0.003188666996194556 0.00163523518236115
0 0.7818640371090501 0.6468523498268409 0.004814833992388756 0.003234102773541636
0 0.7515625 0.58359375 0.421875 0.2671875
0 0.53828125 0.61640625 0.1984375 0.3328125