0 0.03359375 0.196875 0.0671875 0.125
0 0.02109375 0.0265625 0.0421875 0.053125
0 0.92734375 0.3609375 0.1453125 0.175
0 0.83984375 0.0828125 0.2390625 0.165625
0 0.62734375 0.396875 0.0765625 0.18125
0 0.55703125 0.83984375 0.0640625 0.2328125
0 0.26882308457788184 0.7557850598392364 0.1849216338757694 0.1338334053945834
0 0.1758432892367232 0.8881598423243059 0.20513895861557022 0.19204594889756965
0 0.09921875 0.63046875 0.1984375 0.2046875
0 0.8406803951841886 0.7635793760436462 0.004933161465389269 0.004796602773541636
0 0.7984962172104558 0.7774593848773614 0.23302494120271575 0.1583619331300003
0 0.65390625 0.93828125 0.1296875 0.1234375
0 0.6625 0.6359375 0.146875 0.18125