0 0.31796875 0.12109375 0.5296875 0.2421875
0 0.828125 0.00078125 0.003125 0.0015625
0 0.81015625 0.0078125 0.0453125 0.015625
0 0.9109375 0.09296875 0.178125 0.1859375
0 0.07314888299763078 0.6331721093484944 0.0016808991701630304 0.0016170637023307677
0 0.21217733943118952 0.7105654446503716 0.0033617983403260608 0.003234127404661713
0 0.2046875 0.78046875 0.409375 0.4390625
0 0.9256926199253762 0.42660212850097007 0.0016808991701630304 0.0016170637023308564
0 0.9487040674358653 0.4304984548171726 0.0016808991701630304 0.0016170637023308564
0 0.9564027813426013 0.687157682584654 0.0016808991701630304 0.0016170637023307677
0 0.89765625 0.69609375 0.2046875 0.6078125