0 0.3021136347373295 0.21512113992841417 0.0033070105233436566 0.0033070105233436566
0 0.3179661478915092 0.21030483731169572 0.0032160052616717395 0.0017445105233436565
0 0.34921875 0.2328125 0.3015625 0.1125
0 0.4375 0.07109375 0.14375 0.1421875
0 0.6347720292215439 0.03646406086216212 0.003216005261671917 0.0017445105233436565
0 0.6442380344832157 0.034355529292131017 0.0016535052616718283 0.0016535052616718283
0 0.6482352897448875 0.0325655161379514 0.001653505261671917 0.0016535052616718283
0 0.7055927634365282 0.037010821456093 0.0032160052616717395 0.0017445105233436565
0 0.6946027845538028 0.10538909513361627 0.23170356826055966 0.18167274715740261
0 0.16953125 0.56015625 0.3390625 0.4015625
0 0.7609375 0.48203125 0.478125 0.3859375