0 0.525 0.00078125 0.003125 0.0015625
0 0.3765625 0.07890625 0.36875 0.1578125
0 0.096875 0.08671875 0.19375 0.1734375
0 0.13828125 0.3046875 0.2765625 0.359375
0 0.61015625 0.14765625 0.0015625 0.0015625
0 0.61171875 0.15625 0.0046875 0.00625
0 0.76953125 0.25234375 0.3203125 0.4953125
0 0.1859375 0.9782930107415421 0.003125 0.0031613626670909055
0 0.17890625 0.9758674447405875 0.003125 0.0015988626670909057
0 0.2265625 0.89921875 0.440625 0.2015625
0 0.178125 0.6609375 0.35625 0.321875
0 0.70078125 0.6515625 0.1828125 0.221875