0 0.2551643814911741 0.2698037538274307 0.00315227353895029 0.0016534282132454337
0 0.20255362459131526 0.3455910155059132 0.006359094155801337 0.00643185642649069
0 0.14296875 0.25 0.2859375 0.41875
0 0.6820788522668856 0.4192688932443048 0.0031795470779005797 0.0032159282132454337
0 0.7390625 0.00078125 0.003125 0.0015625
0 0.759375 0.08671875 0.28125 0.1734375
0 0.72734375 0.36875 0.2171875 0.18125
0 0.72265625 0.0484375 0.2078125 0.096875
0 0.2015625 0.940625 0.359375 0.11875
0 0.8287162986961633 0.7639355017158597 0.21705468100470676 0.2671206185006845
0 0.78671875 0.53359375 0.2890625 0.1484375