0 0.03046875 0.11875 0.0609375 0.2375
0 0.7065433531466991 0.41052035462916725 0.003143180718159222 0.0032705492142117267
0 0.7104677838648583 0.40757729114693186 0.003143180718159222 0.0032705492142117267
0 0.7159638049420971 0.4031445022718024 0.001571590359079522 0.0016352746071058633
0 0.7198927808397961 0.39942018878956703 0.001571590359079522 0.0016352746071058633
0 0.7238217567374953 0.3956958753073317 0.001571590359079522 0.0016352746071058633
0 0.7285319826351943 0.3920079491286493 0.001571590359079522 0.0016352746071058633
0 0.7324609585328934 0.38828363564641394 0.0015715903590796999 0.0016352746071056855
0 0.7371666392510526 0.38537695946773143 0.001571590359079522 0.0016352746071058633
0 0.6646149283804682 0.36402419023730914 0.17614538524403187 0.20502575599585598
0 0.10095590759781689 0.8142232433804623 0.09346924063022613 0.22460620181924557
0 0.05234375 0.7984375 0.1046875 0.196875
0 0.519020627249 0.8744821931327932 0.0015806807181592219 0.0031977746071058634
0 0.519047898326239 0.8697946931327932 0.001571590359079522 0.0016352746071058633
0 0.5666041543763631 0.8892018186495217 0.09452268052176756 0.13717897642635143
0 0.76484375 0.7296875 0.0796875 0.059375