0 0.2490136960398615 0.19044359160558172 0.2277169756031115 0.2142802933309516
0 0.659375 0.23984375 0.240625 0.3796875
0 0.846875 0.05234375 0.221875 0.1046875
0 0.46324332592114015 0.7060078794886516 0.004714771077238921 0.00501528193098526
0 0.4679444614597596 0.7039919114196369 0.004714771077238921 0.005015281930985082
0 0.4742126421779188 0.7013039539942838 0.001571590359079522 0.0016717606436618127
0 0.47969957289607806 0.6985613662470997 0.0015715903590796999 0.0016717606436618127
0 0.48440525361423725 0.6957641481780851 0.001571590359079522 0.0016717606436618127
0 0.4898876391528567 0.6938028104309012 0.001571590359079522 0.0016717606436618127
0 0.49459331987101596 0.6910055923618863 0.001571590359079522 0.0016717606436618127
0 0.5000757054096354 0.6890442546147024 0.001571590359079522 0.0016717606436618127
0 0.45234375 0.76484375 0.1734375 0.2515625
0 0.915625 0.48515625 0.16875 0.1109375
0 0.8296875 0.81875 0.340625 0.353125