0 0.0890625 0.115625 0.178125 0.23125
0 0.165625 0.26171875 0.33125 0.2765625
0 0.6901068457423363 0.2340161636304921 0.17257282092583354 0.12633886181247736
0 0.44296875 0.2421875 0.1484375 0.175
0 0.15807774979511224 0.5461201495939478 0.29078778163641933 0.28969805983757907
0 0.06953125 0.93984375 0.1390625 0.1203125
0 0.06796875 0.4515625 0.1359375 0.103125
0 0.05390625 0.54296875 0.1078125 0.1453125
0 0.08125 0.83046875 0.1625 0.3390625
0 0.8402459327982201 0.6621561597729807 0.17471751778268044 0.13893899136212653
0 0.64765625 0.41796875 0.0890625 0.0359375
0 0.5118041015333046 0.765698157770396 0.24546666542531542 0.15281982109634598
0 0.45390625 0.4296875 0.1671875 0.059375