0 0.221875 0.00078125 0.003125 0.0015625
0 0.20703125 0.00078125 0.0015625 0.0015625
0 0.19375 0.00078125 0.003125 0.0015625
0 0.25546875 0.00078125 0.0015625 0.0015625
0 0.22734375 0.00078125 0.0046875 0.0015625
0 0.27265625 0.00078125 0.0015625 0.0015625
0 0.21953125 0.00078125 0.0015625 0.0015625
0 0.24765625 0.0015625 0.0046875 0.003125
0 0.26640625 0.00078125 0.0015625 0.0015625
0 0.2328125 0.00078125 0.003125 0.0015625
0 0.284375 0.00078125 0.003125 0.0015625
0 0.23359375 0.00078125 0.0015625 0.0015625
0 0.21796875 0.00078125 0.0015625 0.0015625
0 0.23515625 0.00078125 0.0015625 0.0015625
0 0.21875 0.00078125 0.003125 0.0015625
0 0.24375 0.00078125 0.003125 0.0015625
0 0.228125 0.00390625 0.01875 0.0078125
0 0.2515625 0.00078125 0.003125 0.0015625
0 0.17890625 0.11953125 0.3578125 0.2390625
0 0.5223304169675907 0.30567049275562785 0.20004649355709248 0.2892789528054639
0 0.70078125 0.00078125 0.0015625 0.0015625
0 0.77421875 0.1265625 0.1484375 0.253125
0 0.840625 0.16484375 0.28125 0.3296875
0 0.73359375 0.3765625 0.0671875 0.165625
0 0.825 0.40546875 0.159375 0.1265625
0 0.19260305211342682 0.7091738294296777 0.2953771742752515 0.29851185533407226