0 0.09140625 0.0015625 0.0046875 0.003125
0 0.3515625 0.1546875 0.196875 0.309375
0 0.17265625 0.13359375 0.3453125 0.2671875
0 0.45078125 0.04296875 0.0015625 0.0046875
0 0.5578125 0.1453125 0.215625 0.290625
0 0.45078125 0.00078125 0.0015625 0.0015625
0 0.51328125 0.06640625 0.1265625 0.1328125
0 0.78203125 0.1546875 0.4359375 0.309375
0 0.10078125 0.4515625 0.2015625 0.284375
0 0.8827612400540884 0.6492468684829061 0.15676017202418074 0.18532968610347994
0 0.50078125 0.36484375 0.1015625 0.1109375