0 0.59453125 0.13671875 0.1109375 0.2734375
0 0.021875 0.428125 0.04375 0.078125
0 0.176013271133258 0.651872789580508 0.0016626295496493526 0.0016261669961943781
0 0.2633327984311539 0.6460313078692967 0.09977636181247736 0.17081651878308043
0 0.04609375 0.68671875 0.0921875 0.1890625
0 0.6319883706072342 0.7541847060824108 0.0016626295496493526 0.0016261669961943781
0 0.6177966602436312 0.8045202871090501 0.0033252590992987052 0.0032523339923887563
0 0.53984375 0.82578125 0.0015625 0.0078125
0 0.6093135317737162 0.8268900356261752 0.0035255181985974103 0.006377333992388756
0 0.53984375 0.8359375 0.0015625 0.003125
0 0.586617708979327 0.8510305311775511 0.0033252590992987052 0.0032523339923887563
0 0.578125 0.796875 0.078125 0.165625
0 0.6512914782576584 0.8685482950177155 0.0016626295496493526 0.0016261669961943781
0 0.6323133359080826 0.9813520425462576 0.0016626295496493526 0.0016261669961945557
0 0.6346570859080826 0.981447543040549 0.0017627590992987051 0.003188666996194378
0 0.6359191972591347 0.9861987100367436 0.0016626295496493526 0.0016261669961943781
0 0.57265625 0.95703125 0.0671875 0.0859375
0 0.60625 0.97734375 0.134375 0.0453125