0 0.16746838834440614 0.22025337614055535 0.01280038864894797 0.004978440729444422
0 0.12734375 0.20703125 0.2546875 0.3609375
0 0.55078125 0.06796875 0.1765625 0.1359375
0 0.72265625 0.05625 0.1671875 0.1125
0 0.046875 0.92890625 0.09375 0.1421875
0 0.15259886412882917 0.6018072749825343 0.09543121838316751 0.07710932028847228
0 0.26796875 0.9765625 0.2609375 0.046875
0 0.35000598781838244 0.6619596057202425 0.17888406847545255 0.11337543502986129
0 0.63984375 0.96796875 0.0015625 0.0015625
0 0.75546875 0.8953125 0.2328125 0.209375
0 0.7765625 0.53125 0.275 0.1625
0 0.90703125 0.82265625 0.1859375 0.2328125