0 0.1421875 0.1140625 0.284375 0.228125
0 0.16953125 0.31640625 0.3390625 0.3609375
0 0.871875 0.2875 0.25625 0.425
0 0.68671875 0.48125 0.1734375 0.075
0 0.6195660029121732 0.21764668193046152 0.2401700266221214 0.17429175033868427
0 0.39803102142318253 0.38738821460846407 0.0034167312811946627 0.0032887743102595125
0 0.42421875 0.33984375 0.1703125 0.2609375
0 0.10078125 0.66796875 0.2015625 0.2984375
0 0.01796875 0.84765625 0.0359375 0.2046875
0 0.06875 0.6 0.1375 0.1625
0 0.9747405985861795 0.8389096867917015 0.003270865640597265 0.0017262743102595124
0 0.9684176657658808 0.8393633881711825 0.003270865640597265 0.0017262743102595124
0 0.85546875 0.7546875 0.2890625 0.225
0 0.540625 0.60703125 0.378125 0.1765625