0 0.23618406882525705 0.1788349151716515 0.003216005261671917 0.0017627590992987051
0 0.22740060302612405 0.16807788787375558 0.0032160052616717395 0.0017627590992987051
0 0.184375 0.19453125 0.36875 0.3890625
0 0.9296875 0.18515625 0.140625 0.1203125
0 0.55078125 0.17421875 0.0640625 0.1140625
0 0.3448765293627181 0.5205787314876357 0.0032160052616717395 0.0017627590992987051
0 0.22265625 0.51015625 0.3546875 0.2421875
0 0.075 0.76640625 0.15 0.3203125
0 0.0609375 0.46015625 0.121875 0.1421875
0 0.71640625 0.42578125 0.1453125 0.0734375
0 0.7147193215266802 0.7625461859911425 0.1732988050357928 0.24927571406423077
0 0.56953125 0.92578125 0.1015625 0.1484375
0 0.5875 0.47421875 0.1375 0.1703125