0 0.19168840869471068 0.5994220032661205 0.0033617983403260608 0.0033070105233436566
0 0.20784620496044431 0.591480700649402 0.001799298340326061 0.0032160052616717395
0 0.22040540454552585 0.5899714085560271 0.0033617983403260608 0.003307010523343834
0 0.16041509790683 0.5810206137612293 0.001799298340326061 0.0032160052616717395
0 0.18691839832174847 0.5802547743128079 0.004924298340326061 0.0033980157850155733
0 0.14477844251288968 0.5718199190087837 0.001799298340326061 0.0032160052616717395
0 0.1967669950024006 0.5734587427427768 0.001799298340326061 0.0032160052616717395
0 0.16954164417256362 0.5734888348220342 0.0067235966806521216 0.006614021046687313
0 0.15114684168305265 0.5698933979620963 0.001799298340326061 0.0032160052616717395
0 0.18288209375764514 0.5719340400978234 0.0033617983403260608 0.003307010523343834
0 0.1334148900233787 0.5678149584713226 0.0033617983403260608 0.0033070105233436566
0 0.18323729126813415 0.5672465400978235 0.001799298340326061 0.0032160052616717395
0 0.19814024085321566 0.5656007401119408 0.001799298340326061 0.0032160052616717395
0 0.18292963794878628 0.5610420427286593 0.001799298340326061 0.003216005261671917
0 0.19795098670403083 0.5578337427427768 0.001799298340326061 0.0032160052616717395
0 0.17396903504435687 0.5561193242986905 0.0033617983403260608 0.003307010523343834
0 0.18833918836370475 0.5615047743128079 0.018371491701630306 0.0166260578783902
0 0.1665709321399275 0.5511056006070497 0.0033617983403260608 0.003307010523343834
0 0.23671875 0.3796875 0.3640625 0.484375
0 0.05625 0.06328125 0.1125 0.1265625
0 0.46328125 0.63515625 0.0890625 0.1671875
0 0.93046875 0.2453125 0.1390625 0.203125
0 0.5662795472914188 0.24794061618030366 0.2658673340326049 0.32660581555913665
0 0.63125 0.03671875 0.1625 0.0734375
0 0.346875 0.73046875 0.14375 0.0234375
0 0.67109375 0.859375 0.3296875 0.28125
0 0.72265625 0.7484375 0.1703125 0.059375