0 0.06015625 0.3703125 0.1203125 0.296875
0 0.784375 0.259375 0.43125 0.51875
0 0.1470445072799281 0.8054732355278216 0.0017083656405973535 0.0016443871551297562
0 0.1544923431784348 0.8089700497521728 0.0017083656405973535 0.0016443871551297562
0 0.17366882882738438 0.8367298795803564 0.003416731281194707 0.0032887743102595125
0 0.17096041472589105 0.8407589603130509 0.003416731281194618 0.0032887743102595125
0 0.16532478806200848 0.8511608717784401 0.0017083656405972648 0.0016443871551297562
0 0.16339762396051513 0.8551490089335699 0.0017083656405972648 0.0016443871551297562
0 0.15868911293722993 0.8639474768213944 0.0017083656405972648 0.0016443871551297562
0 0.15119925499215264 0.8775562754419133 0.003416731281194707 0.0032887743102595125
0 0.14563656114856874 0.8871769369073025 0.0017083656405973535 0.0016443871551297562
0 0.13814670320349148 0.9007857355278215 0.003416731281194618 0.0032887743102595125
0 0.13265694218020627 0.9096251469932108 0.0037084625623892364 0.006413774310259512
0 0.12687544987572635 0.9215895584586 0.005416828202986679 0.008058161465389268
0 0.12529193885244103 0.9302242520361649 0.0017083656405972648 0.0016443871551297562
0 0.08866592117362541 0.9811216887163248 0.0017083656405972648 0.0016443871551297562
0 0.08310322733004147 0.9907423501817142 0.003416731281194707 0.0032887743102595125
0 0.09140625 0.8890625 0.1828125 0.221875
0 0.75625 0.8453125 0.3625 0.309375