0 0.00078125 0.00078125 0.0015625 0.0015625
0 0.03125 0.11875 0.0625 0.134375
0 0.19956827592293305 0.17623998255342493 0.003380091515269079 0.0031795470779007575
0 0.21645301592099342 0.1243092897775953 0.15012703000581898 0.15708757142762994
0 0.840625 0.03125 0.121875 0.0625
0 0.90546875 0.0796875 0.1890625 0.159375
0 0.2920276165201184 0.42821376542786604 0.0033800915152689013 0.0031795470779006686
0 0.04609375 0.625 0.0921875 0.215625
0 0.29375 0.5234375 0.2125 0.234375
0 0.32421875 0.96953125 0.1515625 0.0609375
0 0.4410540163800354 0.4792418461876915 0.003380091515269079 0.0031795470779005797
0 0.623627400318959 0.4635372053610266 0.003380091515269079 0.0031795470779007575
0 0.47600284335143694 0.5240088754086847 0.005070137272903707 0.004769320616851047
0 0.631200655319929 0.48922299797470037 0.005325228788172609 0.007894320616851047
0 0.4932221653218686 0.5432673900191813 0.005197683030538159 0.006331820616851047
0 0.6351547027445534 0.4993247008967997 0.00507013727290353 0.004769320616851047
0 0.5249663728982139 0.5583605560096497 0.005070137272903707 0.004769320616851047
0 0.54921875 0.49296875 0.2046875 0.1859375
0 0.4705338354755291 0.6007759269508123 0.003380091515269079 0.0031795470779005797
0 0.5865256262321938 0.5744980247600615 0.003380091515269079 0.0031795470779005797
0 0.5353931741158602 0.7052628295486001 0.003380091515269079 0.0031795470779007575
0 0.5331769698734947 0.7068662398570256 0.003380091515269079 0.0031795470779005797
0 0.5336871529040329 0.7131162398570255 0.003380091515269079 0.0031795470779005797
0 0.7924087065375753 0.633493375004943 0.1837684484924896 0.20604326866768635
0 0.5940186171483381 0.7621343924548133 0.19741636031120038 0.22032395697928903