0 0.45703125 0.00078125 0.0015625 0.0015625
0 0.45703125 0.00078125 0.0015625 0.0015625
0 0.34453125 0.065625 0.2796875 0.13125
0 0.096875 0.0921875 0.19375 0.184375
0 0.8296875 0.11484375 0.340625 0.2296875
0 0.678125 0.06015625 0.0375 0.1203125
0 0.475 0.57890625 0.36875 0.4390625
0 0.0890625 0.41875 0.178125 0.11875
0 0.932858184024768 0.38359626935173397 0.00169920103675949 0.0016261669961943781
0 0.930279988171805 0.3897189353593452 0.0016992010367591348 0.0016261669961943781
0 0.9261392923188421 0.39577793437076203 0.00169920103675949 0.0016261669961943781
0 0.70625 0.55078125 0.09375 0.1421875
0 0.76328125 0.45078125 0.2078125 0.1828125