0 0.3411952297671183 0.14765041780880184 0.11460932028847245 0.09717737884037306
0 0.07025021618375042 0.30585224175455644 0.0015988675911804862 0.0016535052616717394
0 0.0765625 0.3953125 0.153125 0.1125
0 0.0765625 0.1359375 0.153125 0.165625
0 0.8642554425323963 0.24193176785115417 0.0015988675911804862 0.0016535052616717394
0 0.837471470933403 0.06326844155691233 0.003161367591180664 0.001744510523343834
0 0.8145275462558687 0.21719010210849082 0.0031977351823611498 0.003307010523343834
0 0.8124896547289934 0.06259360737016273 0.007921602773541637 0.00514252630835923
0 0.7931792231176046 0.2050240310759209 0.00632273518236115 0.003489021046687313
0 0.8022970371378129 0.06043957316929571 0.0031977351823611498 0.0033070105233436566
0 0.7706859740675351 0.17718745741251504 0.0031977351823609724 0.0033070105233436566
0 0.8330034829012505 0.13946692051022486 0.17249586189159735 0.17076606826055957
0 0.7440338615103477 0.2388306127024217 0.0015988675911804862 0.0016535052616717394
0 0.7428869759673962 0.12251536796409361 0.003161367591180664 0.001744510523343834
0 0.6315332082999657 0.1987299864928845 0.0015988675911804862 0.0016535052616717394
0 0.6308246934823268 0.20180948386204864 0.003161367591180575 0.001744510523343834
0 0.6253741272779172 0.2022722154461972 0.0015988675911804862 0.0016535052616717394
0 0.66171875 0.0359375 0.1453125 0.071875
0 0.63828125 0.15234375 0.0984375 0.1578125
0 0.178125 0.6625 0.35625 0.325
0 0.8640625 0.50078125 0.00625 0.0015625
0 0.734375 0.58359375 0.290625 0.1671875