0 0.14453125 0.271875 0.2890625 0.29375
0 0.6316234740675352 0.20055082075022135 0.0015988675911804862 0.0016535052616717394
0 0.6179071193941323 0.24812377076433875 0.29516964247680566 0.14514298393263586
0 0.1816604948690977 0.7439753260824803 0.0015988675911805749 0.0016535052616717394
0 0.2984375 0.68203125 0.2625 0.2328125
0 0.5125065321038197 0.46976355233436984 0.003161367591180486 0.0017445105233436565
0 0.5202281131258684 0.46631232864272903 0.0015988675911804862 0.001653505261671917
0 0.5240798117390975 0.4641960917969087 0.0015988675911805749 0.001653505261671917
0 0.5840724075787851 0.4606685443712749 0.003161367591180575 0.0017445105233436565
0 0.5934850815907294 0.5298735706796341 0.2208606267092364 0.17046223137238706
0 0.909375 0.9609375 0.18125 0.078125