0 0.4371758723582165 0.23915335821077283 0.017242042154477843 0.010275758706427319
0 0.40668439646051746 0.23684390773580297 0.009402271077238922 0.005178822930778537
0 0.39419803199913694 0.23984275497684102 0.003134090359079522 0.0017262743102595124
0 0.3957150802037388 0.23194836782171127 0.0031340903590797 0.0017262743102595124
0 0.34481565553570376 0.21429720036342817 0.006277271077238922 0.005015048620519024
0 0.32763270071524353 0.2159792090698555 0.003134090359079522 0.0017262743102595124
0 0.3251935019449076 0.19969578980255012 0.010973861436318445 0.006823210085908115
0 0.2296875 0.1546875 0.459375 0.309375
0 0.0640625 0.07421875 0.128125 0.1484375
0 0.0359375 0.2328125 0.071875 0.24375
0 0.7296875 0.26796875 0.540625 0.5015625
0 0.3987839754067197 0.79097032225341 0.003134090359079522 0.0017262743102595124
0 0.2296875 0.81171875 0.459375 0.3765625
0 0.7296875 0.69296875 0.540625 0.3484375
0 0.46796875 0.61953125 0.0171875 0.1765625