0 0.309375 0.353125 0.24375 0.053125
0 0.23984375 0.078125 0.3921875 0.15625
0 0.825 0.18984375 0.35 0.3796875
0 0.09375 0.85234375 0.1875 0.2609375
0 0.10390625 0.4953125 0.2078125 0.23125
0 0.3741608116362952 0.9053383568298997 0.0016808991701630304 0.0016808991701630304
0 0.27488621390673595 0.4351335232215021 0.0032433991701630305 0.001799298340326061
0 0.28345665311885526 0.4549132269557686 0.0016808991701630304 0.0016808991701630304
0 0.2912565751095351 0.4126781827646274 0.0032433991701630305 0.001799298340326061
0 0.37265625 0.48671875 0.2734375 0.2140625
0 0.4171875 0.86328125 0.184375 0.2734375
0 0.6787952317528754 0.7449354983263928 0.3277753381817897 0.3277753381817897
0 0.8734375 0.5078125 0.253125 0.20625