0 0.10859375 0.0890625 0.2171875 0.178125
0 0.1140625 0.41640625 0.228125 0.3046875
0 0.941714978089198 0.3559501359301865 0.0031522735389504673 0.0016898339923887562
0 0.9284473648586733 0.35462771646253416 0.00315227353895029 0.0016898339923887562
0 0.9245002045502477 0.35681229897204825 0.0031795470779005797 0.0032523339923887563
0 0.86875 0.43828125 0.2625 0.2609375
0 0.8359375 0.078125 0.328125 0.15625
0 0.540625 0.13046875 0.321875 0.1921875
0 0.03937518222911338 0.9737438365010277 0.00315227353895029 0.0016898339923887562
0 0.18125 0.64765625 0.3625 0.1578125
0 0.115625 0.7921875 0.23125 0.415625