0 0.0828125 0.20625 0.165625 0.225
0 0.51171875 0.2609375 0.3140625 0.115625
0 0.80390625 0.153125 0.2703125 0.30625
0 0.041392207790068004 0.5696042568829012 0.0016170470779006685 0.003188666996194378
0 0.050067778406919006 0.573941588403832 0.0016170470779006685 0.003188666996194378
0 0.07712120210802506 0.6009842494685274 0.0031795470779005797 0.0032523339923887563
0 0.07487290949435135 0.606548499962819 0.0016170470779005796 0.003188666996194378
0 0.07040359780595402 0.6192395009514021 0.0016170470779007574 0.003188666996194378
0 0.06890928165332988 0.6232094179475964 0.0016170470779006685 0.003188666996194378
0 0.06516667288703193 0.6327435854380825 0.0016170470779006685 0.003188666996194378
0 0.05994338473758498 0.647028919924763 0.0016170470779006685 0.003188666996194378
0 0.055446799510237364 0.6581574209133461 0.0016170470779006685 0.003188666996194378
0 0.05022351136079042 0.6724427554000264 0.0016170470779006685 0.003188666996194378
0 0.0457269261334428 0.6835712563886096 0.003234094155801337 0.006377333992388756
0 0.04125761444504557 0.6962622573771927 0.004851141233702094 0.009566000988583134
0 0.04221614244822276 0.7063866738790956 0.0016170470779006685 0.003188666996194378
0 0.012715603080959825 0.7630969303048862 0.0016170470779006685 0.003188666996194378
0 0.00820538108413702 0.7734441812934694 0.0016170470779006685 0.003188666996194556
0 0.06640625 0.7734375 0.1328125 0.453125
0 0.88125 0.39765625 0.2375 0.1578125
0 0.834375 0.7375 0.33125 0.525