0 0.4796875 0.4203125 0.159375 0.1375
0 0.378125 0.2703125 0.3625 0.271875
0 0.6765625 0.16796875 0.234375 0.3359375
0 0.86953125 0.0453125 0.2609375 0.090625
0 0.24765625 0.6828125 0.1140625 0.046875
0 0.484375 0.68515625 0.15 0.0515625
0 0.49453125 0.7 0.1296875 0.08125
0 0.5671875 0.9953125 0.0125 0.009375
0 0.5966904216359701 0.9873070553892959 0.008031021287323447 0.0037169958508151526
0 0.606502464210617 0.9803466603683179 0.0016717606436617237 0.0016808991701630304
0 0.6067374109923083 0.9880999607832364 0.0016717606436617237 0.0016808991701630304
0 0.6574094003486466 0.985814487752938 0.006468521287323448 0.003598596680652122
0 0.6726901929232936 0.9784396956363892 0.0016717606436618127 0.0016808991701630304
0 0.678738097130338 0.9919693993706555 0.009812042574646896 0.006960395020978183
0 0.7796875 0.95703125 0.440625 0.0859375