0 0.0220888261584423 0.6471140940483615 0.0016808991701630304 0.0015806813335455417
0 0.14453125 0.49296875 0.2890625 0.3640625
0 0.7936006637155321 0.6636952560868596 0.006841995850815153 0.007885225334181812
0 0.7950564199393094 0.6520037780871778 0.0033617983403260608 0.0031613626670910834
0 0.7951864745034127 0.6434191187539504 0.003598596680652122 0.006286362667091083
0 0.8031047956642556 0.6037026380887685 0.008759693361304244 0.012590906667727353
0 0.8063831610162395 0.5748600227561778 0.0037169958508151526 0.007848862667091084
0 0.8119227659952616 0.5655577480903595 0.0016808991701630304 0.0015806813335451863
0 0.8040510664101801 0.5646855914226322 0.0016808991701630304 0.0015806813335451863
0 0.7978593433798817 0.513877069422314 0.003598596680652122 0.006286362667090728
0 0.8029253516782514 0.4983247947564958 0.0016808991701630304 0.0015806813335455417
0 0.7883892549975994 0.49191116275458685 0.0053978950209781825 0.00942954400063627
0 0.7078125 0.4125 0.278125 0.6125
0 0.621875 0.0515625 0.125 0.103125
0 0.915625 0.0671875 0.16875 0.134375
0 0.48359375 0.7796875 0.1515625 0.121875
0 0.19921875 0.77890625 0.2265625 0.1203125