0 0.4130969303048862 0.09471953346253388 0.003188666996194378 0.0017627590992986164
0 0.4269047623201086 0.10187069940937779 0.009629667984777513 0.006850777297895938
0 0.37109375 0.2421875 0.3953125 0.484375
0 0.91875 0.165625 0.1625 0.33125
0 0.28125 0.8765625 0.5625 0.246875
0 0.56953125 0.73828125 0.0015625 0.0015625
0 0.6484375 0.75625 0.159375 0.315625
0 0.8390094673767553 0.5810377652639366 0.003188666996194378 0.0017627590992986164
0 0.8423573018634356 0.5757692743632352 0.0032523339923887563 0.003325259099298661
0 0.8622387203425047 0.5684271437338517 0.006441000988583312 0.005088018198597277
0 0.8620158858558244 0.5738958937338519 0.0032523339923887563 0.0033252590992986163
0 0.8875 0.6734375 0.225 0.26875