0 0.42734375 0.51484375 0.1046875 0.1078125
0 0.09772849420407308 0.1746949874709463 0.17626713996249954 0.2164484339354164
0 0.55390625 0.2015625 0.1484375 0.1875
0 0.521875 0.4015625 0.084375 0.1875
0 0.16875 0.88515625 0.3375 0.2296875
0 0.04375 0.7796875 0.0875 0.215625
0 0.8374390858154627 0.591222810876742 0.0032617010367593123 0.001671627404661713
0 0.70390625 0.6609375 0.3265625 0.184375
0 0.57578125 0.9671875 0.1890625 0.065625
0 0.54140625 0.82734375 0.1234375 0.1796875
0 0.5140625 0.60234375 0.06875 0.0671875