0 0.3421826540679856 0.37526353586625766 0.003234127404661713 0.0033435212873236253
0 0.2125 0.00078125 0.003125 0.0015625
0 0.22578125 0.00078125 0.0046875 0.0015625
0 0.1984375 0.0875 0.303125 0.175
0 0.41796875 0.359375 0.2421875 0.334375
0 0.66328125 0.125 0.2484375 0.25
0 0.92109375 0.21796875 0.1578125 0.3359375
0 0.8984375 0.0734375 0.203125 0.146875
0 0.0889931335647475 0.9177566744859617 0.003234127404661713 0.0033435212873236253
0 0.18562508610448542 0.9713026555444266 0.003234127404661713 0.0033435212873234475
0 0.27421875 0.775 0.5296875 0.45
0 0.715625 0.63125 0.353125 0.1625