0 0.34610740457102285 0.4133462905883742 0.0016900457576344507 0.0015897735389502898
0 0.3228134257828502 0.4059292569031541 0.0016900457576344507 0.0015897735389504674
0 0.3457096944096037 0.14969684781254458 0.0016900457576344507 0.0015897735389504674
0 0.28203125 0.21640625 0.3953125 0.4328125
0 0.9766244677474629 0.10139353571711025 0.0016900457576344507 0.0015897735389502898
0 0.8515625 0.1453125 0.296875 0.290625
0 0.540625 0.6359375 0.178125 0.20625
0 0.27938383743238315 0.7409799614468112 0.17952722970625654 0.24965690097293472
0 0.809375 0.9328125 0.165625 0.134375
0 0.89375 0.56796875 0.140625 0.0765625
0 0.66484375 0.5875 0.0703125 0.115625
0 0.65625 0.559375 0.053125 0.059375