0 0.5283692278672572 0.44959855063791815 0.0015988675911806638 0.0016900457576344507
0 0.408492485751042 0.4249975501788762 0.2810733877271529 0.28338555334367826
0 0.1417543549577432 0.1544786586539088 0.0015988675911804862 0.0016900457576345396
0 0.1408458183886112 0.14894613577509153 0.00163523518236115 0.0032525457576345397
0 0.12338556145475703 0.13582438244111167 0.00632273518236115 0.003635183030538158
0 0.121950348023889 0.14116558668347712 0.0031977351823611498 0.003380091515269079
0 0.09765625 0.15234375 0.1953125 0.3046875
0 0.1015625 0.5703125 0.203125 0.1375
0 0.7535464933504863 0.002229729875434483 0.0031977351823611498 0.003380091515269079
0 0.7290459475663894 0.4571724503286574 0.003161367591180486 0.001817591515269079
0 0.7157646975663894 0.45608831138876393 0.0015988675911804862 0.0016900457576344507
0 0.7127306165443408 0.4597394698734948 0.0031977351823611498 0.003380091515269079
0 0.696875 0.53125 0.25 0.215625
0 0.66796875 0.0703125 0.2359375 0.140625
0 0.64921875 0.278125 0.1984375 0.15625
0 0.16875 0.734375 0.3375 0.190625
0 0.69140625 0.89609375 0.2828125 0.2078125