0 0.3385034045311935 0.47271770199564733 0.0033252590992987052 0.0033800915152689013
0 0.3109375 0.45859375 0.196875 0.1203125
0 0.05546875 0.45234375 0.1109375 0.1328125
0 0.9201901889258032 0.10006119411973957 0.0033252590992987052 0.003380091515269079
0 0.9205907071244004 0.10631119411973958 0.0033252590992987052 0.003380091515269079
0 0.919528854872647 0.11399614836210503 0.0033252590992987052 0.003380091515269079
0 0.54453125 0.35546875 0.2703125 0.3265625
0 0.07592545650609157 0.7901287294163926 0.13543445712440044 0.12452125212603189
0 0.0578125 0.90234375 0.115625 0.1953125
0 0.59453125 0.55 0.1328125 0.0625
0 0.46796875 0.57265625 0.1171875 0.1078125