0 0.175 0.45 0.328125 0.078125
0 0.1875 0.0546875 0.3625 0.109375
0 0.184375 0.11328125 0.36875 0.2265625
0 0.49453125 0.28984375 0.2515625 0.3984375
0 0.8901571652485529 0.1577474475919857 0.0016535052616717394 0.001571590359079522
0 0.7609375 0.1859375 0.478125 0.371875
0 0.678125 0.06171875 0.475 0.1234375
0 0.290625 0.65078125 0.15625 0.3234375
0 0.6321718180487982 0.557395906124879 0.0033070105233436566 0.003143180718159222
0 0.6248297549087359 0.5386095446885605 0.004960515785015574 0.004714771077238921
0 0.7671875 0.60703125 0.465625 0.2359375
0 0.865625 0.81953125 0.26875 0.3609375