0 0.2440827760612782 0.3309972113342675 0.005088018198597411 0.00646832382131759
0 0.22538284083610288 0.3326517566195378 0.0033252590992987052 0.0032705492142117267
0 0.2021479950627545 0.21462950269059636 0.37853931677740943 0.34010288502724134
0 0.11328125 0.4703125 0.2265625 0.31875
0 0.06640625 0.1796875 0.1328125 0.228125
0 0.0046875 0.528125 0.009375 0.06875
0 0.7140625 0.31484375 0.409375 0.6296875
0 0.52265625 0.3296875 0.0265625 0.175
0 0.2046875 0.81484375 0.409375 0.3703125
0 0.01328125 0.67265625 0.0265625 0.0859375
0 0.7328125 0.81484375 0.446875 0.3703125
0 0.52265625 0.85390625 0.0265625 0.1734375