0 0.4352058679185492 0.16653781118886607 0.0031613626670909055 0.0033617983403260608
0 0.44163768125400366 0.15043921450821393 0.0031613626670909055 0.0033617983403260608
0 0.42734375 0.0796875 0.4671875 0.159375
0 0.9609375 0.13984375 0.078125 0.2796875
0 0.78359375 0.1125 0.1890625 0.225
0 0.5813547092616396 0.5073241414732712 0.0031613626670910834 0.0033617983403260608
0 0.597435337285184 0.3328210489418041 0.0031613626670910834 0.0033617983403260608
0 0.6015625 0.4203125 0.175 0.28125
0 0.103125 0.40703125 0.20625 0.2546875
0 0.77578125 0.7234375 0.1734375 0.375
0 0.92265625 0.84453125 0.1546875 0.3015625
0 0.75390625 0.4171875 0.1296875 0.275
0 0.73828125 0.40390625 0.0984375 0.2484375
0 0.94765625 0.4375 0.1046875 0.315625