0 0.00078125 0.1859375 0.0015625 0.003125
0 0.3250154477164596 0.08670986221347513 0.0018725804095257813 0.003234260643661724
0 0.3276813760783563 0.09893671060432077 0.0018725804095257813 0.0032342606436618127
0 0.33198127556644896 0.1025151786733356 0.0034350804095257814 0.0033435212873234475
0 0.3953125 0.1203125 0.228125 0.240625
0 0.05625 0.33984375 0.1125 0.3984375
0 0.2234375 0.45859375 0.20625 0.1609375
0 0.00078125 0.66875 0.0015625 0.003125
0 0.00078125 0.6921875 0.0015625 0.003125
0 0.07890625 0.78046875 0.1578125 0.3609375
0 0.396875 0.8453125 0.225 0.309375
0 0.7875 0.53984375 0.003125 0.0015625
0 0.58203125 0.64453125 0.1453125 0.2109375
0 0.76015625 0.66875 0.3234375 0.259375
0 0.7324145686757432 0.8796025665367351 0.0018725804095257813 0.0032342606436618127
0 0.7082793877543101 0.888272726191661 0.0018725804095257813 0.0032342606436618127
0 0.7521190058090624 0.8999479175254708 0.0018725804095257813 0.0032342606436618127
0 0.71171875 0.92265625 0.3765625 0.1546875