0 0.03515625 0.48203125 0.0703125 0.0953125
0 0.14054557741251092 0.22533023546386471 0.003234127404661713 0.003143180718159222
0 0.14674101371018006 0.22685637402754616 0.003234127404661713 0.003143180718159222
0 0.23251731180341428 0.16387003981678666 0.38879963828925296 0.26314645725634717
0 0.72109375 0.14453125 0.4046875 0.2890625
0 0.95390625 0.37578125 0.0921875 0.2078125
0 0.946875 0.08984375 0.10625 0.1796875
0 0.0984375 0.690625 0.196875 0.2125
0 0.60625 0.7703125 0.175 0.321875
0 0.85 0.69453125 0.3 0.2359375
0 0.83671875 0.93203125 0.2453125 0.1359375