0 0.0730207383976186 0.4572697995623596 0.001671627404661713 0.0032160052616717395
0 0.07470972396964833 0.47615630745486737 0.003234127404661713 0.003307010523343834
0 0.06015625 0.54921875 0.0015625 0.0015625
0 0.121875 0.32265625 0.24375 0.4546875
0 0.60390625 0.41875 0.1703125 0.2625
0 0.23442206298454066 0.7895369970162281 0.003234127404661713 0.003307010523343834
0 0.22884418557987893 0.7923434786003767 0.003234127404661713 0.003307010523343834
0 0.22248505817521722 0.7951044575536894 0.001671627404661713 0.0032160052616717395
0 0.21693446262172095 0.7971296891378379 0.001671627404661713 0.003216005261671917
0 0.21132930336589378 0.8007174207219864 0.001671627404661713 0.0032160052616717395
0 0.20577870781239752 0.802742652306135 0.001671627404661713 0.0032160052616717395
0 0.20022811225890128 0.8047678838902834 0.001671627404661713 0.0032160052616717395
0 0.19465023485423955 0.8075743654744321 0.001671627404661713 0.0032160052616717395
0 0.2651338604448027 0.8516043575113372 0.25286213828925297 0.2751343208208084
0 0.7 0.60234375 0.2625 0.1046875
0 0.5875 0.61015625 0.1375 0.1203125
0 0.86875 0.84296875 0.2625 0.3140625