0 0.11015625 0.4 0.2203125 0.4
0 0.18984375 0.60078125 0.0015625 0.0015625
0 0.18046875 0.60078125 0.0015625 0.0015625
0 0.14375 0.60078125 0.003125 0.0015625
0 0.14453125 0.60078125 0.0015625 0.0015625
0 0.14140625 0.60078125 0.0015625 0.0015625
0 0.14140625 0.60078125 0.0015625 0.0015625
0 0.13984375 0.60078125 0.0015625 0.0015625
0 0.13863134885831743 0.6025041070176951 0.0016898339923887562 0.0032342606436618127
0 0.13751451783167817 0.6135508676613568 0.0016898339923887562 0.0032342606436618127
0 0.13580743779362212 0.6293397586268494 0.0016898339923887562 0.0032342606436618127
0 0.13547185676698287 0.6403318889486802 0.0033796679847775124 0.006468521287323448
0 0.13366927623463526 0.6537770299141729 0.003443334980972068 0.008031021287323447
0 0.12855069471370434 0.6627531921669888 0.0016898339923887562 0.0032342606436618127
0 0.13034795805957716 0.7260890724888197 0.0016898339923887562 0.0032342606436618127
0 0.1292311270329379 0.7371358331324815 0.0016898339923887562 0.0032342606436618127
0 0.12640721596824261 0.7639714847416359 0.0016898339923887562 0.0032342606436618127
0 0.12532221843970054 0.7757994953852976 0.0016898339923887562 0.0032342606436618127
0 0.16953125 0.8 0.2765625 0.4
0 0.89375 0.88671875 0.2125 0.2265625