0 0.00078125 0.00078125 0.0015625 0.0015625
0 0.07265625 0.0953125 0.1453125 0.190625
0 0.14296875 0.134375 0.2859375 0.26875
0 0.040625 0.246875 0.08125 0.175
0 0.23786952070624584 0.2615820485905299 0.19909233590559836 0.24132712903138548
0 0.2 0.4265625 0.2875 0.10625
0 0.9098973400160979 0.2205074766312393 0.16809370818165767 0.2211944114963739
0 0.61015625 0.38984375 0.2609375 0.1796875
0 0.13046875 0.72578125 0.2609375 0.4921875
0 0.30703125 0.90078125 0.2046875 0.1984375
0 0.853125 0.89375 0.29375 0.2125