0 0.14678745414399988 0.2647774940313199 0.0031704641066227167 0.0016898339923887562
0 0.1515204182506225 0.26302399304273677 0.0031704641066227167 0.0016898339923887562
0 0.15779315030393387 0.2619880750579592 0.0031704641066227167 0.0016898339923887562
0 0.16958009646386785 0.25916682258650126 0.0031704641066227167 0.0016898339923887562
0 0.31796875 0.396875 0.4703125 0.384375
0 0.7015625 0.0703125 0.203125 0.140625
0 0.884375 0.20078125 0.23125 0.2828125
0 0.0109375 0.58984375 0.003125 0.0015625
0 0.159375 0.65546875 0.31875 0.1328125
0 0.484375 0.75546875 0.23125 0.2734375
0 0.8 0.7625 0.4 0.346875