0 0.440625 0.27578125 0.278125 0.5390625
0 0.9076646417122042 0.05479360177195698 0.01726309471009326 0.02821590359079611
0 0.9075358390954855 0.03917314695149683 0.003307010523343834 0.003143180718159222
0 0.9151208259413061 0.03531234874689489 0.0033070105233436566 0.003143180718159222
0 0.9124130548946185 0.02904871320827542 0.0033070105233436566 0.003143180718159222
0 0.921067718077033 0.0033265505422929386 0.0033070105233436566 0.003143180718159222
0 0.91484375 0.16484375 0.1703125 0.3296875
0 0.36002786242007306 0.8589912641433518 0.0033070105233436566 0.003143180718159222
0 0.36462435715840125 0.8574560352205907 0.004960515785015574 0.004714771077238921
0 0.3171875 0.840625 0.525 0.31875
0 0.121875 0.56015625 0.003125 0.0015625
0 0.12734375 0.64765625 0.2546875 0.1765625
0 0.92578125 0.73515625 0.1484375 0.3515625