0 0.0484375 0.07890625 0.096875 0.1578125
0 0.1296875 0.07578125 0.259375 0.1515625
0 0.42578125 0.040625 0.1484375 0.08125
0 0.03538284264196436 0.85546875 0.0032705492142117267 0.003125
0 0.040070342641964365 0.85546875 0.0032705492142117267 0.003125
0 0.27147019996172794 0.78515625 0.0032705492142117267 0.003125
0 0.26647448490791603 0.775 0.00646832382131759 0.0046875
0 0.2792634292835635 0.80234375 0.0032705492142117267 0.003125
0 0.1640625 0.31953125 0.328125 0.0796875
0 0.33208883044085535 0.6578125 0.3180481025622527 0.3875
0 0.6960742477281976 0.6078125 0.26509426881613757 0.2234375