0 0.16775364389723196 0.5479533162350727 0.0031613626670909055 0.0032523339923887563
0 0.13203125 0.50859375 0.2640625 0.1203125
0 0.792494393300456 0.08028694965662017 0.0031613626670909055 0.0032523339923887563
0 0.92578125 0.4578125 0.1484375 0.221875
0 0.66640625 0.13203125 0.3296875 0.2640625
0 0.5804996392425497 0.4984135726608633 0.18116018801718106 0.13388420456235509
0 0.5024302779280942 0.3561040558549493 0.19117153469127163 0.18895370653952134
0 0.39140625 0.1734375 0.0453125 0.096875
0 0.428125 0.534375 0.11875 0.06875
0 0.17719610996181995 0.7259708868815886 0.2887556066995439 0.2538385603035736
0 0.36953125 0.60859375 0.0015625 0.0046875
0 0.36953125 0.6078125 0.0015625 0.003125
0 0.60703125 0.9125 0.4765625 0.175