0 0.371875 0.140625 0.19375 0.190625
0 0.09210256038689538 0.21220456332991242 0.11529680373891078 0.18184087334017515
0 0.85703125 0.11484375 0.2640625 0.2296875
0 0.63125 0.49453125 0.325 0.0890625
0 0.46953125 0.3546875 0.0015625 0.003125
0 0.525 0.3203125 0.1125 0.14375
0 0.54140625 0.0671875 0.1453125 0.134375
0 0.52734375 0.31875 0.1171875 0.16875
0 0.39375 0.91484375 0.15 0.1703125
0 0.328125 0.63125 0.28125 0.184375
0 0.090625 0.759375 0.18125 0.125
0 0.09375 0.61640625 0.1875 0.1546875
0 0.0328125 0.56171875 0.065625 0.0453125
0 0.05234375 0.73671875 0.1046875 0.1921875
0 0.86015625 0.53984375 0.0046875 0.0015625
0 0.859375 0.53984375 0.003125 0.0015625
0 0.7815981551934477 0.6914314375538504 0.0016808991701630304 0.001571590359079611
0 0.7583974535337737 0.6946927929400446 0.0016808991701630304 0.0015715903590796999
0 0.7375 0.62578125 0.30625 0.1734375
0 0.5359375 0.909375 0.134375 0.18125