0 0.86484375 0.07421875 0.2703125 0.1484375
0 0.35859375 0.67109375 0.1609375 0.3640625
0 0.43984375 0.971875 0.0015625 0.003125
0 0.43984375 0.98359375 0.0015625 0.0015625
0 0.43984375 0.9953125 0.0015625 0.003125
0 0.43984375 0.93359375 0.0015625 0.0015625
0 0.43984375 0.959375 0.0015625 0.00625
0 0.43984375 0.91484375 0.0015625 0.0015625
0 0.43984375 0.96484375 0.0015625 0.0015625
0 0.440625 0.9390625 0.003125 0.00625
0 0.43984375 0.9203125 0.0015625 0.003125
0 0.43984375 0.9515625 0.0015625 0.003125
0 0.43984375 0.9015625 0.0015625 0.003125
0 0.43984375 0.94921875 0.0015625 0.0015625
0 0.43984375 0.96328125 0.0015625 0.0015625
0 0.43984375 0.94609375 0.0015625 0.0015625
0 0.43984375 0.96015625 0.0015625 0.0015625
0 0.43984375 0.9359375 0.0015625 0.003125
0 0.44296875 0.9515625 0.0078125 0.01875
0 0.43984375 0.9265625 0.0015625 0.003125
0 0.62890625 0.865625 0.3796875 0.26875
0 0.8609375 0.54453125 0.253125 0.1109375