0 0.30625 0.00078125 0.00625 0.0015625
0 0.2125 0.003125 0.009375 0.00625
0 0.16640625 0.06875 0.3328125 0.1375
0 0.884375 0.05 0.23125 0.1
0 0.81796875 0.3001603959900053 0.2953125 0.2793794007430071
0 0.65703125 0.09593743052190859 0.009375 0.0035616476426351797
0 0.61796875 0.090725545699555 0.009375 0.0035616476426351797
0 0.63515625 0.128125 0.1515625 0.1
0 0.48671875 0.7609375 0.1453125 0.2875
0 0.26015625 0.9823478496712778 0.0015625 0.0016352746071056855
0 0.25703125 0.9879621488854895 0.0015625 0.0031977746071056856
0 0.2390625 0.9981740568672068 0.00625 0.003416098428423453
0 0.23828125 0.9919604441707597 0.003125 0.0032705492142117267
0 0.15390625 0.8984375 0.3078125 0.203125
0 0.1578125 0.54921875 0.315625 0.1609375
0 0.72734375 0.53125 0.3359375 0.125