0 0.16015625 0.20703125 0.3203125 0.3953125
0 0.25234375 0.021875 0.2046875 0.04375
0 0.0640625 0.11015625 0.128125 0.2203125
0 0.56875 0.49140625 0.21875 0.2171875
0 0.890625 0.40703125 0.21875 0.3859375
0 0.54453125 0.1453125 0.1703125 0.24375
0 0.86953125 0.0828125 0.2609375 0.165625
0 0.66015625 0.0109375 0.0890625 0.021875
0 0.0546875 0.90234375 0.109375 0.1953125
0 0.9828614642297516 0.9107882164680909 0.0032705492142117267 0.0031977351823611498
0 0.9740857777119869 0.9144944447165978 0.011592471463952592 0.014317073138263936
0 0.88125 0.8515625 0.2375 0.296875
0 0.5453125 0.62890625 0.121875 0.0578125
0 0.47734375 0.61796875 0.0359375 0.0359375