0 0.0296875 0.10625 0.059375 0.146875
0 0.04453125 0.053125 0.0890625 0.10625
0 0.07712781182509634 0.3232132317855734 0.1118194114963739 0.1573906887450242
0 0.62890625 0.3578125 0.2265625 0.121875
0 0.6484375 0.0734375 0.225 0.146875
0 0.96328125 0.290625 0.0734375 0.153125
0 0.06171875 0.73828125 0.1234375 0.2453125
0 0.14102345367676322 0.8824715321661343 0.2045163337461151 0.1720845415204934
0 0.1421875 0.5234375 0.284375 0.209375
0 0.19453125 0.49453125 0.2890625 0.1515625
0 0.8684355543814982 0.8804699748654912 0.17900691149637407 0.16012836958138302