0 0.213669674355688 0.015329115513105184 0.0017262743102595124 0.003225129549649308
0 0.17109375 0.16796875 0.3234375 0.3359375
0 0.1221716553609538 0.5197674892026584 0.21976138059640907 0.2710296005537103
0 0.409375 0.09765625 0.1 0.1953125
0 0.7323466740170037 0.23366331507936647 0.1386131999091429 0.1786232526208936
0 0.9401027838096564 0.5472005906792194 0.07169129353213641 0.09024307063492074
0 0.49322113975712156 0.4887759099298643 0.14854812188998173 0.24933627081949084
0 0.7989787375639864 0.697283328959027 0.10399253844375381 0.17173290252860837
0 0.2375 0.9046875 0.24375 0.190625
0 0.05390625 0.91171875 0.1078125 0.1765625
0 0.6328125 0.81015625 0.003125 0.0015625
0 0.65078125 0.8109375 0.0046875 0.003125
0 0.6390625 0.81015625 0.003125 0.0015625
0 0.6859375 0.81015625 0.003125 0.0015625
0 0.6328125 0.8125 0.01875 0.00625
0 0.559375 0.9046875 0.396875 0.190625
0 0.85234375 0.93984375 0.2140625 0.1203125