0 0.3546875 0.45703125 0.05 0.2109375
0 0.30703125 0.659375 0.1453125 0.159375
0 0.10703125 0.48984375 0.2140625 0.2109375
0 0.07734375 0.17890625 0.1546875 0.3578125
0 0.0875 0.59375 0.175 0.290625
0 0.55 0.4390625 0.340625 0.39375
0 0.4109375 0.45234375 0.0625 0.2203125
0 0.48984375 0.09296875 0.2203125 0.1859375
0 0.18984375 0.86953125 0.3796875 0.2609375
0 0.21953125 0.77734375 0.1828125 0.0765625
0 0.06015625 0.79140625 0.1203125 0.1046875
0 0.72265625 0.94609375 0.4078125 0.1078125
0 0.60546875 0.8046875 0.4015625 0.13125