0 0.19657132209220968 0.35478215038117067 0.0032523339923887563 0.0033070105233436566
0 0.2454690785180002 0.3215377399001793 0.16328786167271758 0.14356653142885678
0 0.5443774693167406 0.20886343465262486 0.004878500988583135 0.004960515785015574
0 0.5616923033091293 0.20473737677423456 0.0032523339923887563 0.0033070105233436566
0 0.6359375 0.30859375 0.234375 0.3015625
0 0.81328125 0.09453125 0.3734375 0.1890625
0 0.88125 0.3171875 0.2375 0.20625
0 0.259375 0.6265625 0.51875 0.334375
0 0.51953125 0.46015625 0.0015625 0.0015625
0 0.5203125 0.46171875 0.003125 0.0046875
0 0.5203125 0.46171875 0.003125 0.0046875
0 0.63203125 0.5390625 0.2265625 0.159375
0 0.9375 0.57421875 0.125 0.2296875