0 0.4765625 0.3796875 0.065625 0.2
0 0.2703125 0.04921875 0.284375 0.0984375
0 0.21953125 0.0328125 0.2328125 0.065625
0 0.13984375 0.3359375 0.2796875 0.2875
0 0.7539209070731816 0.07338527117888693 0.014189833992388757 0.0035341769596040963
0 0.83125 0.1046875 0.309375 0.209375
0 0.746875 0.43515625 0.475 0.0890625
0 0.51171875 0.11328125 0.0046875 0.0046875
0 0.5484375 0.13828125 0.078125 0.0890625
0 0.59765625 0.06171875 0.1765625 0.1234375
0 0.5984375 0.40625 0.178125 0.146875
0 0.5078125 0.69375 0.003125 0.003125
0 0.5068244366934958 0.7469986159268952 0.003188666996194378 0.0016534282132454337
0 0.5046252667315518 0.7625781518202726 0.003188666996194378 0.0016534282132454337
0 0.500606270191593 0.7460355095004044 0.003188666996194378 0.0016534282132454337
0 0.4968764337277463 0.7607883312871591 0.003188666996194556 0.0016534282132454337
0 0.49630077216875934 0.7365241171805363 0.0032523339923887563 0.0032159282132454337
0 0.5003516022068154 0.7522855095004044 0.016389003954332716 0.019204641066226814
0 0.4912140241459257 0.7269899928073571 0.0032523339923887563 0.0032159282132454337
0 0.29140625 0.8015625 0.4359375 0.390625
0 0.0546875 0.53046875 0.109375 0.1015625
0 0.68125 0.8609375 0.34375 0.278125
0 0.5671875 0.65625 0.115625 0.3375