0 0.47421875 0.178125 0.2890625 0.35625
0 0.0765625 0.08359375 0.153125 0.1671875
0 0.68671875 0.0515625 0.1359375 0.103125
0 0.7240625927279074 0.33815233863781946 0.13010914065150558 0.10303518801718106
0 0.56953125 0.5171875 0.0984375 0.15625
0 0.4296875 0.43203125 0.221875 0.0640625
0 0.23185527847742238 0.8903768152848659 0.1640129146981227 0.1346669960216353
0 0.05 0.434375 0.1 0.06875
0 0.03984375 0.65 0.0796875 0.1
0 0.83203125 0.44921875 0.2515625 0.0984375
0 0.7109375 0.93359375 0.184375 0.1328125
0 0.65703125 0.434375 0.0765625 0.06875