0 0.32734375 0.2625 0.4828125 0.39375
0 0.9869455585701417 0.08243362169498152 0.0016443871551295786 0.0016717606436618127
0 0.9751006558111797 0.09405953654568763 0.0016443871551297562 0.0016717606436618127
0 0.996566220035531 0.08777668555695191 0.005015048620519024 0.006577781930985171
0 0.9805694058111797 0.09444194879850372 0.0016443871551297562 0.0016717606436618127
0 0.9653128980092636 0.10038059236188634 0.004933161465389269 0.005015281930985172
0 0.9977126402073475 0.1096516855569519 0.0032887743102595125 0.0033435212873234475
0 0.9453125 0.23125 0.109375 0.45625
0 0.41796875 0.50625 0.2203125 0.09375
0 0.1203125 0.584375 0.240625 0.25
0 0.10390625 0.8515625 0.2078125 0.296875
0 0.50703125 0.8953125 0.1234375 0.209375
0 0.63828125 0.84140625 0.1390625 0.3140625