0 0.61015625 0.00078125 0.0015625 0.0015625
0 0.61015625 0.00078125 0.0015625 0.0015625
0 0.61015625 0.02109375 0.0015625 0.0046875
0 0.69453125 0.11796875 0.1703125 0.2359375
0 0.78984375 0.30546875 0.3609375 0.1078125
0 0.4281095553787252 0.6895058413946009 0.0031613626670909055 0.0032705492142117267
0 0.4312800087125888 0.6935576406088126 0.0031613626670909055 0.0032705492142117267
0 0.3828125 0.66640625 0.453125 0.3671875
0 0.0535015487348605 0.8399359110820892 0.0031613626670909055 0.0032705492142117267
0 0.109375 0.77734375 0.21875 0.3390625
0 0.73984375 0.86015625 0.2609375 0.2796875