0 0.31276426519888856 0.1393525773276929 0.19186280452090293 0.12691470798203355
0 0.0359375 0.028125 0.071875 0.05625
0 0.02890625 0.1875 0.0578125 0.084375
0 0.928125 0.17734375 0.14375 0.1609375
0 0.4379590612673258 0.8429661614484438 0.003161367591180486 0.001671627404661713
0 0.42582077754798553 0.9284770755135945 0.003161367591180664 0.001671627404661713
0 0.38349042002479106 0.8019344228811892 0.003161367591180664 0.001671627404661713
0 0.37136901368027714 0.9537970232440088 0.0031977351823609724 0.003234127404661713
0 0.3548770703853815 0.6897444469278062 0.003161367591180664 0.001671627404661713
0 0.33688883016902726 0.7582861158022803 0.003161367591180664 0.001671627404661713
0 0.31768488848965226 0.744905662081416 0.003161367591180486 0.001671627404661713
0 0.3139241088543745 0.7387920713372431 0.003161367591180664 0.001671627404661713
0 0.409375 0.446875 0.2 0.09375
0 0.22734375 0.821875 0.4546875 0.296875
0 0.06796875 0.7203125 0.1359375 0.175
0 0.9640625 0.91171875 0.071875 0.0859375
0 0.7245005457840968 0.711550047375444 0.003161367591180486 0.001671627404661713
0 0.7274820350505206 0.6169915155242787 0.17859908510611114 0.0936656983633867
0 0.6900313607542355 0.8844890395708959 0.1924083183886113 0.15035220798203355