0 0.18858168911876977 0.42805965299003396 0.0032525457576345397 0.0017627590992987051
0 0.27421875 0.309375 0.5484375 0.28125
0 0.13515625 0.0875 0.2703125 0.175
0 0.62265625 0.19609375 0.1078125 0.1984375
0 0.58984375 0.07734375 0.0421875 0.1546875
0 0.30553174925109394 0.7026474452473247 0.2574610400077587 0.22166995064599543
0 0.9124018263916733 0.896488280380215 0.0032525457576345397 0.0017627590992987051
0 0.9122264832094142 0.8848195951550396 0.006632637272903618 0.005088018198597411
0 0.9162123526044705 0.9146072247046888 0.0032525457576344508 0.0017627590992987051
0 0.721875 0.5125 0.30625 0.125
0 0.76640625 0.81953125 0.3640625 0.3609375