0 0.45078125 0.10078125 0.0015625 0.0015625
0 0.45078125 0.18828125 0.0015625 0.0015625
0 0.45078125 0.06171875 0.0015625 0.0015625
0 0.45078125 0.215625 0.0015625 0.003125
0 0.45321965504022366 0.02252780167668824 0.003234260643661724 0.001817591515269079
0 0.473843511476841 0.008497123647119941 0.0032342606436618127 0.001817591515269079
0 0.4781868040514879 0.002565988041206335 0.0032342606436618127 0.001817591515269079
0 0.50234375 0.0421875 0.1046875 0.084375
0 0.62578125 0.12578125 0.3515625 0.2515625
0 0.9359375 0.0515625 0.128125 0.103125
0 0.225 0.665625 0.45 0.34375
0 0.55390625 0.8078125 0.2078125 0.375
0 0.86484375 0.93046875 0.2703125 0.1390625