0 0.23125 0.04921875 0.24375 0.0984375
0 0.18596468249983608 0.37367824336471145 0.0016170637023307677 0.0016626295496493526
0 0.20956587360682857 0.3704926866094513 0.0016170637023307677 0.0016626295496493526
0 0.2203125 0.41171875 0.29375 0.1359375
0 0.43046875 0.41640625 0.0015625 0.0078125
0 0.4336308893007432 0.386857254780362 0.001671627404661713 0.0032251295496493527
0 0.4376735485565704 0.38320132865448525 0.0016170637023308564 0.0016626295496493526
0 0.55625 0.396875 0.253125 0.165625
0 0.23317947759784538 0.7696160973145079 0.001671627404661713 0.0032251295496493527
0 0.23812987242570224 0.7848103007382805 0.0016170637023308564 0.0016626295496493526
0 0.2369121128070554 0.7972602359634559 0.001671627404661713 0.0032251295496493527
0 0.25765368794213167 0.7414305405592477 0.0016170637023308564 0.0016626295496493526
0 0.2528198550025071 0.7677427166851244 0.00485119110699257 0.004987888648948058
0 0.2698907931142748 0.7273377621816176 0.0016170637023308564 0.0016626295496493526
0 0.2572072546396874 0.7766368553340725 0.0016170637023308564 0.0016626295496493526
0 0.26282233757931195 0.7503747439830203 0.008030754809323425 0.006750647748246586
0 0.27045378830495137 0.7336378269564423 0.0016170637023308564 0.0016626295496493526
0 0.26235854610949966 0.7636559939830203 0.003234127404661713 0.0033252590992987052
0 0.27652273903059077 0.716800780380215 0.003234127404661713 0.0033252590992987052
0 0.26701876425833426 0.7647376326319683 0.0016170637023308564 0.0016626295496493526
0 0.2649379090861911 0.779481253082319 0.0016170637023308564 0.0016626295496493526
0 0.27326876425833424 0.7651381508305656 0.0016170637023308564 0.0016626295496493526
0 0.2727504090861911 0.7799819008305656 0.0016170637023308564 0.0016626295496493526
0 0.27981886462115396 0.7569449190291628 0.001671627404661713 0.0032251295496493527
0 0.27151529130017626 0.7705067712809163 0.01627976442797028 0.01975129549649317
0 0.2863144012816428 0.7503141872277601 0.001671627404661713 0.0032251295496493527
0 0.3078125 0.8203125 0.24375 0.359375
0 0.5421875 0.8671875 0.225 0.265625
0 0.80078125 0.571875 0.3140625 0.184375
0 0.9755530052726595 0.6283726426541175 0.001671627404661713 0.0032251295496493527
0 0.94453125 0.6640625 0.1109375 0.15
0 0.94609375 0.9234375 0.1078125 0.153125