0 0.053125 0.1125 0.10625 0.225
0 0.2046875 0.25859375 0.25 0.1015625
0 0.4609375 0.1546875 0.2625 0.309375
0 0.00078125 0.37265625 0.0015625 0.0046875
0 0.00078125 0.378125 0.0015625 0.003125
0 0.00078125 0.37421875 0.0015625 0.0046875
0 0.00078125 0.4015625 0.0015625 0.003125
0 0.0015625 0.39453125 0.003125 0.0046875
0 0.00078125 0.415625 0.0015625 0.003125
0 0.00078125 0.3984375 0.0015625 0.003125
0 0.0015625 0.40546875 0.003125 0.0078125
0 0.00078125 0.415625 0.0015625 0.003125
0 0.00078125 0.40390625 0.0015625 0.0046875
0 0.00078125 0.42421875 0.0015625 0.0046875
0 0.00078125 0.409375 0.0015625 0.003125
0 0.00078125 0.40625 0.0015625 0.003125
0 0.00078125 0.415625 0.0015625 0.003125
0 0.00078125 0.4140625 0.0015625 0.003125
0 0.00078125 0.42265625 0.0015625 0.0046875
0 0.0046875 0.4140625 0.009375 0.01875
0 0.00078125 0.43046875 0.0015625 0.0046875
0 0.11875 0.575 0.2375 0.528125
0 0.0875 0.96171875 0.175 0.0765625
0 0.4590242953930427 0.5294629700429525 0.0031613626670909055 0.0031613626670909055
0 0.4559356580601336 0.5325516073758616 0.0031613626670909055 0.0031613626670909055
0 0.3678105914226323 0.7463408400302259 0.0031613626670909055 0.0031613626670909055
0 0.3795566134229504 0.7488209500318167 0.0047602253341818114 0.006304544000636269
0 0.3490060474219959 0.7414351640276806 0.0031613626670909055 0.0031613626670909055
0 0.896875 0.921875 0.20625 0.15625
0 0.465625 0.85390625 0.271875 0.2921875