0 0.48510915738601207 0.3540783958952781 0.0016717606436617237 0.0015988675911804862
0 0.4865459712479826 0.3447215796908685 0.0016717606436618127 0.0015988675911806638
0 0.5037388250867098 0.3114733218070837 0.0017810212873236252 0.003161367591180486
0 0.508371694764879 0.31236367458062536 0.0032342606436618127 0.0016352351823609723
0 0.5217075750867097 0.3118915491056601 0.0016717606436618127 0.0015988675911806638
0 0.5256138250867097 0.3119824680836116 0.0016717606436618127 0.0015988675911806638
0 0.5349888250867098 0.31220067363069487 0.0016717606436618127 0.0015988675911804862
0 0.5498872054085406 0.3117649157469101 0.0032342606436618127 0.0016352351823609723
0 0.5608247054085407 0.31201948888517406 0.0016717606436618127 0.0015988675911806638
0 0.5749418357303716 0.31156554720579904 0.0032342606436618127 0.00163523518236115
0 0.5858793357303715 0.31182012034406287 0.006468521287323448 0.0032704703647223
0 0.5983793357303716 0.3121110610735074 0.008031021287323447 0.003306837955902786
0 0.6073008676613568 0.3076235828250004 0.0016717606436618127 0.0015988675911806638
0 0.6662388250867097 0.31525555128986155 0.0016717606436618127 0.0015988675911806638
0 0.6771216947648789 0.3162913744281255 0.0032342606436618127 0.0016352351823609723
0 0.7030122054085407 0.31532893968260467 0.0032342606436618127 0.0016352351823609723
0 0.7131684554085407 0.3155653290252783 0.0016717606436618127 0.0015988675911806638
0 0.7102184180296739 0.3577528290252783 0.458970080457717 0.20567726348645862