0 0.6840342475136092 0.25842595341340535 0.0032887743102595125 0.0031613626670909055
0 0.6877767232033497 0.26159640674726903 0.0032887743102595125 0.0031613626670909055
0 0.6938220053155253 0.2655753820814509 0.0016443871551297562 0.0015806813335455417
0 0.6975235374277009 0.26952708541531434 0.0016443871551297562 0.0015806813335455417
0 0.7028285131174414 0.2727157200827234 0.0016443871551297562 0.0015806813335455417
0 0.7073522388071819 0.27589526408335985 0.0016443871551297562 0.0015806813335455417
0 0.7118350209193575 0.2798560580839961 0.0016443871551297562 0.0015806813335455417
0 0.7163587466090979 0.2830356020846324 0.0016443871551297562 0.0015806813335455417
0 0.6421875 0.24765625 0.2125 0.1046875
0 0.1203125 0.44765625 0.240625 0.2609375
0 0.013974053031533096 0.689040701424223 0.0016443871551297562 0.0015806813335455417
0 0.13984375 0.65078125 0.2796875 0.2515625
0 0.04140625 0.890625 0.0828125 0.165625
0 0.5765736295803563 0.47702141207826915 0.20691389981828595 0.3428249413589988
0 0.36953125 0.78984375 0.1796875 0.3109375
0 0.7887748999338868 0.7984349774426768 0.24631723654387444 0.29019083736472595