0 0.1125 0.50234375 0.225 0.3140625
0 0.32421875 0.5578125 0.3109375 0.203125
0 0.36078592629555634 0.3728398722286661 0.17624801611703678 0.18343437697836434
0 0.078125 0.00234375 0.009375 0.0046875
0 0.10625 0.0921875 0.2125 0.184375
0 0.48046875 0.484375 0.0015625 0.003125
0 0.61796875 0.61875 0.2578125 0.08125
0 0.584375 0.35546875 0.209375 0.3609375
0 0.7271429496226396 0.3121800904551747 0.1489432223375921 0.19133540818602893
0 0.5941048571627784 0.21809149649349707 0.2079860316684254 0.20842773292582972
0 0.50703125 0.02890625 0.0546875 0.0578125
0 0.86015625 0.11796875 0.2171875 0.2359375
0 0.23984375 0.89375 0.4796875 0.2125
0 0.67734375 0.73828125 0.1953125 0.1578125
0 0.93046875 0.84765625 0.1390625 0.3046875