0 0.00078125 0.2921875 0.0015625 0.00625
0 0.004399668563050208 0.3085725508748524 0.0015806813335454528 0.0016261669961943781
0 0.00078125 0.259375 0.0015625 0.003125
0 0.06821617321773257 0.3942116205327853 0.015770450668363623 0.013136669961944136
0 0.1546875 0.271875 0.309375 0.334375
0 0.48046875 0.00078125 0.0046875 0.0015625
0 0.48125 0.059375 0.196875 0.11875
0 0.54453125 0.15234375 0.0703125 0.2703125
0 0.06395648189850467 0.7933295528520188 0.004760225334181767 0.006441000988583134
0 0.0731496685630502 0.8085725508748525 0.0015806813335454528 0.0016261669961943781
0 0.059659880569731746 0.759926803840602 0.0031613626670909055 0.0032523339923887563
0 0.05971442457036806 0.755239303840602 0.0015806813335454528 0.0016261669961945557
0 0.13696617321773258 0.8942116205327852 0.015770450668363623 0.013136669961944136
0 0.203125 0.80234375 0.35 0.3953125
0 0.54921875 0.43984375 0.0046875 0.0015625
0 0.515625 0.4984375 0.128125 0.11875
0 0.82578125 0.58203125 0.3484375 0.2859375