0 0.23125 0.19765625 0.45625 0.3234375
0 0.8367637254951383 0.3168262685031391 0.003398402073518625 0.0033252590992987052
0 0.67890625 0.1796875 0.4390625 0.359375
0 0.42203011635259247 0.4772037615633088 0.003398402073518625 0.0033252590992986163
0 0.41675685598499984 0.46132843768918547 0.00509760311027776 0.004987888648947969
0 0.4108096523563424 0.45550923426541284 0.008359304147037071 0.006750647748246586
0 0.40967708784171286 0.43368429904023753 0.0033984020735184474 0.003325259099298661
0 0.40479409820930545 0.4489087808416402 0.00509760311027776 0.004987888648947969
0 0.4061419847314351 0.4287965399409389 0.00509760311027776 0.004987888648947969
0 0.39877854406226837 0.44230832741786763 0.0033984020735184474 0.003325259099298661
0 0.36275356969842587 0.40348685687523184 0.01175770622055552 0.010075906847545247
0 0.3485837629594907 0.3924795057032126 0.0033984020735184474 0.0033252590992986384
0 0.3407323067389352 0.3826539227297907 0.0033984020735184474 0.0033252590992986384
0 0.3422558505183796 0.3734291170542646 0.003261701036759135 0.0017627590992986386
0 0.2584960051837963 0.3750533713732013 0.05136701036759259 0.018829145588778275
0 0.23515625 0.528125 0.4484375 0.3375
0 0.6437170630540272 0.6452225763381334 0.0033984020735184474 0.0033252590992987052
0 0.58046875 0.51875 0.2421875 0.3