0 0.159375 0.18359375 0.31875 0.3671875
0 0.7125 0.15 0.565625 0.3
0 0.45234375 0.05390625 0.0453125 0.1078125
0 0.18515625 0.76171875 0.3703125 0.4765625
0 0.01484375 0.61328125 0.0296875 0.1671875
0 0.9919434070587194 0.9051016068166057 0.0031522735389504673 0.001671627404661713
0 0.966134883519769 0.9044394079050647 0.007894320616851047 0.004960318511654194
0 0.9559377232113435 0.9024503219702155 0.0031795470779005797 0.003234127404661713
0 0.9421875 0.94609375 0.115625 0.1078125
0 0.8890053676914563 0.9641988430216075 0.0031522735389504673 0.001671627404661713
0 0.8067581091700398 0.7755480599893158 0.1979580332781829 0.15838296279135697
0 0.7046875 0.95390625 0.209375 0.0921875