0 0.13460025283648686 0.39669114102309744 0.0016079641066227169 0.0016352746071056855
0 0.15899484758449506 0.35023567204034406 0.14204641066226814 0.1626541654253156
0 0.8493624686589692 0.23864954693790014 0.0016079641066227169 0.0016352746071058633
0 0.8078125 0.2875 0.384375 0.484375
0 0.09827997109974466 0.8727271021479679 0.0016079641066227169 0.0016352746071058633
0 0.07265625 0.8984375 0.1453125 0.203125
0 0.26875 0.5328125 0.00625 0.00625
0 0.20185463433580225 0.5444095111631426 0.0016079641066227169 0.0016352746071058633
0 0.15703125 0.63828125 0.3140625 0.2171875
0 0.93359375 0.76484375 0.1328125 0.4703125
0 0.90234375 0.61015625 0.1953125 0.1609375