0 0.22627752058360748 0.2551733360839753 0.0016900457576344507 0.0016808991701630304
0 0.22216397649296288 0.2484972835944644 0.0016900457576344507 0.0016808991701630304
0 0.19497959422102912 0.2295939182424803 0.003380091515269079 0.0033617983403260608
0 0.19088202558457734 0.23223366616788788 0.003380091515269079 0.0033617983403260608
0 0.18027936543285641 0.23847201077394747 0.0016900457576344507 0.0016808991701630304
0 0.17624556967522195 0.24033050869935507 0.0016900457576344507 0.0016808991701630304
0 0.16798665952350103 0.24639125455017022 0.0016900457576344507 0.0016808991701630304
0 0.15497647649296287 0.2535884479114744 0.0033800915152689013 0.0033617983403260608
0 0.1459363163412421 0.25970839334737106 0.0016900457576344507 0.0016808991701630304
0 0.13214488331070387 0.2669647862937567 0.003380091515269079 0.0033617983403260608
0 0.12232347315898302 0.2731439313147349 0.006505091515269079 0.003598596680652122
0 0.11172081300726208 0.2793822759207945 0.008195137272903708 0.005279495850815152
0 0.10228204012844486 0.28087392094177266 0.0016900457576344507 0.0016808991701630304
0 0.05266480633930239 0.31801964604666344 0.0016900457576344507 0.0016808991701630304
0 0.04362464618758146 0.32413959148256 0.003380091515269079 0.0033617983403260608
0 0.02157430300532246 0.3374567302797608 0.003380091515269079 0.0033617983403260608
0 0.011816665732418885 0.342854625300739 0.0016900457576345396 0.0016808991701630304
0 0.12890625 0.3765625 0.2578125 0.3125
0 0.6859375 0.19140625 0.628125 0.3828125
0 0.040625 0.75859375 0.08125 0.2984375
0 0.5110350289185572 0.7933398773753314 0.23262053667377874 0.20551998465266036