0 0.140625 0.490625 0.228125 0.396875
0 0.0359375 0.10390625 0.071875 0.2078125
0 0.5990351452911931 0.31524398210594456 0.09995041469812271 0.13892040252860874
0 0.4816790089008567 0.20045269200812213 0.0016170637023308564 0.0016626295496493526
0 0.9640302066312711 0.17733627852528838 0.0016170637023307677 0.0016626295496493526
0 0.609375 0.0640625 0.190625 0.128125
0 0.40234375 0.06328125 0.0671875 0.1265625
0 0.15167896253690288 0.9079297347268381 0.0016170637023307677 0.0016626295496493526
0 0.23258422215554972 0.9005864065337782 0.0016170637023307677 0.0016626295496493526
0 0.11129206471382122 0.8536637368863065 0.0016170637023307677 0.0016626295496493526
0 0.25394335618363345 0.8494942759043947 0.0031795637023307676 0.0017627590992987051
0 0.0043798658022803135 0.8209735479605034 0.0016170637023307677 0.0016626295496493526
0 0.06906984837908511 0.8071101094961255 0.001671627404661713 0.0032251295496493527
0 0.054826299104724543 0.788971378774457 0.0016170637023307677 0.0016626295496493526
0 0.049493958360551635 0.7847146753506843 0.0016170637023307677 0.0016626295496493526
0 0.0375 0.859375 0.075 0.196875
0 0.1328125 0.80859375 0.265625 0.2390625
0 0.04765625 0.75625 0.0953125 0.134375
0 0.4078125 0.734375 0.078125 0.090625