0 0.153125 0.0703125 0.30625 0.140625
0 0.26640625 0.44609375 0.2453125 0.1859375
0 0.7240442199126104 0.19821216744790043 0.0032159282132454337 0.003380091515269079
0 0.7112714352728744 0.18781680138682416 0.0016079641066227169 0.0016900457576345396
0 0.7054617044732042 0.17565164123510332 0.0032159282132454337 0.003380091515269079
0 0.7212291084715547 0.23539330305381415 0.0016079641066227169 0.0016900457576345396
0 0.7103908968722145 0.21112675562918967 0.004823892319868151 0.00507013727290353
0 0.7194309277510269 0.25395198441736233 0.0016079641066227169 0.0016900457576345396
0 0.7008567724990351 0.20489273108338243 0.0016079641066227169 0.0016900457576345396
0 0.7117177161516868 0.2299405285080069 0.00799435642649069 0.006887728788172609
0 0.7153655533778476 0.248164370023276 0.0016079641066227169 0.0016900457576345396
0 0.7043682174053278 0.21842907259865152 0.0032159282132454337 0.003380091515269079
0 0.7205758906040083 0.2665157572961796 0.0032159282132454337 0.003380091515269079
0 0.700530163565262 0.22045395820456518 0.0016079641066227169 0.0016900457576345396
0 0.6946522366056579 0.20594504805284433 0.0016079641066227169 0.0016900457576345396
0 0.6959335917785074 0.22319632093166156 0.0016079641066227169 0.0016900457576345396
0 0.6877346468722145 0.2092773421434889 0.0016079641066227169 0.0016900457576345396
0 0.6954478584715547 0.23328879805284428 0.0032159282132454337 0.003380091515269079
0 0.6941892353520166 0.21681877517402706 0.017733069279472248 0.020153003333979846
0 0.6941581431112909 0.24253625229520975 0.0032159282132454337 0.003380091515269079
0 0.5734375 0.22421875 0.36875 0.4484375
0 0.05078125 0.5828125 0.1015625 0.0875
0 0.11640625 0.73125 0.2328125 0.29375
0 0.04375 0.82734375 0.0875 0.1703125
0 0.56171875 0.6734375 0.3453125 0.26875