0 0.37602076695862 0.22620181535600503 0.0032705492142117267 0.0032887743102595125
0 0.37115133044085535 0.2303537268213943 0.0032705492142117267 0.0032887743102595125
0 0.36702675661953776 0.2352459447092187 0.0016352746071058633 0.0016443871551295786
0 0.3621573201017731 0.23939785617460788 0.0016352746071058633 0.0016443871551297562
0 0.3580691335840085 0.24350882406243227 0.0016352746071058633 0.0016443871551297562
0 0.3531633097626909 0.24844198552782154 0.0016352746071058633 0.0016443871551297562
0 0.3490751232449263 0.25255295341564593 0.0016352746071058633 0.0016443871551297562
0 0.3442056867271616 0.25670486488103517 0.0016352746071058633 0.0016443871551297562
0 0.41844155335255007 0.2691805314348071 0.19398124813797324 0.2159126843053107
0 0.15703125 0.93046875 0.3140625 0.1390625
0 0.7909887572387103 0.6103034984181204 0.0032705492142117267 0.0032887743102595125
0 0.7046466887940762 0.6904247676399972 0.0032705492142117267 0.0032887743102595125
0 0.775 0.7921875 0.45 0.415625