0 0.3877593321982296 0.45085984352404174 0.0033252590992987052 0.0033435212873234475
0 0.381789934449983 0.4434297557768578 0.0033252590992987052 0.0033435212873234475
0 0.3498192412052431 0.42212283832826164 0.004987888648948058 0.005015281930985082
0 0.3452819355297171 0.4247943702592468 0.0033252590992987052 0.0033435212873234475
0 0.3339637037283144 0.4318638250867098 0.0033252590992987052 0.0033435212873236253
0 0.3301575832779637 0.4336994766958641 0.0033252590992987052 0.0033435212873236253
0 0.32113303670173643 0.43982379055783455 0.0033252590992987052 0.0033435212873234475
0 0.30747105490033366 0.44705713635079014 0.0033252590992987052 0.0033435212873234475
0 0.29844650832410624 0.4531814502127606 0.0033252590992987052 0.0033435212873234475
0 0.2848345912975282 0.4611960460057162 0.0033252590992987052 0.0033435212873234475
0 0.2750287947213009 0.46737499018951745 0.006450259099298705 0.0035620425746468952
0 0.2637105629198981 0.4744444450169805 0.008112888648948057 0.005233803218308708
0 0.2543355629198981 0.47510000887895093 0.0033252590992987052 0.0033435212873234475
0 0.20434485733665717 0.515478990441619 0.0033252590992987052 0.0033435212873234475
0 0.19532031076042983 0.5216033043035895 0.0033252590992987052 0.0033435212873234475
0 0.17112134715762436 0.5358514746021772 0.0033252590992987052 0.0033435212873234475
0 0.16209680058139692 0.5419757884641476 0.0033252590992987052 0.0033435212873234475
0 0.2171875 0.57890625 0.434375 0.3328125
0 0.7693969632890384 0.5725205841408877 0.0033252590992987052 0.0033435212873234475
0 0.7451281485142138 0.5734328741176447 0.0033252590992986163 0.0033435212873234475
0 0.8 0.61015625 0.4 0.2796875
0 0.4046875 0.75078125 0.003125 0.0015625
0 0.40625 0.75078125 0.003125 0.0015625
0 0.4078125 0.75078125 0.003125 0.0015625
0 0.259375 0.86953125 0.409375 0.2390625