0 0.00078125 0.3203125 0.0015625 0.003125
0 0.00078125 0.3015625 0.0015625 0.003125
0 0.00078125 0.30625 0.0015625 0.00625
0 0.0015625 0.30859375 0.003125 0.0078125
0 0.00078125 0.3 0.0015625 0.003125
0 0.00078125 0.3171875 0.0015625 0.003125
0 0.00078125 0.290625 0.0015625 0.003125
0 0.0046875 0.28984375 0.009375 0.0171875
0 0.00078125 0.2890625 0.0015625 0.003125
0 0.1109375 0.17890625 0.221875 0.3578125
0 0.2609375 0.06953125 0.2375 0.1390625
0 0.7828125 0.246875 0.434375 0.49375
0 0.16484375 0.85546875 0.3296875 0.2890625
0 0.31171875 0.66328125 0.2671875 0.1671875
0 0.4984375 0.903125 0.096875 0.19375
0 0.8493272976044661 0.8664128098133371 0.0016443871551297562 0.0016443871551297562
0 0.8512173462249851 0.860244696968467 0.0016443871551297562 0.0016443871551297562
0 0.90625 0.82265625 0.1875 0.3546875
0 0.82109375 0.62890625 0.2140625 0.0984375