0 0.4796875 0.0375 0.140625 0.075
0 0.49296875 0.1296875 0.1140625 0.259375
0 0.59921875 0.22421875 0.0984375 0.0703125
0 0.85078125 0.240625 0.2671875 0.0375
0 0.121875 0.9078125 0.24375 0.184375
0 0.14375 0.5328125 0.2875 0.346875
0 0.45078125 0.87578125 0.1984375 0.2484375
0 0.4875 0.4671875 0.125 0.246875
0 0.8598920024965813 0.7286079703857522 0.0018542312811946182 0.0032251295496493527
0 0.8626832491688161 0.7492208590347001 0.005125096921791972 0.004987888648948058
0 0.90625 0.73515625 0.1875 0.4421875