0 0.00078125 0.22421875 0.0015625 0.0015625
0 0.14609375 0.21953125 0.2921875 0.4390625
0 0.55703125 0.021875 0.0234375 0.04375
0 0.6546875 0.34453125 0.171875 0.2703125
0 0.8546875 0.003125 0.10625 0.00625
0 0.1125 0.8046875 0.225 0.390625
0 0.49765625 0.80234375 0.1421875 0.2609375
0 0.56953125 0.83515625 0.0015625 0.0046875
0 0.56953125 0.81875 0.0015625 0.003125
0 0.56953125 0.821875 0.0015625 0.003125
0 0.56953125 0.80390625 0.0015625 0.0015625
0 0.56953125 0.81015625 0.0015625 0.0015625
0 0.5703125 0.7734375 0.003125 0.00625
0 0.56953125 0.771875 0.0015625 0.003125
0 0.5703125 0.771875 0.003125 0.003125
0 0.571875 0.7625 0.00625 0.009375
0 0.5703125 0.7578125 0.003125 0.003125
0 0.56953125 0.75234375 0.0015625 0.0015625
0 0.56953125 0.76015625 0.0015625 0.0015625
0 0.5703125 0.765625 0.003125 0.003125
0 0.56953125 0.76015625 0.0015625 0.0015625
0 0.57109375 0.77578125 0.0046875 0.0046875
0 0.7421875 0.85625 0.346875 0.278125
0 0.903125 0.93515625 0.19375 0.1296875
0 0.8901630180219534 0.6045733876053557 0.21480902936027135 0.20957415309764632