0 0.2796875 0.0875 0.275 0.175
0 0.28125 0.45859375 0.215625 0.0828125
0 0.48828125 0.0453125 0.1234375 0.090625
0 0.52265625 0.1328125 0.0546875 0.121875
0 0.55078125 0.3671875 0.0015625 0.003125
0 0.553125 0.36015625 0.00625 0.0078125
0 0.653125 0.33984375 0.20625 0.3203125
0 0.8885768234196396 0.06775838854282953 0.10123116971703397 0.10332137797604232
0 0.12688656114856872 0.9698197351689644 0.0017083656405973535 0.0016717606436618127
0 0.13320949396886742 0.9694755277436112 0.0017083656405972648 0.0016717606436618127
0 0.19533614163933075 0.893612150271772 0.33933685482510806 0.1929294532379792
0 0.4609375 0.70546875 0.178125 0.2578125
0 0.68515625 0.8953125 0.2359375 0.209375