0 0.00078125 0.1078125 0.0015625 0.003125
0 0.07734375 0.18046875 0.1546875 0.3078125
0 0.08828125 0.10234375 0.1765625 0.2046875
0 0.140625 0.00078125 0.003125 0.0015625
0 0.00078125 0.00078125 0.0015625 0.0015625
0 0.00078125 0.00078125 0.0015625 0.0015625
0 0.00078125 0.00078125 0.0015625 0.0015625
0 0.09921875 0.0703125 0.1984375 0.140625
0 0.15625 0.10546875 0.225 0.2109375
0 0.603125 0.08984375 0.29375 0.1796875
0 0.10974398270188077 0.8222793368509962 0.003380091515269079 0.0032705492142117267
0 0.134375 0.7015625 0.26875 0.3875
0 0.1359375 0.47421875 0.265625 0.1296875
0 0.76328125 0.89140625 0.2296875 0.2171875
0 0.38828125 0.4859375 0.2390625 0.153125
0 0.83515625 0.52265625 0.3296875 0.2265625
0 0.73046875 0.41171875 0.0046875 0.0046875
0 0.7421875 0.41171875 0.00625 0.0046875
0 0.76953125 0.44921875 0.1328125 0.0796875