0 0.00078125 0.00078125 0.0015625 0.0015625
0 0.00078125 0.00078125 0.0015625 0.0015625
0 0.00078125 0.00078125 0.0015625 0.0015625
0 0.00078125 0.00078125 0.0015625 0.0015625
0 0.00078125 0.00078125 0.0015625 0.0015625
0 0.00078125 0.00078125 0.0015625 0.0015625
0 0.00078125 0.00078125 0.0015625 0.0015625
0 0.00078125 0.00078125 0.0015625 0.0015625
0 0.00078125 0.00078125 0.0015625 0.0015625
0 0.00078125 0.00078125 0.0015625 0.0015625
0 0.00078125 0.00078125 0.0015625 0.0015625
0 0.00078125 0.00078125 0.0015625 0.0015625
0 0.00078125 0.00078125 0.0015625 0.0015625
0 0.00078125 0.00078125 0.0015625 0.0015625
0 0.00078125 0.00078125 0.0015625 0.0015625
0 0.00078125 0.00078125 0.0015625 0.0015625
0 0.00078125 0.00078125 0.0015625 0.0015625
0 0.00078125 0.00078125 0.0015625 0.0015625
0 0.00078125 0.00078125 0.0015625 0.0015625
0 0.00078125 0.00078125 0.0015625 0.0015625
0 0.00078125 0.00078125 0.0015625 0.0015625
0 0.00078125 0.00078125 0.0015625 0.0015625
0 0.00078125 0.00078125 0.0015625 0.0015625
0 0.13984375 0.1671875 0.2796875 0.334375
0 0.4984375 0.3203125 0.4375 0.378125
0 0.13984375 0.73828125 0.2796875 0.4578125
0 0.696875 0.684375 0.403125 0.35