0 0.0375 0.4234375 0.075 0.228125
0 0.70859375 0.08046875 0.4390625 0.1609375
0 0.69921875 0.34296875 0.4203125 0.4921875
0 0.11796875 0.69140625 0.2359375 0.2046875
0 0.375 0.86953125 0.228125 0.2609375
0 0.9001091730163651 0.6360669705547205 0.0033617983403260608 0.0033617983403260608
0 0.8950072759207945 0.6411805230442315 0.0016808991701630304 0.0016808991701630304
0 0.86640625 0.7140625 0.2671875 0.25
0 0.9152308072401738 0.9860795485640406 0.0033617983403260608 0.0033617983403260608
0 0.9178822105595217 0.9925663469043666 0.006605197510489091 0.005161096680652122
0 0.9245582630490325 0.9977866431701002 0.004924298340326061 0.0034801975104890915
0 0.91796875 0.896875 0.1640625 0.20625
0 0.60703125 0.77109375 0.2359375 0.3640625