0 0.05859375 0.3640625 0.1171875 0.090625
0 0.953125 0.33984375 0.078125 0.1390625
0 0.9125 0.10546875 0.175 0.1859375
0 0.6465083768448217 0.27078897605071733 0.29776818401734034 0.2081160576279121
0 0.396875 0.12578125 0.19375 0.2515625
0 0.15 0.571875 0.3 0.325
0 0.00078125 0.6375 0.0015625 0.003125
0 0.15 0.64609375 0.3 0.4734375
0 0.896875 0.56484375 0.20625 0.3109375
0 0.77265625 0.95390625 0.2828125 0.0921875
0 0.4909541397872399 0.6945114793004235 0.3728129576242766 0.2905933668806775
0 0.33515625 0.94453125 0.0703125 0.1109375