0 0.1796875 0.11328125 0.259375 0.2265625
0 0.4953125 0.15407292412329188 0.0015625 0.0016626295496493526
0 0.50390625 0.1550847116002206 0.0015625 0.0016626295496493526
0 0.5390625 0.1465817967331109 0.003125 0.0033252590992987052
0 0.540625 0.14179416718346155 0.003125 0.0033252590992987052
0 0.54375 0.12987515808416292 0.0015625 0.0016626295496493526
0 0.54453125 0.12670009330933824 0.0015625 0.0016626295496493526
0 0.54765625 0.11712483421003964 0.0015625 0.0016626295496493526
0 0.5515625 0.10281201033591625 0.003125 0.0033252590992987052
0 0.55390625 0.0925055660114424 0.0015625 0.0016626295496493526
0 0.5578125 0.07897399213731901 0.003125 0.0033252590992987052
0 0.56015625 0.06866754781284498 0.003125 0.006450259099298705
0 0.5640625 0.05669847393872178 0.0046875 0.008112888648948057
0 0.56953125 0.049316770514949135 0.0015625 0.0016626295496493526
0 0.5796875 0.00078125 0.003125 0.0015625
0 0.5875 0.00078125 0.003125 0.0015625
0 0.55 0.1140625 0.28125 0.228125
0 0.24453125 0.6470347748338858 0.0015625 0.0016626295496493526
0 0.26640625 0.54609375 0.0859375 0.3328125
0 0.52421875 0.4609375 0.3015625 0.1625