0 0.02664354342775268 0.3531448804847047 0.00490582382131759 0.004851191106992658
0 0.02228352915972902 0.345949939377712 0.014571922249741043 0.01142857332097762
0 0.1265625 0.2390625 0.253125 0.240625
0 0.93359375 0.0359375 0.1296875 0.071875
0 0.00078125 0.8578125 0.0015625 0.003125
0 0.0734375 0.48515625 0.146875 0.2453125
0 0.09140625 0.82890625 0.1828125 0.3421875
0 0.08359375 0.4234375 0.1671875 0.128125
0 0.1591094028144308 0.5569742964487718 0.20895127667402047 0.19917165389834962
0 0.3953125 0.725 0.128125 0.10625
0 0.29296875 0.4140625 0.2734375 0.109375
0 0.51484375 0.87578125 0.1109375 0.2484375
0 0.7657768955757206 0.5277505548014741 0.2685831418516669 0.24025301088459122