0 0.22734375 0.14091167452605258 0.24375 0.18322783870851378
0 0.02578125 0.42842459884270817 0.009375 0.0019991476426351796
0 0.00234375 0.42890625 0.0046875 0.0015625
0 0.0421875 0.46328125 0.084375 0.0890625
0 0.6921875 0.4296875 0.525 0.178125
0 0.17421875 0.7724461949993293 0.240625 0.2940197894943021
0 0.0703125 0.80859375 0.140625 0.2609375
0 0.77578125 0.9110913180348585 0.003125 0.0032705492142117267
0 0.7328125 0.51953125 0.003125 0.0015625
0 0.7171875 0.59375 0.2375 0.15
0 0.61796875 0.9203125 0.3734375 0.159375
0 0.528125 0.6078125 0.196875 0.134375