0 0.07109375 0.04765625 0.1421875 0.0953125
0 0.11875 0.3265625 0.2375 0.346875
0 0.225 0.02734375 0.165625 0.0546875
0 0.28046875 0.0734375 0.1734375 0.146875
0 0.4671875 0.240625 0.103125 0.084375
0 0.42109375 0.04375 0.1953125 0.0875
0 0.7001363430216075 0.11919178551463219 0.19520835099579195 0.13901737353571572
0 0.6765625 0.065625 0.246875 0.13125
0 0.88125 0.39453125 0.2375 0.2109375
0 0.56171875 0.9546875 0.0859375 0.090625
0 0.553125 0.66484375 0.06875 0.0734375
0 0.7326016465571374 0.7303746832334547 0.16588294954451294 0.10349636760421674