0 0.4531473696849314 0.2661097631174414 0.001671627404661713 0.003206887155129756
0 0.5523934015360968 0.2616911787667021 0.09706351687504089 0.18912445499752567
0 0.2699975637871489 0.24361836669005746 0.15698415389834955 0.20786116689245623
0 0.667510003164861 0.31648489936806 0.001671627404661713 0.003206887155129756
0 0.6468229917321155 0.261998795229617 0.003234127404661713 0.0032887743102595125
0 0.63046875 0.253125 0.0015625 0.009375
0 0.6365749724948218 0.23749011816039553 0.003343254809323426 0.006413774310259512
0 0.63046875 0.2421875 0.0015625 0.003125
0 0.63046875 0.2109375 0.0015625 0.003125
0 0.6703125 0.27890625 0.08125 0.1796875
0 0.6809499658713999 0.18585569708406782 0.001671627404661713 0.003206887155129756
0 0.652338837833766 0.06134369798857899 0.001671627404661713 0.003206887155129756
0 0.6554365559826005 0.060398673678319484 0.001671627404661713 0.003206887155129756
0 0.6568080830244425 0.054848036523189724 0.001671627404661713 0.003206887155129756
0 0.66328125 0.08046875 0.0671875 0.1609375
0 0.66640625 0.0515625 0.0734375 0.103125
0 0.0578125 0.765625 0.115625 0.284375
0 0.3020858666897065 0.6389906631628699 0.3055903234057958 0.3544572851643934
0 0.8131846017135821 0.6108700644514939 0.001671627404661713 0.003206887155129756
0 0.7657813228576416 0.5757857355278215 0.11439486061443879 0.1494821008590826