0 0.5645609415703288 0.457736604860834 0.0031795637023307676 0.0016352351823609723
0 0.5691665960168324 0.46018945763437563 0.0016170637023307677 0.0015988675911804862
0 0.5722370323145016 0.46182469281673677 0.0016170637023307677 0.0015988675911806638
0 0.5776239367610053 0.46429572938586877 0.0016170637023307677 0.0015988675911806638
0 0.5815029049098399 0.46516789836382005 0.0016170637023307677 0.0015988675911806638
0 0.5817484415703287 0.45813664836382006 0.0031795637023307676 0.0016352351823609723
0 0.585354591207509 0.46682131734177157 0.0016170637023307677 0.0015988675911806638
0 0.5915227456540129 0.46931053770649367 0.0016170637023307677 0.0015988675911806638
0 0.5945659001005165 0.4717270228888548 0.0016170637023307677 0.0015988675911806638
0 0.396875 0.38046875 0.40625 0.2171875
0 0.740625 0.44765625 0.221875 0.0828125
0 0.44765625 0.746875 0.3046875 0.290625
0 0.8252628285936373 0.9660335352379518 0.0016170637023307677 0.0015988675911806638