0 0.20772845432015696 0.22017301932872296 0.31261726594251654 0.21269193930236616
0 0.38046875 0.4828125 0.0015625 0.003125
0 0.4671875 0.4125 0.175 0.275
0 0.569769188150498 0.1200973139190876 0.0032887743102595125 0.003143180718159222
0 0.5700967367710169 0.1138473139190876 0.0032887743102595125 0.003143180718159222
0 0.5850190518998793 0.09735925068737106 0.006495661465389269 0.004723861436318444
0 0.5870761968569252 0.10281436514875164 0.0032887743102595125 0.003143180718159222
0 0.725 0.1390625 0.475 0.278125
0 0.8328125 0.48046875 0.334375 0.1390625
0 0.09675665479512689 0.7000802505891752 0.0032887743102595125 0.003143180718159222
0 0.09651099332973763 0.7047677505891752 0.0032887743102595125 0.003143180718159222
0 0.10749275893356991 0.7187620728960781 0.0032887743102595125 0.003143180718159222
0 0.225 0.6859375 0.309375 0.271875