0 0.04121948776685436 0.1908359585419097 0.0017810212873236252 0.003216005261671917
0 0.03013452229572966 0.17814624274277674 0.0016717606436618127 0.001653505261671917
0 0.026916687146435782 0.16578275063528453 0.0017810212873234476 0.0032160052616718284
0 0.02872484160558173 0.2252942585277923 0.0016717606436618127 0.0016535052616718283
0 0.02385167130699397 0.20047626905113597 0.0034527819309850827 0.004869510523343656
0 0.023731339007691688 0.2436270295744797 0.0016717606436618127 0.001653505261671917
0 0.01632874841051617 0.19385454272865932 0.0016717606436618127 0.0016535052616718283
0 0.021256549030934834 0.2194537822053156 0.006577781930985083 0.005051521046687402
0 0.02100517675487552 0.23829478746698748 0.0016717606436618127 0.001653505261671917
0 0.016530844203471774 0.20796254535949527 0.0033435212873234475 0.0033070105233436566
0 0.02148042415698557 0.25630904009782335 0.0033435212873234475 0.0033070105233436566
0 0.011897974525302678 0.20901681114451076 0.0016717606436618127 0.001653505261671917
0 0.00851624841051617 0.19430956903701854 0.0016717606436618127 0.001653505261671917
0 0.005702604847133408 0.21016208219119817 0.0016717606436618127 0.001653505261671917
0 0.0016488893760087109 0.1970628427145419 0.0016717606436618127 0.001653505261671917
0 0.004069049030934746 0.22045484008370594 0.0017810212873234476 0.0032160052616718284
0 0.00546875 0.20390625 0.0109375 0.0171875
0 0.00078125 0.228125 0.0015625 0.003125
0 0.10859375 0.16796875 0.2171875 0.3234375
0 0.6475780204541443 0.16425513189473212 0.18102004307885 0.16304457352223167
0 0.384375 0.2984375 0.115625 0.0625
0 0.046875 0.78125 0.09375 0.121875
0 0.08046875 0.453125 0.1609375 0.20625
0 0.562262869349193 0.7672806923333713 0.2518674106633322 0.33056527346576187