0 0.0828125 0.36875 0.146875 0.0625
0 0.6765625 0.09609375 0.253125 0.1921875
0 0.68203125 0.29765625 0.2640625 0.2046875
0 0.017743465233819932 0.5970835415662407 0.0015988675911804862 0.0016717606436618127
0 0.2046875 0.53359375 0.409375 0.2671875
0 0.96015625 0.40078125 0.0046875 0.0015625
0 0.97890625 0.42578125 0.0421875 0.0515625
0 0.593016875378056 0.7489856231092384 0.004796602773541636 0.00501528193098526
0 0.5851861915824659 0.7487506763275471 0.0015988675911806638 0.0016717606436618127
0 0.7046875 0.771875 0.309375 0.45
0 0.55078125 0.9703125 0.0015625 0.00625
0 0.55078125 0.9765625 0.0015625 0.00625
0 0.55078125 0.984375 0.0015625 0.003125
0 0.61328125 0.91796875 0.1265625 0.1640625
0 0.72109375 0.540625 0.3421875 0.28125