0 0.2984485713845575 0.4360564102692299 0.0016808991701630304 0.0016535052616717394
0 0.27973353756637853 0.4046321050216754 0.33624976639624693 0.2700365681193855
0 0.4927384099673325 0.18758663111827323 0.0032433991701630305 0.0017445105233436565
0 0.5192766765640721 0.15802022845920244 0.11730958963168217 0.21372784200867018
0 0.45078125 0.053125 0.1453125 0.10625
0 0.971721973254013 0.41096175988805916 0.0032433991701630305 0.001744510523343834
0 0.9858553282330348 0.40245130987394173 0.0016808991701630304 0.0016535052616717394
0 0.9982961286479533 0.4023981019673165 0.0032433991701630305 0.0017445105233436565
0 0.9375478827971382 0.3910818993929503 0.0016808991701630304 0.0016535052616717394
0 0.9639919836269751 0.39106648884137185 0.004924298340326061 0.0033980157850155733
0 0.92043123777616 0.38075134414539596 0.0016808991701630304 0.0016535052616717394
0 0.9713900865314045 0.3860527651497311 0.0016808991701630304 0.0016535052616717394
0 0.9448275865314045 0.38450567570130956 0.005161096680652122 0.0065230157850155734
0 0.9258407881910784 0.3802886125612474 0.0016808991701630304 0.0016535052616717394
0 0.95714998777616 0.3828899677946843 0.0033617983403260608 0.003307010523343834
0 0.9076352398507523 0.3761170520520212 0.0033617983403260608 0.003307010523343834
0 0.9567947902656708 0.37820246779468436 0.0016808991701630304 0.0016535052616717394
0 0.9715793406805894 0.37828576778056694 0.0016808991701630304 0.0016535052616717394
0 0.9548178931701002 0.3726427125330126 0.0016808991701630304 0.0016535052616717394
0 0.9694248448297742 0.3703822625188951 0.0016808991701630304 0.001653505261671917
0 0.9458689456596112 0.36745468359381733 0.0032433991701630305 0.001744510523343834
0 0.9610678931701002 0.37300673357969993 0.018253092531467275 0.015063557878390376
0 0.9369199981491221 0.3622666546546222 0.0032433991701630305 0.001744510523343834
0 0.903125 0.21171875 0.19375 0.4234375
0 0.6890625 0.06171875 0.1 0.1234375
0 0.396875 0.9453125 0.365625 0.109375
0 0.22734375 0.89609375 0.3265625 0.2078125
0 0.58359375 0.7484375 0.1109375 0.21875
0 0.67734375 0.6875 0.0765625 0.096875
0 0.70390625 0.6984375 0.1296875 0.11875
0 0.94375 0.72578125 0.1125 0.1734375