0 0.358725491329351 0.3512647894860777 0.003261701036759135 0.001671627404661713
0 0.3533934423661103 0.35301826244423573 0.003261701036759135 0.001671627404661713
0 0.2678277977854622 0.28861351126310936 0.39489956277120336 0.2583532248570745
0 0.0984375 0.1734375 0.196875 0.31875
0 0.85703125 0.165625 0.2859375 0.33125
0 0.7639966261080543 0.39009914411006663 0.1804475005656478 0.15740081614940155
0 0.68046875 0.12265625 0.1234375 0.1890625
0 0.61953125 0.32890625 0.0015625 0.0046875
0 0.6890625 0.29140625 0.140625 0.2828125
0 0.16640625 0.5984375 0.3328125 0.159375
0 0.35703125 0.73125 0.5234375 0.425
0 0.8927265103211098 0.7809944403043844 0.0033984020735182696 0.003234127404661713
0 0.8871989717254616 0.7984274769648733 0.003261701036759135 0.001671627404661713
0 0.8898550800195355 0.8108729132625424 0.0033984020735182696 0.003234127404661713
0 0.8657737395859246 0.7505901776905126 0.003261701036759135 0.001671627404661713
0 0.8712910077292116 0.777824800285851 0.00509760311027776 0.004851191106992658
0 0.8526879792183321 0.735374405457994 0.0032617010367593123 0.001671627404661713
0 0.8666424639497672 0.7873907732440089 0.003261701036759135 0.001671627404661713
0 0.8603439458064802 0.7601834324998361 0.008359304147036895 0.0065228185116541935
0 0.8524535333653691 0.7416516873091595 0.003261701036759135 0.001671627404661713
0 0.861505904618934 0.7734646824998361 0.003398402073518625 0.003234127404661713
0 0.8453443709242581 0.7230926602673174 0.003398402073518625 0.003234127404661713
0 0.8560371546189339 0.7736556554579941 0.003261701036759135 0.001671627404661713
0 0.8597479149865265 0.7891988099044978 0.003261701036759135 0.001671627404661713
0 0.8506367551373135 0.7746278784161521 0.003261701036759135 0.001671627404661713
0 0.8504412655049061 0.7903074421184828 0.0032617010367593123 0.001671627404661713
0 0.8428536494351375 0.7662796650766409 0.003398402073518625 0.003234127404661713
0 0.8526777087659709 0.7800420647138212 0.018964613477870353 0.02091270072563951
0 0.8366330437329618 0.7578768880347988 0.003398402073518625 0.003234127404661713
0 0.78359375 0.82265625 0.3296875 0.3546875
0 0.6828125 0.6046875 0.128125 0.171875