0 0.07578125 0.090625 0.1515625 0.18125
0 0.38203125 0.1171875 0.4046875 0.234375
0 0.2062712700535238 0.23636138738227236 0.13743704811738677 0.15202724672063966
0 0.480250188159836 0.25003330450187117 0.16301684145441175 0.21098616689245625
0 0.63984375 0.19296875 0.0015625 0.0015625
0 0.71484375 0.26484375 0.1515625 0.1890625
0 0.7640625 0.1796875 0.25 0.359375
0 0.034375 0.42734375 0.06875 0.1359375
0 0.21640625 0.4015625 0.1296875 0.084375
0 0.49524293492063354 0.5500908582107729 0.07093186613141408 0.08625176051544958
0 0.06328125 0.66484375 0.1265625 0.2421875
0 0.40129626851236433 0.7403274338550847 0.10093834361388013 0.1656869549975255
0 0.7915612345791799 0.5455372342846261 0.1862726711886312 0.28228131275401314
0 0.72578125 0.8296875 0.1734375 0.28125
0 0.75234375 0.9328125 0.1046875 0.134375
0 0.6796875 0.96171875 0.08125 0.0765625