0 0.0545592183867357 0.24531341147102373 0.003270865640597265 0.0017627590992987051
0 0.07040301684763169 0.24397095696751697 0.003270865640597265 0.0017627590992987051
0 0.42109375 0.125 0.3359375 0.25
0 0.8934584762900517 0.21141568013104628 0.21283617637256427 0.15031658235511322
0 0.875 0.0703125 0.25 0.140625
0 0.165998559900783 0.6754805752583992 0.240649645590484 0.19869352559985282
0 0.66875 0.4921875 0.159375 0.30625
0 0.6515625 0.9296875 0.125 0.140625
0 0.67421875 0.3609375 0.1703125 0.121875
0 0.69765625 0.5359375 0.2171875 0.153125
0 0.828125 0.84375 0.34375 0.3125