0 0.3859375 0.14453125 0.228125 0.2890625
0 0.796875 0.14453125 0.40625 0.2890625
0 0.58828125 0.10546875 0.1765625 0.2109375
0 0.229472505822792 0.66796875 0.0033617983403260608 0.003125
0 0.22725881038689533 0.659375 0.0033617983403260608 0.003125
0 0.2578125 0.71328125 0.484375 0.4859375
0 0.4193223755244535 0.3484375 0.0033617983403260608 0.003125
0 0.4252171780139646 0.34375 0.006605197510489091 0.0046875
0 0.43447377884380156 0.3421875 0.005042697510489092 0.0046875
0 0.39296875 0.434375 0.2140625 0.278125
0 0.128125 0.56171875 0.25625 0.5453125
0 0.82890625 0.5515625 0.3421875 0.44375