0 0.2875 0.1296875 0.403125 0.259375
0 0.6359833279171564 0.36184274423424884 0.0016170470779007574 0.003206887155129756
0 0.6366554837613551 0.35555180065668396 0.0016170470779006685 0.003206887155129756
0 0.57421875 0.25 0.1703125 0.3
0 0.54921875 0.0890625 0.1203125 0.178125
0 0.90859375 0.05546875 0.1828125 0.1109375
0 0.0625 0.603125 0.125 0.30625
0 0.315625 0.48203125 0.159375 0.1640625
0 0.703125 0.73203125 0.371875 0.5359375
0 0.596875 0.56328125 0.215625 0.3265625
0 0.94296875 0.45703125 0.1140625 0.1140625