0 0.6925693796820964 0.36872800303722286 0.0031795637023307676 0.00163523518236115
0 0.4671875 0.3046875 0.465625 0.28125
0 0.70078125 0.16640625 0.0015625 0.0015625
0 0.77734375 0.1453125 0.1546875 0.290625
0 0.70078125 0.00078125 0.0015625 0.0015625
0 0.70078125 0.00078125 0.0015625 0.0015625
0 0.85 0.0875 0.3 0.175
0 0.8671875 0.38046875 0.265625 0.3359375
0 0.38870282441728604 0.6327320323881602 0.025327382213985138 0.009956881458888844
0 0.4022023292266095 0.626791156913195 0.0031795637023307676 0.00163523518236115
0 0.40826135626845145 0.6324053772779171 0.0031795637023307676 0.00163523518236115
0 0.41313982922660947 0.6270457300514588 0.0031795637023307676 0.00163523518236115
0 0.4390302066312712 0.624520795305938 0.0031795637023307676 0.00163523518236115
0 0.48828125 0.7796875 0.4234375 0.440625
0 0.91484375 0.7796875 0.1703125 0.440625