0 0.391776816787495 0.23269646283683834 0.0017080492142117266 0.0032251295496493527
0 0.36640625 0.31640625 0.1265625 0.3453125
0 0.646875 0.08671875 0.4125 0.1734375
0 0.7179091313031878 0.3862951388058315 0.0017080492142117266 0.0032251295496493527
0 0.73359375 0.25703125 0.3859375 0.4640625
0 0.084375 0.51953125 0.153125 0.0609375
0 0.3546875 0.6796875 0.15 0.134375
0 0.709375 0.553125 0.21875 0.128125
0 0.5140625 0.5921875 0.16875 0.20625
0 0.77890625 0.5640625 0.2484375 0.15
0 0.4890625 0.7671875 0.11875 0.328125
0 0.6313295841558906 0.9408849043835351 0.09299232878371626 0.09008238433001133