0 0.475 0.00078125 0.003125 0.0015625
0 0.46622946748793714 0.0033987502093969723 0.0016717606436618127 0.0016352746071058633
0 0.454166510062584 0.010230947066243879 0.0033435212873236253 0.0032705492142117267
0 0.4451739223154002 0.01613634470887897 0.0064685212873236255 0.003416098428423453
0 0.43461883456821615 0.02211451695862001 0.008140281930985083 0.005051373035529316
0 0.4260797148900471 0.023296027297702172 0.0016717606436618127 0.0016352746071058633
0 0.3816084490506052 0.05985426551087789 0.0016717606436618127 0.0016352746071058633
0 0.37261586130342134 0.06575966315351307 0.0033435212873236253 0.0032705492142117267
0 0.3515056858090535 0.07771600765299506 0.0033435212873236253 0.0032705492142117267
0 0.34251309806186947 0.08362140529563025 0.0016717606436618127 0.0016352746071058633
0 0.31171875 0.134375 0.3546875 0.26875
0 0.75078125 0.115625 0.3734375 0.23125
0 0.34655038803862653 0.7507317067861535 0.006577781930985083 0.004978598428423453
0 0.29475257727874915 0.873064779159729 0.013483345792955603 0.014644696856846906
0 0.21015625 0.84765625 0.4203125 0.3046875
0 0.66875 0.5890625 0.359375 0.440625