0 0.1183462199649326 0.30128287869986214 0.0031795470779007575 0.0031613626670909055
0 0.12659509658813803 0.3263737853675893 0.0031795470779007575 0.0031613626670909055
0 0.4181007581143795 0.2907111947405875 0.0031795470779005797 0.0031613626670909055
0 0.3609375 0.28984375 0.5375 0.2796875
0 0.9264020020252997 0.01950726205440656 0.0031795470779005797 0.0031613626670909055
0 0.88671875 0.15390625 0.2265625 0.3078125
0 0.22285248782184008 0.5387010626989076 0.0031795470779006686 0.0031613626670909055
0 0.21640625 0.50625 0.3421875 0.153125
0 0.63046875 0.43046875 0.0015625 0.0015625
0 0.721875 0.43046875 0.003125 0.0015625
0 0.81484375 0.51328125 0.3703125 0.1671875