0 0.21745329057848828 0.6201201820923761 0.0031795470779005797 0.0033070105233434788
0 0.1655032325435391 0.5113136004658754 0.33083653733537266 0.3533040944277447
0 0.00078125 0.35 0.0015625 0.003125
0 0.00078125 0.35078125 0.0015625 0.0046875
0 0.00078125 0.3390625 0.0015625 0.00625
0 0.00078125 0.33515625 0.0015625 0.0046875
0 0.08203125 0.21875 0.1640625 0.4375
0 0.23515625 0.0984375 0.3078125 0.196875
0 0.497022419233584 0.3425775529696544 0.014498876623205436 0.02581904735504672
0 0.48980025446093156 0.3320495766471776 0.0031795470779006686 0.003307010523343834
0 0.4927888867661799 0.32405506612383395 0.0031795470779006686 0.0033070105233436566
0 0.4864843396882792 0.3212940871705213 0.0031795470779006686 0.0033070105233436566
0 0.47823546306507375 0.29674911347888056 0.0031795470779006686 0.0033070105233436566
0 0.66171875 0.2234375 0.5453125 0.446875
0 0.34375 0.77890625 0.090625 0.0984375
0 0.0671875 0.78359375 0.134375 0.1078125
0 0.06640625 0.790625 0.1328125 0.121875
0 0.1609375 0.8078125 0.30625 0.15625
0 0.640625 0.86484375 0.503125 0.2703125