0 0.2526310340944956 0.522733911932449 0.0031431813335455415 0.0017627590992987051
0 0.24327421542804117 0.5236956346345532 0.0031431813335455415 0.0017627590992987051
0 0.23940432809513199 0.5265703107604298 0.003143181333545364 0.0017627590992987051
0 0.17680433076063204 0.513971378774457 0.003143181333545364 0.0017627590992987051
0 0.16640625 0.4421875 0.2046875 0.19375
0 0.05234375 0.04375 0.1046875 0.0875
0 0.0375 0.4828125 0.075 0.1375
0 0.78125 0.415625 0.4375 0.48125
0 0.34296875 0.50859375 0.1484375 0.2546875
0 0.03203125 0.86015625 0.0640625 0.1171875
0 0.03046875 0.97109375 0.0609375 0.0578125
0 0.88671875 0.859375 0.2265625 0.28125
0 0.40234375 0.9375 0.2671875 0.125