0 0.35896634246970793 0.5157857209958809 0.0032523339923887563 0.0033435212873236253
0 0.31151840912471007 0.04353366258179223 0.003188666996194378 0.0017810212873234476
0 0.2982053256266129 0.04368112805291693 0.003188666996194378 0.0017810212873234476
0 0.29492115813612685 0.03999339934024042 0.0032523339923887563 0.0033435212873234475
0 0.27265625 0.07890625 0.2578125 0.1578125
0 0.19765625 0.55625 0.3953125 0.225
0 0.10234375 0.21328125 0.2046875 0.1484375
0 0.76484375 0.06171875 0.4703125 0.1234375
0 0.31796875 0.9546875 0.2640625 0.090625
0 0.0453125 0.94140625 0.090625 0.1171875
0 0.6609375 0.928125 0.2625 0.14375
0 0.6078125 0.75 0.15625 0.1625