0 0.30703125 0.19453125 0.3453125 0.3890625
0 0.115625 0.0515625 0.23125 0.103125
0 0.56328125 0.33671875 0.1671875 0.1046875
0 0.353125 0.64296875 0.253125 0.2703125
0 0.0578125 0.478125 0.115625 0.178125
0 0.1421875 0.86640625 0.284375 0.2671875
0 0.03984375 0.65234375 0.0796875 0.1390625
0 0.94140625 0.56953125 0.1171875 0.2703125
0 0.5953125 0.44140625 0.23125 0.1046875
0 0.6953125 0.8296875 0.43125 0.340625
0 0.56953125 0.9203125 0.1796875 0.159375
0 0.51953125 0.57890625 0.0796875 0.1390625