0 0.14750270008251257 0.3544899737563997 0.0017083656405972648 0.001571590359079522
0 0.13949120112250224 0.30216440447455895 0.0034167312811945296 0.003143180718159222
0 0.00078125 0.25078125 0.0015625 0.0078125
0 0.13339696651354238 0.27874963037225803 0.005270962562389414 0.006277271077238922
0 0.00078125 0.2421875 0.0015625 0.003125
0 0.11436513498279063 0.250720079142594 0.003416731281194707 0.003143180718159222
0 0.075 0.29453125 0.15 0.1796875
0 0.18111503806099866 0.24564169370217037 0.0017083656405972648 0.001571590359079522
0 0.06980176268666298 0.20876892847866396 0.0018542312811945295 0.003134090359079522
0 0.17593559629739416 0.1315473774453917 0.0017083656405972648 0.001571590359079522
0 0.17984184629739416 0.13152465154769272 0.0018542312811945295 0.003134090359079522
0 0.1817479993756022 0.12682351600907324 0.0017083656405972648 0.001571590359079522
0 0.040625 0.0765625 0.08125 0.153125
0 0.15234375 0.07890625 0.1765625 0.1578125
0 0.6808530060311326 0.1946847443426593 0.27127658402632326 0.2795521863754999
0 0.00078125 0.66015625 0.0015625 0.0015625
0 0.11953125 0.80625 0.2390625 0.29375
0 0.88203125 0.76875 0.2359375 0.21875