0 0.00078125 0.0625 0.0015625 0.003125
0 0.00078125 0.0625 0.0015625 0.003125
0 0.11641881398840863 0.13192775263227857 0.0018725804095257813 0.003134090359079522
0 0.12577566705985221 0.15540615924813697 0.0018725804095257813 0.003134090359079522
0 0.07578125 0.1859375 0.1515625 0.26875
0 0.4421875 0.49375 0.175 0.2125
0 0.6 0.06640625 0.140625 0.1328125
0 0.5828125 0.415625 0.10625 0.21875
0 0.696875 0.3546875 0.334375 0.490625
0 0.81796875 0.50703125 0.3640625 0.1859375
0 0.38319340098372995 0.7254015384420446 0.154685266823941 0.20546927088084707
0 0.0703125 0.8484375 0.140625 0.303125
0 0.53359375 0.60078125 0.0078125 0.0015625
0 0.56875 0.60078125 0.003125 0.0015625
0 0.57421875 0.60078125 0.0015625 0.0015625
0 0.63984375 0.6984375 0.2203125 0.196875