0 0.50703125 0.17734375 0.2640625 0.3546875
0 0.32578125 0.36328125 0.3109375 0.0921875
0 0.97109375 0.00078125 0.0046875 0.0015625
0 0.708622993211354 0.3379663836108865 0.003380091515269079 0.0032159282132454337
0 0.81953125 0.2046875 0.3609375 0.409375
0 0.5633436045613245 0.5590648306287502 0.003380091515269079 0.0032159282132454337
0 0.57890625 0.60703125 0.1203125 0.1703125
0 0.7671875 0.41015625 0.003125 0.0015625
0 0.67109375 0.44453125 0.0640625 0.0703125
0 0.8812642992607923 0.6300890698081976 0.0033800915152689013 0.0032159282132454337
0 0.92421875 0.59765625 0.1515625 0.1671875
0 0.67421875 0.659375 0.0703125 0.15
0 0.72109375 0.96171875 0.1421875 0.0765625
0 0.6703125 0.940625 0.0625 0.11875