0 0.39233143152332717 0.39374282627034296 0.0033435212873234475 0.0033435212873234475
0 0.39601916023600375 0.3971409778794973 0.0033435212873236253 0.0033435212873234475
0 0.4012147586268494 0.40142964013231347 0.0016717606436618127 0.0016717606436618127
0 0.40479322669586415 0.4063902917414676 0.0016717606436618127 0.0016717606436618127
0 0.4084809554085407 0.409788443350622 0.0016717606436618127 0.0016717606436618127
0 0.4128953037993863 0.41402247528160724 0.0016717606436618127 0.0016717606436618127
0 0.41640625 0.41796875 0.0015625 0.0015625
0 0.428125 0.3296875 0.221875 0.178125
0 0.53984375 0.22265625 0.0015625 0.0015625
0 0.53984375 0.215625 0.0015625 0.003125
0 0.53984375 0.21171875 0.0015625 0.0015625
0 0.540625 0.209375 0.003125 0.003125
0 0.540625 0.20703125 0.003125 0.0046875
0 0.554901759383154 0.1936060684766728 0.0016717606436618127 0.0016717606436618127
0 0.5652219003486467 0.19197251266047405 0.0032342606436618127 0.0017810212873236252
0 0.5890964429232936 0.1873614223154001 0.0032342606436618127 0.0017810212873234476
0 0.5993619535669552 0.18650911649920138 0.0016717606436618127 0.0016717606436617237
0 0.675 0.14609375 0.271875 0.2109375
0 0.378301418533877 0.797189162428043 0.27509782500983526 0.1762775487788332
0 0.66796875 0.76015625 0.2578125 0.4171875
0 0.890625 0.89375 0.21875 0.2