0 0.4563271985094767 0.04977076014956503 0.02565497146395277 0.014498876623205436
0 0.4442081881703944 0.0413815616916926 0.0016352746071058633 0.0015897735389502898
0 0.4373588746881591 0.045410542616969085 0.0016352746071058633 0.0015897735389502898
0 0.43472402625973566 0.039201452925394606 0.0032705492142117267 0.0031795470779006686
0 0.4101777905277594 0.0325929427791249 0.0032705492142117267 0.0031795470779007575
0 0.284375 0.2421875 0.56875 0.484375
0 0.00625 0.4765625 0.0125 0.05625
0 0.81015625 0.08046875 0.2796875 0.1609375
0 0.4140625 0.85625 0.43125 0.2875
0 0.36796875 0.69296875 0.2015625 0.0671875
0 0.11328125 0.84609375 0.2265625 0.2578125
0 0.89140625 0.7421875 0.2171875 0.165625
0 0.7015625 0.75625 0.14375 0.19375
0 0.7171875 0.71796875 0.175 0.1171875