0 0.06484375 0.38828125 0.1296875 0.1640625
0 0.87578125 0.075 0.2484375 0.15
0 0.82578125 0.3453125 0.3484375 0.44375
0 0.6187626010151357 0.09908271540143354 0.17513730721668547 0.1571175384437537
0 0.5259182711240328 0.3994688969932108 0.2454893800110746 0.18572057326946273
0 0.31594608651716627 0.2176401221171244 0.0033252590992986163 0.0032887743102595125
0 0.4359375 0.01171875 0.240625 0.0234375
0 0.27734375 0.2609375 0.2953125 0.2875
0 0.05390625 0.659375 0.1078125 0.08125
0 0.06484375 0.6875 0.1296875 0.1375
0 0.04453125 0.659375 0.0890625 0.08125
0 0.381616361037285 0.7882491932388807 0.3302625030823189 0.3178580438708206
0 0.61796875 0.721875 0.7640625 0.20625