0 0.3107289165298166 0.05499850517487013 0.0032525457576344508 0.001799298340326061
0 0.3052601665298166 0.05541290227044069 0.0032525457576344508 0.001799298340326061
0 0.33206165365293894 0.10447736430307693 0.16256338606495574 0.12722811867597628
0 0.0234375 0.39296875 0.046875 0.0984375
0 0.9125 0.06796875 0.175 0.1359375
0 0.92578125 0.4125 0.1484375 0.134375
0 0.65859375 0.35546875 0.2484375 0.2484375
0 0.06875 0.52421875 0.1375 0.0890625
0 0.6579859091129509 0.9544522082844367 0.0032525457576344508 0.001799298340326061
0 0.6576032718400471 0.9497647082844367 0.0032525457576344508 0.001799298340326061
0 0.6485153142637017 0.9347317041352519 0.0032525457576344508 0.001799298340326061
0 0.62265625 0.9125 0.1859375 0.175