0 0.1984375 0.075 0.28125 0.15
0 0.5796875 0.33125 0.403125 0.496875
0 0.003125 0.5859375 0.00625 0.0125
0 0.00078125 0.58046875 0.0015625 0.0015625
0 0.00078125 0.58046875 0.0015625 0.0015625
0 0.16015625 0.725 0.3203125 0.290625
0 0.31484375 0.5859375 0.0484375 0.0125
0 0.86796875 0.99140625 0.1046875 0.0171875
0 0.878125 0.58046875 0.003125 0.0015625
0 0.8515625 0.6875 0.296875 0.215625
0 0.8625 0.58046875 0.003125 0.0015625
0 0.8640625 0.58046875 0.00625 0.0015625
0 0.8703125 0.58046875 0.003125 0.0015625
0 0.8921875 0.64140625 0.215625 0.1234375
0 0.53671875 0.7484375 0.3953125 0.3375