0 0.04678486566286153 0.21369545136742757 0.0015897735389503343 0.0016900457576344507
0 0.05466554951023737 0.21823943015560018 0.0031795470779006686 0.003380091515269079
0 0.49921875 0.3015625 0.1609375 0.534375
0 0.63359375 0.05078125 0.1078125 0.1015625
0 0.640625 0.05078125 0.121875 0.1015625
0 0.65234375 0.065625 0.1453125 0.13125
0 0.89765625 0.08671875 0.2046875 0.1734375
0 0.8089804971540356 0.3824116953276876 0.3343785486994584 0.29566215486088687
0 0.1861183267026357 0.8194665745555056 0.252283068991998 0.24059227546389117
0 0.49375 0.9078125 0.171875 0.184375
0 0.62109375 0.92421875 0.0828125 0.1515625
0 0.79453125 0.92421875 0.1984375 0.1515625