0 0.084375 0.08671875 0.16875 0.1734375
0 0.1203125 0.32578125 0.240625 0.2078125
0 0.19197576310225495 0.39162195696175955 0.003270865640597265 0.0015806807181590443
0 0.2421875 0.3328125 0.153125 0.19375
0 0.51328125 0.00078125 0.0046875 0.0015625
0 0.515625 0.00078125 0.003125 0.0015625
0 0.73359375 0.10390625 0.5328125 0.2078125
0 0.70703125 0.3375 0.5859375 0.184375
0 0.05390625 0.57734375 0.1078125 0.1328125
0 0.2045549611057978 0.7504686743734474 0.2224410861063027 0.17463742739850954
0 0.9032694465469513 0.8417083153730159 0.18779415432599364 0.12133971057599666