0 0.509375 0.00078125 0.003125 0.0015625
0 0.5171875 0.0015625 0.00625 0.003125
0 0.5234375 0.00078125 0.003125 0.0015625
0 0.525 0.00078125 0.003125 0.0015625
0 0.5703125 0.0015625 0.009375 0.003125
0 0.45859375 0.0828125 0.3015625 0.165625
0 0.8046875 0.06328125 0.20625 0.1265625
0 0.9203125 0.26640625 0.159375 0.1671875
0 0.5023016472465536 0.8154820718889596 0.0032342606436618127 0.0015988626670909057
0 0.5077157669247226 0.8161996872215507 0.0032342606436618127 0.0015988626670909057
0 0.5123486366028918 0.8169263932209143 0.0032342606436618127 0.0015988626670909057
0 0.5185440062810608 0.8176349178867325 0.0032342606436618127 0.0015988626670909057
0 0.52239562595923 0.8183707145528689 0.0032342606436614576 0.0015988626670909057
0 0.5213794291775387 0.8105763958864143 0.0032342606436614576 0.0015988626670909057
0 0.5270284956373992 0.8190974205522326 0.0032342606436618127 0.0015988626670909057
0 0.5332238653155683 0.8198059452180508 0.0032342606436618127 0.0015988626670909057
0 0.5370754849937374 0.8205417418841872 0.0032342606436618127 0.0015988626670909057
0 0.5424731791775386 0.810330947883551 0.0032342606436614576 0.0015988626670909057
0 0.5479037243500755 0.8219769725493691 0.0032342606436614576 0.0015988626670909057
0 0.5525365940282448 0.8227036785487327 0.0032342606436618127 0.0015988626670909057
0 0.5579507137064139 0.8234212938813237 0.0032342606436618127 0.0015988626670909057
0 0.5546289717521855 0.8039445878819599 0.00981204257464725 0.006359088001272717
0 0.562583583384583 0.8241479998806873 0.0032342606436618127 0.0015988626670909057
0 0.5949097643268326 0.7972309638765511 0.0032342606436618127 0.0015988626670909057
0 0.604175503683171 0.7986843758752784 0.0032342606436614576 0.0015988626670909057
0 0.6074643946486635 0.7963042632081876 0.0032342606436614576 0.0015988626670909057
0 0.35625 0.81484375 0.50625 0.3703125
0 0.8046875 0.859375 0.390625 0.28125