0 0.4421875 0.35859375 0.115625 0.1796875
0 0.42734375 0.01171875 0.1078125 0.0234375
0 0.50078125 0.39453125 0.0015625 0.0046875
0 0.50078125 0.28515625 0.0015625 0.0046875
0 0.71328125 0.2484375 0.4265625 0.496875
0 0.12214283638690415 0.8513926981365643 0.0032887743102595125 0.0032523339923887563
0 0.11766005427472855 0.8472954471479813 0.004933161465389269 0.004878500988583135
0 0.11329678086898021 0.8259788626613009 0.005015048620519024 0.006441000988583134
0 0.11950583729141533 0.8270147806460784 0.004933161465389269 0.004878500988583135
0 0.2125 0.76875 0.39375 0.359375
0 0.5908928363869042 0.8482676981365642 0.0032887743102595125 0.0032523339923887563
0 0.5864100542747286 0.8441704471479813 0.004933161465389269 0.004878500988583135
0 0.5820467808689802 0.8228538626613009 0.005015048620519024 0.006441000988583134
0 0.5882558372914153 0.8238897806460784 0.004933161465389269 0.004878500988583135
0 0.68828125 0.7671875 0.3765625 0.35625