0 0.05 0.0625 0.1 0.125
0 0.446875 0.10078125 0.084375 0.1765625
0 0.075 0.15234375 0.15 0.1765625
0 0.359375 0.4203125 0.259375 0.178125
0 0.0578125 0.425 0.115625 0.196875
0 0.08203125 0.66015625 0.1640625 0.1390625
0 0.7028937901412344 0.1561060569092728 0.0017262743102595124 0.0031795637023307676
0 0.6934778465636695 0.15721468912325792 0.0017262743102595124 0.0031795637023307676
0 0.657502725012372 0.17406737242570225 0.0032887743102595125 0.003234127404661713
0 0.6572161199694178 0.17953612242570233 0.0017262743102595124 0.0031795637023307676
0 0.6564791355732501 0.19359862242570233 0.0017262743102595124 0.0031795637023307676
0 0.6554931676854256 0.1975321542768677 0.0017262743102595124 0.0031795637023307676
0 0.6557421511770822 0.20766112242570234 0.0017262743102595124 0.0031795637023307676
0 0.6541420296257848 0.22331340427686772 0.0017262743102595124 0.0031795637023307676
0 0.6535688195398766 0.23425090427686773 0.0017262743102595124 0.0031795637023307676
0 0.652749947988579 0.24987590427686773 0.0017262743102595124 0.0031795637023307676
0 0.6521357943251058 0.26159465427686773 0.0018900486205190247 0.006304563702330767
0 0.651439753506503 0.2748759042768677 0.003534435775648781 0.007921627404661713
0 0.6470831241532894 0.2836060635326948 0.0017262743102595124 0.0031795637023307676
0 0.6515791943705344 0.34661449502104064 0.0017262743102595124 0.0031795637023307676
0 0.6509650407070613 0.35833324502104064 0.0017262743102595124 0.0031795637023307676
0 0.6495729590698555 0.3848957450210406 0.0017262743102595124 0.0031795637023307676
0 0.6482184989839472 0.395860526872206 0.0017262743102595124 0.0031795637023307676
0 0.6935719425615121 0.3934969295046112 0.22308553369405537 0.4772420901960187
0 0.17791372229883845 0.7611755028255889 0.0017262743102595124 0.0031795637023307676
0 0.08889880992893806 0.7931373201561168 0.005015048620519024 0.006413691106992659
0 0.07109375 0.834375 0.1421875 0.209375
0 0.1578125 0.865625 0.315625 0.26875
0 0.93046875 0.73046875 0.0015625 0.0015625
0 0.91640625 0.86484375 0.1671875 0.2703125