0 0.61015625 0.08046875 0.0828125 0.1609375
0 0.3703125 0.675 0.396875 0.65
0 0.721875 0.38998012613871735 0.0015625 0.0031795637023308565
0 0.640625 0.42016118865992186 0.0015625 0.0031795637023308565
0 0.775 0.4334374602594682 0.0015625 0.0031795637023308565
0 0.6296875 0.47835563457623775 0.003125 0.003234127404661713
0 0.89296875 0.4363491507334887 0.0015625 0.0031795637023308565
0 0.8296875 0.46902773067788833 0.0015625 0.0031795637023308565
0 0.84765625 0.48402524810108344 0.0015625 0.0031795637023308565
0 0.8546875 0.4869047114405946 0.0015625 0.0031795637023308565
0 0.79296875 0.5914037276826634 0.3546875 0.5076984604291044
0 0.94765625 0.92109375 0.1046875 0.1578125