0 0.2296875 0.09609375 0.259375 0.1921875
0 0.5753414450996663 0.13133463572245746 0.0032251295496493527 0.0016534282132454337
0 0.580860259874491 0.13039426134927812 0.0032251295496493527 0.0016534282132454337
0 0.55896427591362 0.08268418705524097 0.16395997532299766 0.12485891066226813
0 0.9640625 0.0234375 0.071875 0.046875
0 0.07109375 0.5203125 0.1421875 0.103125
0 0.5302211073458825 0.9682138247562555 0.0017627590992986164 0.0031704641066227167
0 0.532314533471759 0.9720518785963215 0.0033252590992987052 0.0032159282132454337
0 0.51328125 0.85 0.3078125 0.3
0 0.7789623025932071 0.6155277792959668 0.0017627590992987051 0.0031704641066227167
0 0.7421875 0.60078125 0.29375 0.2640625