0 0.02109375 0.04765625 0.0421875 0.0953125
0 0.22734585903470023 0.19175716876190468 0.0016626295496493526 0.0015806813335455417
0 0.25692393506829186 0.15384863609958632 0.10312260487264702 0.12298406134627218
0 0.0234375 0.371875 0.046875 0.109375
0 0.196875 0.52265625 0.09375 0.0546875
0 0.7354470581395361 0.25842595341340535 0.0016626295496493526 0.0015806813335455417
0 0.73203125 0.35390625 0.3359375 0.3921875
0 0.19008449336471145 0.7511936140594972 0.0033252590992987052 0.0031613626670909055
0 0.19806697408638002 0.7661191800604519 0.0017627590992987051 0.0031431813335455415
0 0.1109375 0.8171875 0.221875 0.2625
0 0.4 0.89375 0.159375 0.2125
0 0.621875 0.98125 0.11875 0.0375
0 0.77265625 0.88671875 0.2328125 0.2265625