0 0.40703125 0.1125 0.1046875 0.225
0 0.23766701209732927 0.5291970508391257 0.0032887743102595125 0.0033617983403260608
0 0.1960184226582074 0.5065874224148871 0.23228795680654796 0.15611198050347533
0 0.07265625 0.22265625 0.1453125 0.2765625
0 0.059375 0.55859375 0.11875 0.0828125
0 0.7296875 0.184375 0.540625 0.36875
0 0.525 0.06484375 0.13125 0.1296875
0 0.53828125 0.3890625 0.1578125 0.3125
0 0.1515625 0.8 0.303125 0.4
0 0.5125 0.68359375 0.10625 0.1671875
0 0.49609375 0.875 0.0734375 0.190625