0 0.23046875 0.034375 0.1671875 0.06875
0 0.0390625 0.196875 0.078125 0.103125
0 0.628125 0.2 0.21875 0.1875
0 0.0421875 0.69296875 0.084375 0.1640625
0 0.6959695197747141 0.8080882974891734 0.0032342606436618127 0.0016898339923887562
0 0.6052084899374159 0.9744043641813566 0.0032342606436618127 0.0016898339923887562
0 0.640172987843729 0.8105156191242726 0.0033435212873234475 0.0032523339923887563
0 0.5800828037993864 0.9639788587441492 0.008140281930985083 0.005005834980972068
0 0.6155718255909128 0.8149975306832594 0.006577781930985083 0.004942167984777512
0 0.5708170644430481 0.9620343567669828 0.0033435212873236253 0.0032523339923887563
0 0.5837919478669721 0.8325060242574688 0.0033435212873234475 0.0032523339923887563
0 0.6286949024423336 0.8962302846375921 0.19683071337743777 0.18563770555093823
0 0.5817866874754118 0.760344522774594 0.0032342606436618127 0.0016898339923887562
0 0.5377092695226127 0.8752864318621232 0.0032342606436618127 0.0016898339923887562
0 0.51953125 0.75234375 0.0015625 0.0015625
0 0.51953125 0.74921875 0.0015625 0.0015625
0 0.51953125 0.74609375 0.0015625 0.0015625
0 0.5734375 0.76953125 0.109375 0.1734375