0 0.60078125 0.9890625 0.00390625 0.00703125
0 0.615625 0.97578125 0.003125 0.00390625
0 0.6125 0.971875 0.003125 0.00390625
0 0.628125 0.9640625 0.0015625 0.0015625
0 0.62265625 0.96484375 0.0015625 0.00390625
0 0.65546875 0.878125 0.00546875 0.00703125
0 0.65703125 0.86640625 0.003125 0.00390625
0 0.65703125 0.85859375 0.003125 0.00546875
0 0.6640625 0.81953125 0.00546875 0.01328125
0 0.66796875 0.79296875 0.003125 0.00703125
0 0.67265625 0.78203125 0.0015625 0.0015625
0 0.665625 0.78203125 0.0015625 0.0015625
0 0.659375 0.734375 0.003125 0.00546875
0 0.66484375 0.71953125 0.0015625 0.0015625
0 0.65078125 0.7140625 0.00390625 0.009375
0 0.5765625 0.68046875 0.178125 0.6390625
0 0.4375 0.17421875 0.2109375 0.18125
0 0.7984375 0.13671875 0.16953125 0.24453125