0 0.0703125 0.065625 0.140625 0.13125
0 0.8828125 0.075 0.234375 0.15
0 0.6796875 0.0828125 0.2 0.165625
0 0.69453125 0.2921875 0.2296875 0.334375
0 0.548304787427701 0.49624972208763446 0.0016443871551297562 0.0016352746071058633
0 0.42265625 0.55859375 0.3140625 0.1578125
0 0.16484375 0.55625 0.2953125 0.153125
0 0.0859375 0.59609375 0.171875 0.2328125
0 0.7688475022633076 0.8609887340793465 0.0016443871551297562 0.0016352746071058633
0 0.7573367921773994 0.8724356563290876 0.0032887743102595125 0.0032705492142117267
0 0.7502236550222696 0.8743256420610639 0.006577548620519025 0.006541098428423453
0 0.7406882027382774 0.8926946524001462 0.0016443871551297562 0.0016352746071056855
0 0.7430286307120101 0.8777781277930403 0.0032887743102595125 0.0032705492142117267
0 0.7350556784280179 0.8960743635250166 0.0032887743102595125 0.0032705492142117267
0 0.7359154935568804 0.8796681135250164 0.0016443871551297562 0.0016352746071056855
0 0.6928681784280178 0.8980392779168748 0.00978443577564878 0.00824914764263518
0 0.6771203476953233 0.9011107739879332 0.0016443871551297562 0.0016352746071056855
0 0.666718436229934 0.9062713089341212 0.0016443871551297562 0.0016352746071056855
0 0.6596086211010717 0.9229686573625446 0.0016443871551297562 0.0016352746071056855
0 0.5921875 0.9671875 0.025 0.040625
0 0.76328125 0.81953125 0.3671875 0.3609375