0 0.05703125 0.11171875 0.1140625 0.1546875
0 0.665625 0.09453125 0.371875 0.1890625
0 0.61328125 0.0734375 0.2671875 0.146875
0 0.12385177240215466 0.8562526021084909 0.0016170637023307677 0.0016535052616717394
0 0.00078125 0.7390625 0.0015625 0.003125
0 0.12743807467174015 0.8026648705243424 0.004851191106992658 0.004960515785015574
0 0.0015625 0.71796875 0.003125 0.0078125
0 0.12740086913677723 0.7792728731551783 0.004905754809323426 0.0065230157850155734
0 0.00078125 0.70859375 0.0015625 0.0046875
0 0.1145635632389947 0.7465590836926393 0.004851191106992658 0.004960515785015574
0 0.0734375 0.77578125 0.146875 0.2078125
0 0.1835863817506489 0.7583758152062007 0.0016170637023307677 0.0016535052616717394
0 0.07925105661557277 0.6953837205666946 0.003234127404661713 0.0033070105233436566
0 0.20616573148049647 0.6458604046546222 0.0016170637023307677 0.0016535052616717394
0 0.20931801333166195 0.6468236651779659 0.003234127404661713 0.0033070105233436566
0 0.21230660407583474 0.6430994257013095 0.0016170637023307677 0.0016535052616717394
0 0.04453125 0.51328125 0.0890625 0.2140625
0 0.20036711006628458 0.5691158941312786 0.19346729092165801 0.2264546261389501
0 0.742269378670606 0.46014271253301253 0.0016170637023307677 0.001653505261671917
0 0.73515625 0.628125 0.5109375 0.74375
0 0.55859375 0.2328125 0.1578125 0.0875