0 0.3343104416980866 0.2229838828597166 0.3457954313159174 0.29384068973237765
0 0.56953125 0.00078125 0.0015625 0.0015625
0 0.66015625 0.08515625 0.1828125 0.1703125
0 0.81015625 0.146875 0.3796875 0.29375
0 0.621875 0.278125 0.10625 0.178125
0 0.8649135125188951 0.40421287143975587 0.1994062787274336 0.24099457146044045
0 0.6712075571019315 0.5765769516066236 0.0033070105233436566 0.0032887743102595125
0 0.590625 0.3984375 0.04375 0.2375
0 0.71171875 0.553125 0.2859375 0.171875
0 0.01268534165573434 0.953236785391536 0.0017445105233437007 0.003206887155129756
0 0.6901131206655167 0.9487507654922906 0.003307010523343834 0.0032887743102595125
0 0.711570891712204 0.953895288898039 0.004960515785015574 0.004933161465389269
0 0.74609375 0.94921875 0.3546875 0.1015625
0 0.665625 0.890625 0.19375 0.21875