0 0.4390625 0.2671875 0.38125 0.44375
0 0.9850427142267767 0.04480977150222474 0.003270865640597265 0.0017080492142117266
0 0.8891122063234607 0.20668687923627313 0.003270865640597265 0.0017080492142117266
0 0.9291363673049847 0.04691377294996677 0.0034167312811945296 0.0032705492142117267
0 0.8642061501670447 0.19611109821902648 0.008250096921791971 0.005051373035529138
0 0.9045529532034916 0.04969201653982598 0.006687596921791971 0.004978598428423453
0 0.854977015807642 0.1941119505763913 0.0034167312811945296 0.0032705492142117267
0 0.8738963155163237 0.06709568630836768 0.0034167312811945296 0.0032705492142117267
0 0.90625 0.13046875 0.1875 0.1859375
0 0.8252808275795986 0.10877161000585076 0.003270865640597265 0.0017080492142117266
0 0.6953125 0.2421875 0.13125 0.1625
0 0.7078125 0.04296875 0.15625 0.0859375
0 0.1592614642267768 0.9530866902373092 0.005125096921791972 0.00490582382131759
0 0.14249055012528347 0.9562288068626976 0.003270865640597265 0.0017080492142117266
0 0.14375 0.84609375 0.2875 0.2859375
0 0.06015625 0.8390625 0.1203125 0.1875
0 0.817974011232091 0.8138807950758732 0.003270865640597265 0.0017080492142117266
0 0.8475564561156647 0.8584141991286491 0.1603984825289803 0.13503858767505647
0 0.7984375 0.51875 0.14375 0.059375
0 0.6671875 0.65234375 0.075 0.1203125
0 0.66328125 0.51484375 0.0671875 0.0515625