0 0.3125453329872233 0.35236215179030417 0.0032617010367593123 0.0016170470779005796
0 0.2695355011777785 0.1752599095009419 0.0032617010367593123 0.0016170470779006685
0 0.2588830907629177 0.3415979756535661 0.003398402073518625 0.0031795470779005797
0 0.2432757975491211 0.1811786728936225 0.008085902073518447 0.0032613676947516267
0 0.23534784594671398 0.3342082155072963 0.006523402073518448 0.003234094155801337
0 0.23305119703074145 0.18213720089679972 0.003398402073518625 0.0031795470779006686
0 0.20998626097972312 0.31202925243892726 0.003398402073518625 0.0031795470779005797
0 0.2711574983030564 0.25479740503671505 0.18439270678620331 0.1639103157455871
0 0.187360113807177 0.3834093745979059 0.003261701036759135 0.0016170470779005796
0 0.17686069415601935 0.2626838173737355 0.003261701036759135 0.0016170470779005796
0 0.0666470726196307 0.37225546063603243 0.0032617010367593123 0.0016170470779005796
0 0.06559242054611221 0.3753940974055075 0.003261701036759224 0.0016170470779005796
0 0.06076821950935294 0.37703841802235855 0.0032617010367593123 0.0016170470779005796
0 0.0765625 0.0984375 0.153125 0.1375
0 0.053125 0.34375 0.10625 0.146875
0 0.7713544049947234 0.5055768806869858 0.0032617010367593123 0.0016170470779005796
0 0.7078125 0.3828125 0.215625 0.271875
0 0.60234375 0.01875 0.0046875 0.0375
0 0.41015625 0.58515625 0.2234375 0.1328125
0 0.125 0.51953125 0.00625 0.0015625
0 0.10078125 0.5984375 0.2015625 0.159375
0 0.8291669049947235 0.9243268806869859 0.0032617010367593123 0.0016170470779005796
0 0.73671875 0.8328125 0.2734375 0.334375
0 0.60234375 0.5375 0.0046875 0.0375