0 0.446875 0.20390625 0.165625 0.2453125
0 0.7328125 0.2375 0.40625 0.44375
0 0.5515625 0.07890625 0.04375 0.1578125
0 0.05859375 0.4625 0.0546875 0.00625
0 0.12421875 0.84609375 0.2484375 0.3078125
0 0.9034267284983086 0.6914957762308235 0.0032525457576344508 0.0017262743102595124
0 0.896012841225405 0.6864397840327395 0.0016900457576344507 0.0016443871551297562
0 0.8925689768313185 0.68236975972248 0.0016900457576344507 0.0016443871551297562
0 0.8345811336490596 0.6676621285602441 0.0032525457576344508 0.0017262743102595124
0 0.8243768283485273 0.7332495070089466 0.23759507909743344 0.1851473631835546
0 0.56875 0.50625 0.078125 0.09375