0 0.57421875 0.63828125 0.1921875 0.1421875
0 0.15416848960111249 0.4381016887689196 0.005125096921791972 0.004987888648948058
0 0.17395066035813614 0.3945717342654128 0.17983821173019549 0.24605058451458142
0 0.45340319696355313 0.18770567473237548 0.3056936060728937 0.3131355598375792
0 0.078125 0.18359375 0.15625 0.2546875
0 0.85 0.4171875 0.3 0.321875
0 0.50078125 0.95390625 0.3984375 0.0921875
0 0.07265625 0.95 0.1453125 0.1
0 0.2203125 0.9046875 0.215625 0.190625
0 0.41796875 0.7453125 0.1140625 0.071875
0 0.059375 0.80859375 0.11875 0.1984375
0 0.80859375 0.965625 0.2171875 0.06875
0 0.7546875 0.79453125 0.109375 0.1703125