0 0.198071312817686 0.4109375 0.0032617010367593123 0.0015625
0 0.2037451143728249 0.40859375 0.0032617010367593123 0.0015625
0 0.2093505654095842 0.40703125 0.0032617010367593123 0.0015625
0 0.22226066851986195 0.40234375 0.0032617010367593123 0.0015625
0 0.309375 0.515625 0.4 0.3875
0 0.7571325374643525 0.1625 0.18872889227157383 0.1390625
0 0.915625 0.65859375 0.16875 0.1015625
0 0.290625 0.85859375 0.3 0.2828125
0 0.58359375 0.75625 0.1484375 0.09375
0 0.6803671114981029 0.84921875 0.18425600574944417 0.159375
0 0.93046875 0.76484375 0.1390625 0.1109375