0 0.25625 0.0921875 0.259375 0.184375
0 0.632088236668338 0.153755006836945 0.001671627404661713 0.003161367591180664
0 0.6234126411148418 0.15589873508545188 0.001671627404661713 0.003161367591180664
0 0.5906447811333753 0.1762469494662505 0.003234127404661713 0.0031977351823611498
0 0.5912623400263827 0.18095263326184075 0.001671627404661713 0.003161367591180664
0 0.5923610485565705 0.19427025085302133 0.001671627404661713 0.003161367591180486
0 0.5922246393007432 0.19817650085302133 0.001671627404661713 0.003161367591180486
0 0.5942137252355927 0.20838730223979224 0.001671627404661713 0.003161367591180664
0 0.5952305882122841 0.2240486698309727 0.001671627404661713 0.003161367591180664
0 0.5956298922959682 0.23500435362656305 0.001671627404661713 0.003161367591180664
0 0.5966467552726595 0.25066572121774355 0.001671627404661713 0.003161367591180664
0 0.5986085593563436 0.26165777260451434 0.001780754809323426 0.006286367591180664
0 0.5997072678865314 0.274975390195695 0.0018353185116541937 0.007848867591180664
0 0.5962821675237115 0.28349640501333384 0.001671627404661713 0.003161367591180664
0 0.65859375 0.22265625 0.1671875 0.1328125
0 0.3500817462021669 0.7692137398351047 0.1654563967267734 0.35668902393569457
0 0.63984375 0.7453125 0.1984375 0.509375