0 0.2578125 0.10078125 0.321875 0.2015625
0 0.61015625 0.3640625 0.0015625 0.003125
0 0.61015625 0.365625 0.0015625 0.003125
0 0.61015625 0.36875 0.0015625 0.003125
0 0.61015625 0.371875 0.0015625 0.003125
0 0.61015625 0.375 0.0015625 0.003125
0 0.61015625 0.3671875 0.0015625 0.003125
0 0.61015625 0.378125 0.0015625 0.003125
0 0.61015625 0.38046875 0.0015625 0.0046875
0 0.61015625 0.3828125 0.0015625 0.003125
0 0.61015625 0.3765625 0.0015625 0.003125
0 0.61015625 0.3890625 0.0015625 0.003125
0 0.61015625 0.3921875 0.0015625 0.003125
0 0.61015625 0.39453125 0.0015625 0.0046875
0 0.61171875 0.37421875 0.0046875 0.0078125
0 0.61015625 0.396875 0.0015625 0.003125
0 0.61015625 0.38515625 0.0015625 0.0046875
0 0.61015625 0.390625 0.0015625 0.003125
0 0.61015625 0.390625 0.0015625 0.003125
0 0.61015625 0.403125 0.0015625 0.003125
0 0.61015625 0.40625 0.0015625 0.003125
0 0.61015625 0.409375 0.0015625 0.003125
0 0.61015625 0.403125 0.0015625 0.003125
0 0.61015625 0.4109375 0.0015625 0.003125
0 0.61015625 0.4140625 0.0015625 0.003125
0 0.61015625 0.41640625 0.0015625 0.0046875
0 0.8046875 0.35859375 0.390625 0.5203125
0 0.3976214674310444 0.9077704154159129 0.003234127404661713 0.003234127404661713
0 0.38776531779386414 0.8988220013507624 0.003234127404661713 0.003234127404661713
0 0.3 0.85234375 0.6 0.2953125
0 0.6529041897562301 0.6579043023544034 0.003234127404661713 0.003234127404661713
0 0.6481075623515685 0.660865611247411 0.003234127404661713 0.003234127404661713
0 0.6448734349469067 0.6638814838427491 0.003234127404661713 0.003234127404661713
0 0.638514307542245 0.6667882290334257 0.003234127404661713 0.003234127404661713
0 0.6344989301375834 0.6697768197775986 0.003234127404661713 0.003234127404661713
0 0.634017780500403 0.6611557879264331 0.003234127404661713 0.003234127404661713
0 0.6312920845840871 0.672011442372937 0.003234127404661713 0.003234127404661713
0 0.6257142071794254 0.674945469414779 0.003234127404661713 0.003234127404661713
0 0.6224800797747637 0.6779613420101172 0.003234127404661713 0.003234127404661713
0 0.6141318664352525 0.6706299916472975 0.003234127404661713 0.003234127404661713
0 0.6136953568166057 0.6831299916472975 0.003234127404661713 0.003234127404661713
0 0.61015625 0.6859375 0.0015625 0.003125
0 0.61015625 0.68828125 0.0015625 0.0046875
0 0.61171875 0.66796875 0.0046875 0.0078125
0 0.61015625 0.690625 0.0015625 0.003125
0 0.61015625 0.67890625 0.0015625 0.0046875
0 0.61015625 0.684375 0.0015625 0.003125
0 0.61015625 0.684375 0.0015625 0.003125
0 0.61015625 0.696875 0.0015625 0.003125
0 0.61015625 0.7 0.0015625 0.003125
0 0.61015625 0.703125 0.0015625 0.003125
0 0.61015625 0.696875 0.0015625 0.003125
0 0.61015625 0.7046875 0.0015625 0.003125
0 0.61015625 0.7078125 0.0015625 0.003125
0 0.61015625 0.71015625 0.0015625 0.0046875
0 0.8046875 0.809375 0.390625 0.38125