0 0.08125 0.05390625 0.1625 0.1078125
0 0.215625 0.2921875 0.428125 0.334375
0 0.49375 0.20234375 0.128125 0.2453125
0 0.7890625 0.1609375 0.421875 0.321875
0 0.00078125 0.7515625 0.0015625 0.003125
0 0.00078125 0.725 0.0015625 0.003125
0 0.00078125 0.7546875 0.0015625 0.003125
0 0.0015625 0.77109375 0.003125 0.0046875
0 0.00078125 0.759375 0.0015625 0.003125
0 0.00078125 0.8046875 0.0015625 0.003125
0 0.00078125 0.765625 0.0015625 0.003125
0 0.00390625 0.753125 0.0078125 0.01875
0 0.00078125 0.7734375 0.0015625 0.003125
0 0.1890625 0.6734375 0.378125 0.40625
0 0.76640625 0.546875 0.4671875 0.175
0 0.97578125 0.65078125 0.0484375 0.1296875