0 0.04576463519058667 0.4137762312040687 0.003416731281194707 0.0033800915152689013
0 0.1140625 0.30859375 0.228125 0.3296875
0 0.877966396421668 0.5510856861953404 0.0034167312811945296 0.0033800915152689013
0 0.5285537011225022 0.26551381651041994 0.008250096921791971 0.005325228788172609
0 0.5218772154735527 0.2951853410562272 0.17373165432599375 0.13357725879399177
0 0.56796875 0.125 0.2765625 0.25
0 0.7125 0.51171875 0.39375 0.2359375
0 0.13671875 0.70546875 0.1984375 0.1515625
0 0.1729712077780326 0.8657694237775045 0.2232124363558598 0.21514599425012407
0 0.0390625 0.746875 0.078125 0.203125
0 0.6234375 0.63046875 0.003125 0.0015625
0 0.90859375 0.765625 0.1828125 0.271875
0 0.603125 0.73046875 0.346875 0.2015625
0 0.45390625 0.63046875 0.0046875 0.0015625
0 0.49375 0.675 0.128125 0.090625
0 0.5203125 0.8890625 0.18125 0.221875
0 0.478125 0.67578125 0.096875 0.0921875