0 0.25859375 0.04765625 0.2390625 0.0953125
0 0.00078125 0.36640625 0.0015625 0.0015625
0 0.00078125 0.35078125 0.0015625 0.0015625
0 0.0734375 0.4046875 0.146875 0.190625
0 0.0625 0.04921875 0.125 0.0984375
0 0.61328125 0.465625 0.1234375 0.06875
0 0.52265625 0.37265625 0.1078125 0.1828125
0 0.28925713281946364 0.817579948082965 0.0031704641066227167 0.0015806807181592219
0 0.2636122751393316 0.8127424571581512 0.0031704641066227167 0.0015806807181592219
0 0.24801000719264293 0.8118703035673551 0.004823892319868151 0.004714771077238921
0 0.20703125 0.66640625 0.4140625 0.3328125
0 0.61953125 0.59453125 0.3015625 0.1890625