0 0.14453125 0.2234375 0.2890625 0.446875
0 0.74140625 0.27734375 0.5171875 0.3453125
0 0.14453125 0.5984375 0.2890625 0.284375
0 0.084375 0.984375 0.16875 0.03125
0 0.06015625 0.9359375 0.1203125 0.128125
0 0.87109375 0.51328125 0.2578125 0.1265625
0 0.5821700822218343 0.5684949968750539 0.0031795637023307676 0.0017445105233436565
0 0.5745113496450296 0.5860542231975305 0.0031795637023307676 0.001744510523343834
0 0.6410614433844273 0.630637952080256 0.25445935462398894 0.23156633134415222
0 0.63359375 0.9421875 0.2515625 0.115625
0 0.3625 0.48984375 0.146875 0.0796875
0 0.325 0.52890625 0.071875 0.1171875
0 0.34765625 0.78359375 0.1171875 0.1859375