0 0.40078125 0.06015625 0.2359375 0.1203125
0 0.09140625 0.446875 0.1828125 0.15
0 0.9390625 0.5859375 0.0125 0.00625
0 0.875 0.4953125 0.25 0.1875
0 0.54375 0.1984375 0.05 0.109375
0 0.5296875 0.01796875 0.021875 0.0359375
0 0.253125 0.62890625 0.209375 0.0796875
0 0.8333980702065187 0.8456886312737776 0.0031795470779005797 0.0032887743102595125
0 0.8234872820570717 0.8592188647654343 0.0031522735389504673 0.0017262743102595124
0 0.8213753571381496 0.8723772840327395 0.0031795470779005797 0.0032887743102595125
0 0.8171048685022353 0.8065885097224801 0.0031522735389504673 0.0017262743102595124
0 0.8144844289728166 0.8353309854122205 0.0032068206168510472 0.0048512743102595126
0 0.8089650860348312 0.7874290739468314 0.00315227353895029 0.0017262743102595124
0 0.8060270466675682 0.8426931060590069 0.00315227353895029 0.0017262743102595124
0 0.8086611229664623 0.8147318803692665 0.006331820616851047 0.005015048620519024
0 0.8067304301906326 0.7935562432141368 0.00315227353895029 0.0017262743102595124
0 0.80576794804754 0.827849356059007 0.0031795470779005797 0.0032887743102595125
0 0.8056082609537534 0.7739840496365719 0.0031795470779005797 0.0032887743102595125
0 0.8002855612780649 0.8267815010160529 0.0031522735389504673 0.0017262743102595124
0 0.7982145466675683 0.8422836702833582 0.00315227353895029 0.0017262743102595124
0 0.7940082877391145 0.8248914523955339 0.0031522735389504673 0.0017262743102595124
0 0.7903747731286179 0.8403117345077094 0.0031522735389504673 0.0017262743102595124
0 0.7899247597359373 0.8145304845077094 0.0031795470779005797 0.0032887743102595125
0 0.7941173818949159 0.8311414523955338 0.01592500892845372 0.018006371551297563
0 0.7850599817327601 0.8041285730423201 0.0031795470779005797 0.0032887743102595125
0 0.671875 0.83359375 0.30625 0.3328125
0 0.575 0.6375 0.1125 0.096875