0 0.3319784571301664 0.5453535479010643 0.001744510523343834 0.0031704641066227167
0 0.30758904700211076 0.12660354790106423 0.24609926820408995 0.23489915188677948
0 0.2109375 0.4625 0.346875 0.175
0 0.00078125 0.42890625 0.0015625 0.0015625
0 0.00078125 0.44296875 0.0015625 0.0015625
0 0.0796875 0.38828125 0.159375 0.3109375
0 0.10703125 0.0765625 0.2140625 0.153125
0 0.9707660682605598 0.12319608841329506 0.0016535052616717394 0.0016079641066226724
0 0.9681037998447082 0.11765914225336105 0.0017445105233436565 0.0031704641066227167
0 0.9517052551204974 0.10392325118713423 0.006432010523343834 0.0033068564264906895
0 0.9505067761671849 0.11012778708051156 0.003307010523343834 0.003215928213245345
0 0.80859375 0.1359375 0.3828125 0.271875
0 0.784375 0.5109375 0.35 0.078125
0 0.47729387322576544 0.6057334552646271 0.001653505261671917 0.0016079641066227169
0 0.31484375 0.59921875 0.3796875 0.0984375
0 0.6894738967621145 0.7419688204666064 0.0016535052616717394 0.0016079641066227169
0 0.6551451284168501 0.6614175024407755 0.006432010523343657 0.0033068564264906895
0 0.771875 0.6109375 0.325 0.121875
0 0.7375 0.71015625 0.25625 0.3203125