0 0.30823635503290403 0.142177510081983 0.0017083656405972648 0.0016170637023308564
0 0.29461145195469596 0.14735608340296072 0.0017083656405972648 0.0016170637023308564
0 0.0578125 0.06015625 0.115625 0.1203125
0 0.11640625 0.32734375 0.2328125 0.2234375
0 0.94765625 0.05 0.1046875 0.1
0 0.6648348542007103 0.11276037251052032 0.1942542645588464 0.21236113466105594
0 0.06796875 0.81015625 0.1359375 0.2390625
0 0.84296875 0.4875 0.2296875 0.096875
0 0.7656989367714517 0.6843550863981855 0.20681608610630278 0.18009427168436432
0 0.4352758433852211 0.8894915420179664 0.005125096921791972 0.004851191106992658
0 0.5390625 0.86640625 0.278125 0.2671875