0 0.1109375 0.24453125 0.221875 0.4484375
0 0.6802059214063627 0.11248314751977784 0.001671627404661713 0.0032433991701630305
0 0.6795610806621898 0.11633019793469632 0.001671627404661713 0.0032433991701630305
0 0.7348661395551973 0.11584586847548373 0.14177581614940155 0.17748822780418294
0 0.02708092140636271 0.7843581475197778 0.001671627404661713 0.0032433991701630305
0 0.026436080662189852 0.7882051979346963 0.001671627404661713 0.0032433991701630305
0 0.08174113955519732 0.7877208684754837 0.14177581614940155 0.17748822780418294
0 0.5385863618803831 0.6017815232447241 0.001671627404661713 0.0032433991701630305
0 0.5473438029873756 0.6071202186806207 0.001671627404661713 0.0032433991701630305
0 0.5748611677781656 0.6364767545733921 0.003234127404661713 0.0033617983403260608
0 0.5734896407363237 0.6418271054032292 0.001671627404661713 0.0032433991701630305
0 0.5692386503549705 0.6539719078927401 0.001671627404661713 0.0032433991701630305
0 0.5678125596107977 0.657759758722577 0.001671627404661713 0.0032433991701630305
0 0.5642609736759482 0.6676200107971695 0.001671627404661713 0.0032433991701630305
0 0.5600645469969259 0.6813273132866804 0.001671627404661713 0.0032433991701630305
0 0.5557589929132419 0.6919096157761914 0.001671627404661713 0.0032433991701630305
0 0.550808598085385 0.7063389686806207 0.001671627404661713 0.0032433991701630305
0 0.5480382621505356 0.7162584203402946 0.003343254809323426 0.006486798340326061
0 0.5437872717691825 0.7284032228298056 0.003452382213985139 0.00961179834032606
0 0.5441146539831676 0.7377782228298055 0.001671627404661713 0.0032433991701630305
0 0.5163914472670783 0.7917786385967082 0.001671627404661713 0.0032433991701630305
0 0.5128671431833943 0.8024201406713006 0.001671627404661713 0.0032433991701630305
0 0.57578125 0.7828125 0.1328125 0.434375