0 0.38828125 0.42265625 0.3015625 0.1921875
0 0.6891179197669611 0.49994337432213376 0.0032159282132454337 0.003143180718159222
0 0.6930241697669611 0.4999206484244348 0.0032159282132454337 0.003143180718159222
0 0.9107368555020539 0.4361434529737485 0.0032159282132454337 0.0031431807181593998
0 0.905731106755695 0.42523322405098735 0.0063863923198681505 0.004723861436318444
0 0.9190267286215921 0.45250425117835036 0.0032159282132454337 0.003143180718159222
0 0.75078125 0.04140625 0.3609375 0.0828125
0 0.90703125 0.3109375 0.1859375 0.378125
0 0.00078125 0.8046875 0.0015625 0.003125
0 0.00078125 0.8046875 0.0015625 0.003125
0 0.2703125 0.6671875 0.5375 0.296875
0 0.9252265674971054 0.9124701245185257 0.0032159282132454337 0.003143180718159044
0 0.946875 0.878125 0.10625 0.24375
0 0.76953125 0.6046875 0.4609375 0.171875