0 0.4706281708840894 0.008228586526391446 0.0033252590992987052 0.0033252590992987052
0 0.459375 0.00078125 0.003125 0.0015625
0 0.45020624691768096 0.047661326347358646 0.0032251295496493527 0.0017627590992987051
0 0.4497148935861935 0.018905270671832675 0.0034253886489480577 0.004887759099298705
0 0.4404109423218891 0.06696203887042991 0.0032251295496493527 0.0017627590992987051
0 0.44245310610926475 0.01081216842007926 0.0032251295496493527 0.0017627590992986164
0 0.4429444594407522 0.03956822409560527 0.0065503886489480575 0.0050880181985973215
0 0.43846771052048644 0.060862233194903935 0.0032251295496493527 0.0017627590992987051
0 0.44067056061277154 0.026487233194903936 0.0033252590992987052 0.0033252590992987052
0 0.4363847763750453 0.08122479796972856 0.0033252590992987052 0.0033252590992986163
0 0.4351517458379469 0.027618936618676537 0.0032251295496493527 0.0017627590992986164
0 0.43464060610926475 0.011312816168325846 0.0032251295496493527 0.0017627590992987051
0 0.4288516810631222 0.028800704817273814 0.0032251295496493527 0.0017627590992987051
0 0.4259967913344401 0.012644778691397107 0.0032251295496493527 0.0017627590992987051
0 0.4242945889904016 0.039207278691397104 0.0033252590992987052 0.0033252590992987052
0 0.4292521992617194 0.022550704817273816 0.016826554595791875 0.01975129549649317
0 0.418174996917681 0.04971398211516975 0.0033252590992987052 0.0033252590992986163
0 0.23671875 0.096875 0.4734375 0.19375
0 0.69921875 0.29296875 0.1984375 0.1328125
0 0.69453125 0.04296875 0.1890625 0.0859375
0 0.25737149753598987 0.590211880786267 0.19821386181247735 0.17920304595791858
0 0.021875 0.78359375 0.04375 0.1828125
0 0.864156016352896 0.8675742196197851 0.0032251295496493527 0.0017627590992987051
0 0.759375 0.8859375 0.31875 0.228125