0 0.4697475810244617 0.2693949400955022 0.0032159282132454337 0.003234127404661713
0 0.4703015104913483 0.2772347219466676 0.014289820533113406 0.00830357332097762
0 0.465625 0.28515625 0.3875 0.3984375
0 0.040625 0.0265625 0.08125 0.053125
0 0.0265625 0.45078125 0.053125 0.1140625
0 0.8550268853267461 0.45670645633757107 0.19227373119538135 0.17061014427970278
0 0.70703125 0.0375 0.0953125 0.075
0 0.73671875 0.30546875 0.1546875 0.2515625
0 0.69296875 0.240625 0.0671875 0.15
0 0.60390625 0.58984375 0.0015625 0.0015625
0 0.59921875 0.58984375 0.0015625 0.0015625
0 0.584375 0.58984375 0.003125 0.0015625
0 0.5765625 0.58984375 0.00625 0.0015625
0 0.575 0.58984375 0.003125 0.0015625
0 0.56484375 0.58984375 0.0046875 0.0015625
0 0.55859375 0.58984375 0.0015625 0.0015625
0 0.56640625 0.59296875 0.0171875 0.0078125
0 0.55390625 0.58984375 0.0015625 0.0015625
0 0.403125 0.68828125 0.459375 0.1984375
0 0.0578125 0.6671875 0.115625 0.15625
0 0.7921875 0.6671875 0.265625 0.15625