0 0.08515625 0.06171875 0.1703125 0.1234375
0 0.53125 0.05390625 0.25625 0.1078125
0 0.3796875 0.48984375 0.184375 0.0796875
0 0.76796875 0.315625 0.2171875 0.421875
0 0.22639783177487263 0.6963440372224996 0.003143180718159222 0.0032705492142117267
0 0.23500521731349205 0.6936000268834175 0.0063227228726368875 0.012791098428423454
0 0.23203125 0.70234375 0.3390625 0.3453125
0 0.7002534882925351 0.5389724929706867 0.003134090359079611 0.0017080492142117266
0 0.740625 0.66328125 0.1625 0.2671875
0 0.93203125 0.66640625 0.1359375 0.2734375
0 0.8560024767814618 0.886309757652995 0.12270222267624523 0.14786391935425697