0 0.13359375 0.16796875 0.2671875 0.3265625
0 0.9687204989127383 0.19590511973026956 0.0016900457576344507 0.0016352746071056855
0 0.85234375 0.25625 0.2953125 0.35625
0 0.64296875 0.0265625 0.1734375 0.053125
0 0.61796875 0.078125 0.1765625 0.15625
0 0.5609375 0.32265625 0.0625 0.0828125
0 0.575 0.04296875 0.090625 0.0859375
0 0.48203125 0.921875 0.0953125 0.15625
0 0.3076385751352337 0.7057810415657259 0.1906244842481845 0.1614213052100677
0 0.00078125 0.715625 0.0015625 0.003125
0 0.07265625 0.6828125 0.1453125 0.253125
0 0.603125 0.60234375 0.146875 0.2046875