0 0.17890625 0.3734375 0.3015625 0.45625
0 0.0875 0.084375 0.175 0.16875
0 0.8431376298433684 0.14032563275092977 0.003161367591180664 0.0017080492142117266
0 0.8336717108654168 0.1359827351082946 0.003161367591180664 0.0017080492142117266
0 0.8304557918874655 0.13193093589408292 0.003161367591180664 0.0017080492142117266
0 0.766229637727153 0.12191592700274274 0.003161367591180486 0.0017080492142117266
0 0.7586002821038197 0.19647927936010756 0.2399379350298613 0.18286396567298446
0 0.43359375 0.6828125 0.2078125 0.19375
0 0.36875 0.03203125 0.078125 0.0640625
0 0.13671875 0.875 0.2734375 0.171875
0 0.85625 0.81328125 0.11875 0.0484375
0 0.57421875 0.815625 0.1859375 0.053125
0 0.55546875 0.8296875 0.2015625 0.08125