0 0.4960212382710575 0.30218206315777996 0.014718063861970521 0.00994800296574958
0 0.4693112727999328 0.28995131859498746 0.008249542574646895 0.006568334980971891
0 0.46089783925979333 0.28167590357595945 0.0016717606436614575 0.0016261669961943781
0 0.459827012156271 0.28877082057215386 0.0016717606436614575 0.0016261669961943781
0 0.4083355679724697 0.28068374794847156 0.006577781930985083 0.004942167984777512
0 0.39512537378866847 0.2710368339180267 0.0016717606436618127 0.0016261669961943781
0 0.38584320893796226 0.2839506693932902 0.011483803218308709 0.008258168973360824
0 0.259375 0.3421875 0.51875 0.409375
0 0.06796875 0.334375 0.1359375 0.28125
0 0.078125 0.05234375 0.15625 0.1046875
0 0.90078125 0.3796875 0.1984375 0.340625
0 0.66328125 0.0140625 0.0703125 0.028125
0 0.04609375 0.86796875 0.0921875 0.1828125
0 0.575 0.94765625 0.1125 0.1046875
0 0.58671875 0.71171875 0.1359375 0.1890625