0 0.3085892836478818 0.15843991634258528 0.3458820358335089 0.28456849527549455
0 0.9224324378811379 0.22518838440660183 0.0034350804095257814 0.003234127404661713
0 0.9 0.36015625 0.2 0.3390625
0 0.69375 0.225 0.2875 0.45
0 0.7046875 0.5203125 0.165625 0.159375
0 0.60078125 0.4953125 0.1015625 0.209375
0 0.1828125 0.66484375 0.253125 0.1296875
0 0.4578125 0.70390625 0.184375 0.2078125
0 0.121875 0.72109375 0.24375 0.2421875
0 0.42734375 0.9078125 0.2453125 0.184375
0 0.646875 0.71875 0.19375 0.2375