0 0.3376142223614925 0.4027961844305924 0.003161367591180664 0.0015806807181592219
0 0.3532574061570827 0.4019240308397962 0.003161367591180664 0.0015806807181592219
0 0.76953125 0.20625 0.4609375 0.4125
0 0.00078125 0.8875 0.0015625 0.003125
0 0.003125 0.87890625 0.00625 0.0078125
0 0.11328125 0.853125 0.2265625 0.29375
0 0.48086226139916644 0.5136912151721927 0.10083776101791671 0.10369769262201593
0 0.5421875 0.8796875 0.00625 0.003125
0 0.61015625 0.8453125 0.1421875 0.309375
0 0.9192136337399998 0.8435287060970065 0.007848867591180664 0.0016079517953981437
0 0.93203125 0.86484375 0.1359375 0.0796875
0 0.8453125 0.68125 0.309375 0.225