0 0.35703125 0.059375 0.1796875 0.11875
0 0.06015625 0.0609375 0.1203125 0.121875
0 0.6140625 0.09296875 0.15 0.1859375
0 0.275 0.6125 0.415625 0.346875
0 0.03671875 0.63671875 0.0734375 0.2328125
0 0.178125 0.4953125 0.35625 0.1125
0 0.959375 0.7125 0.08125 0.246875
0 0.70859375 0.9359375 0.3390625 0.128125
0 0.6563709153803161 0.6365674055428121 0.18284995735199913 0.14382938947037927
0 0.60234375 0.7703125 0.1265625 0.196875
0 0.571875 0.93125 0.065625 0.10625
0 0.6046875 0.53046875 0.13125 0.1828125