0 0.3859375 0.15859375 0.128125 0.1453125
0 0.038135536842956654 0.267745516790223 0.003380091515269079 0.003234127404661713
0 0.128125 0.27421875 0.25625 0.2296875
0 0.8381528016766883 0.17618543313280824 0.0016900457576344507 0.0016170637023308564
0 0.93046875 0.5171875 0.1390625 0.103125
0 0.72109375 0.1578125 0.2765625 0.315625
0 0.60078125 0.52890625 0.1640625 0.0796875
0 0.5428714789573506 0.3980356735989794 0.16980180121764638 0.1523859339354164
0 0.4796875 0.20390625 0.059375 0.0734375
0 0.403125 0.60234375 0.09375 0.0671875
0 0.41875 0.69609375 0.0625 0.1453125
0 0.29921875 0.93125 0.1890625 0.1375
0 0.0484375 0.60703125 0.096875 0.0765625
0 0.9489305471347604 0.6736259175237116 0.0016900457576344507 0.0016170637023308564
0 0.9342143428923949 0.6757067726958548 0.0016900457576344507 0.0016170637023308564
0 0.565625 0.60859375 0.23125 0.0796875
0 0.60703125 0.84296875 0.3140625 0.3140625