0 0.246875 0.0125 0.14375 0.025
0 0.18515625 0.475 0.2671875 0.509375
0 0.7202858244694441 0.18952745373753963 0.0031977351823611498 0.0033252590992987052
0 0.7242466258562149 0.18693337986341635 0.0031977351823611498 0.0033252590992987052
0 0.727444361038576 0.18360812076411773 0.0031977351823611498 0.0033252590992987052
0 0.7330040300165275 0.17935141734034507 0.0031977351823611498 0.0033252590992987052
0 0.7354205151988886 0.17607622301587114 0.0031977351823609724 0.0033252590992987052
0 0.737600611038576 0.1829572786913971 0.0031977351823611498 0.0033252590992987052
0 0.7386000665856594 0.17353221391657248 0.0031977351823609724 0.0033252590992986163
0 0.7441597355636107 0.16927551049279982 0.0031977351823609724 0.0033252590992986163
0 0.7473574707459718 0.16595025139350117 0.0031977351823611498 0.0033252590992987052
0 0.7558057503812496 0.1716495388704299 0.0031977351823611498 0.0033252590992987052
0 0.7553336249062844 0.15841835364525458 0.0031977351823611498 0.0033252590992987052
0 0.7585131762930553 0.15587434454595597 0.0031977351823611498 0.0033252590992987052
0 0.7632915952710067 0.151667705897008 0.0031977351823611498 0.0033252590992987052
0 0.7691051841768399 0.17001718769841068 0.011119337955902786 0.00851340684754529
0 0.7664711466577774 0.14912369679770934 0.0031977351823611498 0.0033252590992986163
0 0.8061694262930551 0.15282039328165165 0.0031977351823611498 0.0033252590992986163
0 0.812546712862187 0.14695112508305436 0.0031977351823613276 0.0033252590992987052
0 0.8164711466577774 0.14591955120893108 0.0031977351823609724 0.0033252590992987052
0 0.8300797049784023 0.13100595003691184 0.0031977351823613276 0.0033252590992987052
0 0.8332774401607637 0.1276806909376132 0.0031977351823613276 0.0033252590992986163
0 0.8364751753431247 0.12435543183831457 0.0031977351823613276 0.0033252590992986163
0 0.8379103887739927 0.1297240522886652 0.004796602773541636 0.004987888648947969
0 0.8396729105254858 0.12103017273901591 0.0031977351823609724 0.0033252590992987052
0 0.8428524619122566 0.11848616363971728 0.0031977351823613276 0.0033252590992987052
0 0.8468314470946178 0.11511083976559396 0.0031977351823609724 0.0033252590992986163
0 0.659375 0.24296875 0.68125 0.4859375
0 0.09609375 0.8140625 0.1921875 0.16875
0 0.74140625 0.771875 0.3078125 0.084375