0 0.1124943509706243 0.42497690700442875 0.0017262743102595124 0.0032251295496493527
0 0.20703125 0.35390625 0.2578125 0.2515625
0 0.5034414190401628 0.1351970203580656 0.0032887743102595125 0.0033252590992987052
0 0.5089511126177276 0.13562781693429304 0.0048512743102595126 0.0034253886489480577
0 0.7043322116677879 0.1842493823274265 0.0017262743102595124 0.0032251295496493527
0 0.7133320754171694 0.2064049845791799 0.0017262743102595124 0.0032251295496493527
0 0.6140625 0.2515625 0.228125 0.275
0 0.29609375 0.8890625 0.3109375 0.221875
0 0.8984375 0.49765625 0.13125 0.0359375
0 0.74140625 0.5328125 0.1765625 0.10625
0 0.9671875 0.63359375 0.065625 0.1953125