0 0.3178497455241798 0.2414787823920249 0.4510336829088235 0.4334852375046152
0 0.9812485163436708 0.48018273211516976 0.0033252590992987052 0.0033252590992987052
0 0.9859860811184955 0.4806635934662218 0.0016626295496493526 0.0016626295496493526
0 0.9898923311184955 0.4804132695920985 0.0016626295496493526 0.0016626295496493526
0 0.9961923958933202 0.48079400139350115 0.0016626295496493526 0.0016626295496493526
0 0.99921875 0.48046875 0.0015625 0.0015625
0 0.9973741640919174 0.4869939366186765 0.0033252590992987052 0.0033252590992987052
0 0.809375 0.371875 0.38125 0.575
0 0.26015625 0.7375 0.2921875 0.15625
0 0.70078125 0.81015625 0.1640625 0.3015625
0 0.90859375 0.765625 0.1828125 0.2125
0 0.9328125 0.8953125 0.134375 0.209375