0 0.14375 0.03359375 0.153125 0.0671875
0 0.2375 0.234375 0.084375 0.13125
0 0.09140625 0.025 0.1203125 0.05
0 0.9521503908031768 0.01744057049538883 0.003143180718159222 0.003234127404661713
0 0.9302299390077786 0.008864178662756928 0.001571590359079522 0.0016170637023307677
0 0.9255151679305398 0.004012987555764269 0.001571590359079522 0.0016170637023307677
0 0.90625 0.046875 0.1875 0.09375
0 0.815625 0.1421875 0.36875 0.284375
0 0.44453125 0.1 0.2828125 0.2
0 0.2125 0.62734375 0.134375 0.1984375
0 0.053125 0.35078125 0.10625 0.1015625
0 0.0390625 0.88046875 0.078125 0.1421875
0 0.9258343722600205 0.8873413866447905 0.001571590359079522 0.0016170637023307677
0 0.756660107920277 0.4057491023465543 0.19776585518980241 0.16000002649368783
0 0.83678550779864 0.8865750056119316 0.21519879488495236 0.20278772721932725
0 0.31796875 0.33359375 0.0765625 0.0671875
0 0.37648835723290597 0.8462872452754946 0.14452268052176756 0.1378323606144388
0 0.309375 0.5703125 0.059375 0.103125