0 0.43828125 0.17265625 0.2828125 0.3453125
0 0.07578125 0.065625 0.1515625 0.13125
0 0.7216308014535978 0.26330673812292427 0.0016717606436617237 0.0016626295496493526
0 0.78984375 0.26328125 0.4203125 0.3515625
0 0.5984375 0.06953125 0.0375 0.1390625
0 0.2624521794296403 0.8051680752583993 0.0016717606436618127 0.0016626295496493526
0 0.19375 0.7890625 0.3875 0.4
0 0.964123576095116 0.49999252852528836 0.0016717606436618127 0.0016626295496493526
0 0.9606161638423 0.5052610194259898 0.0016717606436614575 0.0016626295496493526
0 0.955436990945822 0.5119918807770418 0.0016717606436614575 0.0016626295496493526
0 0.62421875 0.66015625 0.0890625 0.1390625
0 0.6796875 0.54609375 0.2 0.2140625