0 0.034375 0.16796875 0.06875 0.1578125
0 0.05234375 0.05703125 0.1046875 0.1140625
0 0.2359375 0.22109375 0.10625 0.1359375
0 0.5925037037441314 0.10847311367581369 0.22787434612402802 0.19192492134838535
0 0.20531348147954817 0.8007025620533662 0.0015988675911804862 0.001571590359079522
0 0.14453125 0.72890625 0.2890625 0.2609375
0 0.2788153310220487 0.2948116312370111 0.007994337955902608 0.007857951795398088
0 0.409375 0.47578125 0.240625 0.2203125
0 0.509375 0.83828125 0.403125 0.3234375
0 0.74609375 0.3984375 0.2359375 0.21875
0 0.91640625 0.71328125 0.1671875 0.2453125