0 0.00078125 0.1390625 0.0015625 0.003125
0 0.12890625 0.15 0.2578125 0.278125
0 0.8359375 0.096875 0.328125 0.19375
0 0.175 0.784375 0.35 0.43125
0 0.35078125 0.54140625 0.0015625 0.0015625
0 0.41015625 0.42734375 0.1203125 0.0546875
0 0.6182105807606321 0.6708056288092216 0.003143181333545364 0.0017810212873234476
0 0.5796480674331318 0.716505894900765 0.1514181440165446 0.13236402179152656
0 0.7390625 0.428125 0.134375 0.05625
0 0.97109375 0.52578125 0.0578125 0.1203125
0 0.97265625 0.42578125 0.0546875 0.0515625