0 0.16171875 0.3609375 0.3234375 0.303125
0 0.7006989627864744 0.29069260402690134 0.0032159282132454337 0.0032887743102595125
0 0.6077255157686106 0.45674805122251083 0.0032159282132454337 0.0032887743102595125
0 0.6444262307331631 0.29285929161157237 0.0032159282132454337 0.0032887743102595125
0 0.5831657849689404 0.44629855212702196 0.007948892319867973 0.005096935775648781
0 0.6194944268930971 0.2965132360936484 0.006386392319867973 0.005015048620519024
0 0.573699856755695 0.4436648750578005 0.0032159282132454337 0.0032887743102595125
0 0.5879405500126353 0.3145981727738083 0.0032159282132454337 0.0032887743102595125
0 0.64140625 0.37890625 0.1828125 0.2015625
0 0.5850224870013692 0.2412016163513732 0.0032159282132454337 0.0032887743102595125
0 0.55078125 0.35625 0.0015625 0.003125
0 0.55078125 0.23125 0.0015625 0.003125
0 0.55078125 0.228125 0.0015625 0.003125
0 0.55078125 0.2265625 0.0015625 0.003125
0 0.603125 0.47265625 0.10625 0.1328125
0 0.60625 0.24765625 0.1125 0.1921875
0 0.7 0.83125 0.3 0.3375