0 0.4470388585494571 0.06300636113039335 0.0032887743102595125 0.0033070105233436566
0 0.4429688342391976 0.06635887428457296 0.0032887743102595125 0.0033070105233436566
0 0.42430072139432734 0.06588843742463517 0.0032887743102595125 0.0033070105233436566
0 0.3609375 0.10390625 0.315625 0.2078125
0 0.51953125 0.39453125 0.0015625 0.0046875
0 0.7615783141128095 0.18127894801856606 0.3127611080951718 0.32041599971765145
0 0.60859375 0.25703125 0.1796875 0.4296875
0 0.8234375 0.00078125 0.003125 0.0015625
0 0.51953125 0.00078125 0.0015625 0.0015625
0 0.51953125 0.00078125 0.0015625 0.0015625
0 0.51953125 0.00078125 0.0015625 0.0015625
0 0.61015625 0.10390625 0.1828125 0.2078125
0 0.80703125 0.07890625 0.3859375 0.1578125
0 0.20094286578554632 0.6083790452889081 0.22627033016686776 0.21568372611071512
0 0.046875 0.54375 0.09375 0.0875
0 0.51953125 0.50078125 0.0015625 0.0015625
0 0.68671875 0.67734375 0.3359375 0.3546875