0 0.4697065765993191 0.10669094050063044 0.23465849530842303 0.19832751139996638
0 0.35 0.47890625 0.38125 0.3015625
0 0.03515625 0.37421875 0.0703125 0.1609375
0 0.790625 0.540625 0.18125 0.178125
0 0.8171875 0.1328125 0.234375 0.265625
0 0.76484375 0.4140625 0.1296875 0.19375
0 0.8078125 0.1078125 0.215625 0.215625
0 0.3953125 0.63046875 0.003125 0.0015625
0 0.3796875 0.63046875 0.003125 0.0015625
0 0.4203125 0.69921875 0.3 0.1390625
0 0.25546875 0.909375 0.2890625 0.18125
0 0.28828125 0.6546875 0.2671875 0.05
0 0.0859375 0.665625 0.165625 0.071875
0 0.046875 0.68046875 0.09375 0.1015625
0 0.759375 0.81796875 0.11875 0.2265625
0 0.7078125 0.884375 0.015625 0.1875