0 0.678274090881082 0.18262857587688278 0.005042697510489092 0.004823892319868151
0 0.683506042540756 0.1796627002500621 0.005042697510489092 0.004823892319868151
0 0.6903004942004299 0.17674228872986414 0.0033617983403260608 0.0032159282132454337
0 0.6955324458601039 0.17377641310304356 0.0033617983403260608 0.0032159282132454337
0 0.7016048471048594 0.1716145195295343 0.0033617983403260608 0.003215928213245345
0 0.7068367987645333 0.16864864390271367 0.0033617983403260608 0.003215928213245345
0 0.7121279500092887 0.16646401827589305 0.0033617983403260608 0.003215928213245345
0 0.7173599016689627 0.16349814264907242 0.0033617983403260608 0.0032159282132454337
0 0.73125 0.24609375 0.2625 0.2765625
0 0.5703125 0.715625 0.059375 0.2125
0 0.3 0.9546875 0.6 0.090625
0 0.73828125 0.78359375 0.2765625 0.3484375
0 0.815625 0.65859375 0.25625 0.0984375