0 0.25354926724833243 0.06013248409837537 0.0016992010367592237 0.0016079641066227169
0 0.2234375 0.03828125 0.2 0.0765625
0 0.5403144098027302 0.28277332838416525 0.0016992010367591348 0.0016079641066227169
0 0.596875 0.00078125 0.003125 0.0015625
0 0.6328125 0.00078125 0.009375 0.0015625
0 0.6203125 0.00078125 0.00625 0.0015625
0 0.6421875 0.00078125 0.003125 0.0015625
0 0.646875 0.00078125 0.003125 0.0015625
0 0.63046875 0.0359375 0.1015625 0.071875
0 0.81953125 0.04765625 0.1796875 0.0953125
0 0.84375 0.0328125 0.190625 0.065625
0 0.16544438303527703 0.6530079573761981 0.0016992010367591348 0.0016079641066227169
0 0.22844054345013776 0.8208235946815012 0.0032617010367593123 0.0016534282132454337
0 0.21653799132935098 0.666962808788124 0.003398402073518625 0.0032159282132454337
0 0.25224919033985993 0.8168407883341529 0.008085902073518624 0.0033523205331134065
0 0.23980939599476764 0.6746532883341528 0.0065234020735186245 0.0033068564264908673
0 0.26155583982148034 0.8163323229738889 0.003398402073518625 0.0032159282132454337
0 0.2659419605093973 0.6972329819868044 0.003398402073518625 0.0032159282132454337
0 0.21647849420407309 0.7464457203083218 0.16712729434509227 0.14668844655564542
0 0.2783059680022678 0.6336933192129652 0.0016992010367591348 0.0016079641066227169
0 0.3037734426489342 0.7466479602791919 0.0032617010367593123 0.0016534282132454337
0 0.3906104783698603 0.6525462707831755 0.0016992010367593124 0.0016079641066227169
0 0.3911866768147214 0.6502252528364869 0.0032617010367593123 0.0016534282132454337
0 0.39566912525958253 0.6480178951563549 0.0016992010367593124 0.0016079641066227169
0 0.43860564684323944 0.9072026785424498 0.17913927879370348 0.1236601235152495
0 0.46267069754990653 0.6834756735278849 0.190896985014259 0.13335337226160834
0 0.8140625 0.7703125 0.371875 0.459375