0 0.2875 0.53125 0.44375 0.275
0 0.09556518190766213 0.12689510551659175 0.17831887978345584 0.11711713636243815
0 0.0578125 0.2328125 0.115625 0.1625
0 0.89453125 0.42109375 0.2109375 0.2421875
0 0.5961909707040333 0.2648684383083074 0.0031704641066227167 0.0016170470779005796
0 0.586338597584495 0.24829854707460539 0.0031704641066227167 0.0016170470779007574
0 0.6403297641192579 0.19848550770734247 0.24515469028743925 0.21354785145940197
0 0.596875 0.04765625 0.175 0.0953125
0 0.57109375 0.6140625 0.1234375 0.109375
0 0.54375 0.34609375 0.06875 0.1109375
0 0.565625 0.10625 0.1125 0.16875
0 0.071875 0.74375 0.14375 0.15
0 0.659375 0.7734375 0.3 0.209375
0 0.57734375 0.75234375 0.1359375 0.1671875