0 0.043814456832686144 0.0643055143431523 0.0016992010367593124 0.0016170637023307677
0 0.0875 0.0421875 0.175 0.084375
0 0.68203125 0.446875 0.5234375 0.14375
0 0.04804475263838093 0.6729116772271764 0.001699201036759268 0.0016170637023307677
0 0.057547600282038494 0.7512450083527025 0.0016992010367592237 0.0016170637023307677
0 0.0996653327043994 0.6259349843060853 0.0016992010367593124 0.0016170637023307677
0 0.1084559893960663 0.7658233743246188 0.001835902073518536 0.0031795637023307676
0 0.14503591277041777 0.5791765461943177 0.0032617010367593123 0.001671627404661713
0 0.16365877365639 0.5621700954686784 0.0016992010367593124 0.0016170637023307677
0 0.16726222728504733 0.5565922180640166 0.0016992010367593124 0.0016170637023307677
0 0.09296875 0.55859375 0.1859375 0.0796875
0 0.1921875 0.6453125 0.353125 0.253125
0 0.3918124594245843 0.5602231603521355 0.0016992010367593124 0.0016170637023307677
0 0.4328125 0.59609375 0.128125 0.1078125