0 0.00078125 0.04296875 0.0015625 0.0015625
0 0.00078125 0.03671875 0.0015625 0.0015625
0 0.00078125 0.03203125 0.0015625 0.0015625
0 0.00078125 0.01171875 0.0015625 0.0015625
0 0.06640625 0.09765625 0.1328125 0.1953125
0 0.41484375 0.03671875 0.1484375 0.0734375
0 0.48984375 0.15859375 0.0015625 0.0015625
0 0.48984375 0.16328125 0.0015625 0.0015625
0 0.48984375 0.16953125 0.0015625 0.0015625
0 0.975 0.2609375 0.05 0.16875
0 0.84140625 0.14296875 0.3171875 0.2859375
0 0.246875 0.56484375 0.484375 0.3859375
0 0.9112149319303213 0.7126902235957635 0.17034995735199915 0.14142769984750014