0 0.14121713713426026 0.2612496019907364 0.0016992010367593124 0.0016443871551297562
0 0.1410606037224084 0.23637243272343103 0.0016992010367593124 0.0016443871551297562
0 0.1383846630532417 0.22251465061125542 0.004960902073518536 0.0033706614653892684
0 0.2515625 0.15 0.275 0.3
0 0.5203125 0.1234375 0.228125 0.246875
0 0.90234375 0.08125 0.1953125 0.1625
0 0.07726265240282526 0.9402377391458661 0.0016992010367593124 0.0016443871551297562
0 0.04921875 0.95859375 0.0984375 0.0828125
0 0.1589185043353245 0.5580117373368438 0.10312358294074056 0.12983134215265535
0 0.7703125 0.74453125 0.459375 0.5109375
0 0.6703125 0.49453125 0.1625 0.0109375