0 0.31927627953328486 0.528853508722577 0.001854231281194707 0.0032433991701630305
0 0.3328702718377647 0.5415194520838812 0.0017083656405972648 0.0016808991701630304
0 0.3394330141422447 0.5536525991794518 0.0018542312811945295 0.0032433991701630305
0 0.3236609369792478 0.49272675457339216 0.0017083656405972648 0.0016808991701630304
0 0.3337343544085063 0.5175375004242072 0.005125096921791972 0.005042697510489092
0 0.3257438664717813 0.47349150249879973 0.0017083656405972648 0.0016808991701630304
0 0.34291156697089564 0.5244386958601039 0.0017083656405972648 0.0016808991701630304
0 0.3334735339010398 0.49812464959437025 0.008395962562389236 0.006841995850815153
0 0.3285981462138719 0.4791378512540442 0.0017083656405972648 0.0016808991701630304
0 0.3392550262055197 0.5101985971048594 0.0034167312811945296 0.0033617983403260608
0 0.3237956913470027 0.46093230291371823 0.0034167312811945296 0.0033617983403260608
0 0.34450497774462363 0.50826924420043 0.0017083656405972648 0.0016808991701630304
0 0.35057820133029816 0.5234681917109191 0.0017083656405972648 0.0016808991701630304
0 0.34897367928372774 0.506280691710919 0.0017083656405972648 0.0016808991701630304
0 0.3572447872288049 0.5200947379766526 0.0017083656405972648 0.0016808991701630304
0 0.34958805261984516 0.49624284088108206 0.0018542312811945295 0.0032433991701630305
0 0.351119641846117 0.5126490908810821 0.018937887687167886 0.020052390871793335
0 0.3510566087762612 0.4870454396363266 0.0018542312811945295 0.0032433991701630305
0 0.34921875 0.4796875 0.1390625 0.359375
0 0.5454308818628215 0.5674261435710857 0.17889877329435624 0.15473781203728051
0 0.775 0.61953125 0.228125 0.0796875
0 0.8984375 0.3703125 0.203125 0.18125
0 0.284375 0.8703125 0.26875 0.259375
0 0.7843438816550254 0.6850792753193166 0.0017083656405972648 0.0016808991701630304
0 0.7896667660144281 0.6839311724148871 0.0017083656405972648 0.0016808991701630304
0 0.815625 0.72421875 0.36875 0.1296875