0 0.21640625 0.4346694828447342 0.0015625 0.0016079641066227169
0 0.13984375 0.49765625 0.2796875 0.3046875
0 0.9546875 0.10546875 0.090625 0.2109375
0 0.89140625 0.4359424778301692 0.165625 0.10169419530200426
0 0.8390625 0.28676318025830944 0.1671875 0.1611146594086268
0 0.68046875 0.07421875 0.0609375 0.0796875
0 0.7140625 0.5 0.128125 0.165625
0 0.32265625 0.68515625 0.1859375 0.0703125
0 0.39296875 0.8328749652937569 0.3 0.2368541084715547
0 0.053125 0.8796875 0.10625 0.140625
0 0.87421875 0.90625 0.2515625 0.178125
0 0.7171875 0.7375 0.134375 0.175
0 0.69140625 0.87421875 0.0828125 0.1015625
0 0.69140625 0.728125 0.0828125 0.15625
0 0.68046875 0.66953125 0.0609375 0.0390625
0 0.70625 0.928125 0.1125 0.14375