0 0.025608227700910913 0.2831681430591796 0.003380091515269079 0.0033435212873234475
0 0.24921875 0.075 0.3015625 0.15
0 0.17734375 0.2765625 0.3546875 0.325
0 0.39921875 0.3296875 0.0015625 0.003125
0 0.5276009045225312 0.2448765493599109 0.0016900457576345396 0.0016717606436618127
0 0.5329261333107039 0.23673626742892573 0.0016900457576345396 0.0016717606436618127
0 0.5643992739175874 0.2127853151993527 0.003380091515269079 0.0033435212873234475
0 0.5688316824023183 0.21558253326836754 0.003380091515269079 0.0033435212873234475
0 0.5793227722505975 0.22028645876273528 0.0016900457576345396 0.0016717606436618127
0 0.5831014764929628 0.2215758071535811 0.0016900457576345396 0.0016717606436618127
0 0.590467566341242 0.2264982539352724 0.0016900457576345396 0.0016717606436618127
0 0.604019883310704 0.2317649081423167 0.003380091515269079 0.0033435212873234475
0 0.612948473158983 0.2365780942803463 0.0016900457576345396 0.0016717606436618127
0 0.6249382901284448 0.2419540091310525 0.003380091515269079 0.0033435212873236253
0 0.633866879976724 0.24676719526908206 0.006505091515269079 0.0035620425746468952
0 0.6442941969461858 0.2522523707634499 0.00819513727290353 0.005233803218308708
0 0.6543866740673685 0.25232342657964857 0.0016900457576344507 0.0016717606436618127
0 0.6998906216417742 0.28487384662613485 0.0016900457576344507 0.0016717606436618127
0 0.7088829843688707 0.28890578276416445 0.003380091515269079 0.0033435212873234475
0 0.7304550954289771 0.3006027534310693 0.003380091515269079 0.0033435212873236253
0 0.7394474581560735 0.3046346895690988 0.0016900457576344507 0.0016717606436618127
0 0.71484375 0.31015625 0.4796875 0.2578125