0 0.00078125 0.21328125 0.0015625 0.0015625
0 0.4173803440282448 0.42403167968757166 0.0032342606436618127 0.001799298340326061
0 0.28828125 0.38359375 0.5765625 0.3703125
0 0.646875 0.11171875 0.025 0.2234375
0 0.75625 0.06015625 0.19375 0.1203125
0 0.79609375 0.41953125 0.2734375 0.2984375
0 0.1297982165564055 0.6209333423309745 0.003234260643661724 0.001799298340326061
0 0.13203125 0.6703125 0.2640625 0.146875
0 0.603125 0.84765625 0.1125 0.2203125
0 0.66015625 0.83359375 0.0015625 0.0015625
0 0.66015625 0.83203125 0.0015625 0.0015625
0 0.66015625 0.82890625 0.0015625 0.0015625
0 0.66015625 0.83515625 0.0015625 0.0015625
0 0.71953125 0.9109375 0.1203125 0.178125
0 0.959375 0.8109375 0.08125 0.128125