0 0.55390625 0.12890625 0.2921875 0.2578125
0 0.18984375 0.23671875 0.3796875 0.4640625
0 0.77734375 0.33828125 0.1546875 0.2609375
0 0.77734375 0.23359375 0.1546875 0.3203125
0 0.73046875 0.04609375 0.0609375 0.0921875
0 0.74609375 0.0484375 0.0921875 0.096875
0 0.72265625 0.03359375 0.0453125 0.0671875
0 0.746875 0.04140625 0.09375 0.0828125
0 0.46875 0.88359375 0.25 0.2328125
0 0.6015625 0.6109375 0.196875 0.284375
0 0.11484375 0.55 0.2140625 0.1625
0 0.7625 0.7140625 0.125 0.34375
0 0.86796875 0.48828125 0.0953125 0.0390625