0 0.00078125 0.0578125 0.0015625 0.003125
0 0.0027029270069771627 0.053166074594230575 0.0033435212873234475 0.0031613626670909055
0 0.007843895075991902 0.04841493992682153 0.0032342606436618127 0.0015988626670909057
0 0.012203613145006642 0.043672895926185264 0.0032342606436618127 0.001598862667090728
0 0.015836711535852466 0.03972119259232158 0.0032342606436618127 0.0015988626670909057
0 0.019415179604867206 0.034988239258457995 0.0032342606436618127 0.0015988626670909057
0 0.022993647673881946 0.03025528592459441 0.0032342606436618127 0.0015988626670909057
0 0.026681376386558497 0.02708483259073078 0.0032342606436618127 0.0015988626670909057
0 0.08125 0.10234375 0.1625 0.1953125
0 0.8953125 0.05625 0.209375 0.1125
0 0.73984375 0.128125 0.5203125 0.25625
0 0.36015625 0.5953125 0.0015625 0.003125
0 0.4484375 0.53671875 0.178125 0.2609375
0 0.84765625 0.49765625 0.3046875 0.2890625
0 0.8046875 0.9203125 0.390625 0.159375