0 0.82734375 0.05859375 0.3453125 0.1171875
0 0.1265625 0.78671875 0.253125 0.4109375
0 0.13984375 0.46484375 0.2796875 0.1109375
0 0.26171875 0.61953125 0.2546875 0.1828125
0 0.4271944573634504 0.85759925670824 0.003270865640597265 0.001671627404661713
0 0.43048633402733305 0.8475248522617364 0.0032708656405973533 0.001671627404661713
0 0.45408081094077274 0.8130779303920374 0.003416731281194618 0.003234127404661713
0 0.4594036953001754 0.8148314033501954 0.003270865640597265 0.001671627404661713
0 0.47332032965957815 0.816884976671173 0.003270865640597265 0.0016716274046615354
0 0.47722657965957815 0.8170213859270004 0.003270865640597265 0.001671627404661713
0 0.48801821401898077 0.8189658318433162 0.0032708656405973533 0.001671627404661713
0 0.5035702811986822 0.8202927188666248 0.003270865640597265 0.001671627404661713
0 0.5151431655580848 0.8222644466341062 0.003270865640597265 0.001671627404661713
0 0.5314035499174874 0.8243998655085802 0.003270865640597265 0.001671627404661713
0 0.5430493670971888 0.8255903432760615 0.006395865640597265 0.001780754809323426
0 0.5561847514565915 0.8276166347458739 0.009520865640597264 0.001889882213985139
0 0.566632732737786 0.8248462988110244 0.003270865640597265 0.001671627404661713
0 0.6286011919724103 0.8411186287554241 0.003270865640597265 0.001671627404661713
0 0.6401740763318129 0.8430903565229055 0.003270865640597265 0.001671627404661713
0 0.668080277870917 0.8464162531648609 0.003270865640597265 0.001671627404661713
0 0.6796531622303196 0.8483879809323422 0.003270865640597265 0.001671627404661713
0 0.6691001258326986 0.8942634761230188 0.4928574297003294 0.1745089929132419