0 0.2625 0.09375 0.3125 0.1875
0 0.84140625 0.0921875 0.2984375 0.184375
0 0.66171875 0.3390625 0.4703125 0.159375
0 0.5234375 0.0703125 0.209375 0.140625
0 0.48203125 0.28671875 0.1265625 0.2640625
0 0.4203125 0.06953125 0.003125 0.0984375
0 0.246875 0.96015625 0.31875 0.0796875
0 0.00078125 0.5375 0.0015625 0.003125
0 0.20625 0.4765625 0.4125 0.115625
0 0.209375 0.53984375 0.41875 0.2421875
0 0.02109375 0.575 0.0421875 0.2
0 0.5296875 0.50390625 0.221875 0.1703125
0 0.66328125 0.78046875 0.4890625 0.4390625