0 0.2046875 0.31875 0.296875 0.140625
0 0.80859375 0.15078125 0.3828125 0.3015625
0 0.19247060220486079 0.6496798149315129 0.0031977351823611498 0.0031795470779006686
0 0.1994291170224997 0.6529275458567894 0.003161367591180664 0.0016170470779007574
0 0.178125 0.60625 0.35625 0.3625
0 0.542890789134583 0.5369981773479635 0.0031977351823613276 0.0031795470779006686
0 0.5492498919081248 0.5324197715037648 0.0032704703647223 0.006304547077900668
0 0.5525749136596179 0.5238805685816657 0.003234102773541636 0.004742047077900669
0 0.46627439095819423 0.5043981371699217 0.22376872758291685 0.21944329545304758
0 0.28984375 0.94921875 0.5796875 0.1015625
0 0.78984375 0.5109375 0.4203125 0.225