0 0.00078125 0.184375 0.0015625 0.003125
0 0.041445896721815645 0.10565558425665991 0.0031613626670909055 0.0032159282132454337
0 0.18984375 0.2046875 0.3796875 0.409375
0 0.4328125 0.2203125 0.10625 0.440625
0 0.80390625 0.2703125 0.3921875 0.396875
0 0.08241962611390381 0.8877479848897982 0.0015806813335455417 0.0016079641066227169
0 0.09115882678226743 0.900498037476223 0.0031613626670909055 0.0032159282132454337
0 0.09823553011613102 0.904608875956025 0.006286362667090905 0.0033068564264908673
0 0.10392245611867637 0.9235180003292044 0.0015806813335455417 0.0016079641066227169
0 0.1045309834499946 0.9086969823825157 0.0031613626670909055 0.0032159282132454337
0 0.10864631878576728 0.9267793926490725 0.0031613626670909055 0.0032159282132454337
0 0.11081734611708552 0.9120038388090064 0.0015806813335455417 0.0016079641066227169
0 0.14936222545349445 0.9357739594212621 0.007885225334181812 0.0064773205331135845
0 0.1634792694541308 0.9408706363808662 0.001580681333545364 0.0016079641066227169
0 0.17213665412153994 0.9465894389672911 0.0015806813335455417 0.0016079641066227169
0 0.17624289879053984 0.9638905992338478 0.0015806813335455417 0.0016079641066227169
0 0.18984375 0.86484375 0.3796875 0.2703125
0 0.86875 0.6484375 0.2625 0.31875