0 0.1375 0.2921875 0.215625 0.175
0 0.1609375 0.18203125 0.2375 0.3640625
0 0.60078125 0.18984375 0.6421875 0.3796875
0 0.13984375 0.6828125 0.2796875 0.56875
0 0.8875791455887783 0.4485921265733608 0.0033252590992987052 0.0033617983403260608
0 0.8850048581118495 0.4569490782330347 0.004987888648948058 0.005042697510489092
0 0.8837427467607976 0.4615181790628717 0.004987888648948058 0.005042697510489047
0 0.7875953392949434 0.635379886321623 0.0033252590992987052 0.0033617983403260608
0 0.762795598394242 0.6366104995990147 0.0033252590992987052 0.0033617983403260608
0 0.74140625 0.525 0.3296875 0.290625
0 0.38828125 0.8375 0.2171875 0.253125