0 0.19806577652270355 0.3549628408289909 0.0016626295496493526 0.0016170637023307677
0 0.3052076480527884 0.3360987681409854 0.3743128917312671 0.31863596042910436
0 0.4125 0.08515625 0.175 0.1703125
0 0.84921875 0.2390625 0.3015625 0.23125
0 0.26015625 0.63203125 0.4109375 0.1046875
0 0.8418298611941685 0.8226563162342195 0.02600129549649317 0.016498019237293705
0 0.8522667134459219 0.8152257621505357 0.0016626295496493526 0.0016170637023308564
0 0.859448157770396 0.8178150488110244 0.0016626295496493526 0.0016170637023308564
0 0.8630039543466232 0.8124827080668515 0.0033252590992987052 0.003234127404661713
0 0.885890741823552 0.8047074136018144 0.0033252590992987052 0.003234127404661713
0 0.86875 0.81875 0.2625 0.3625