0 0.24901031952314465 0.43782853486708617 0.1423214531727101 0.1931132278041831
0 0.01875 0.17578125 0.0375 0.0984375
0 0.40703125 0.1171875 0.1515625 0.234375
0 0.03984375 0.04609375 0.0796875 0.0921875
0 0.9849205707890889 0.3116338103868953 0.001671627404661713 0.0032433991701630305
0 0.9671700755984123 0.30402221993002054 0.001671627404661713 0.0032433991701630305
0 0.90703125 0.36796875 0.1859375 0.2640625
0 0.61484375 0.36015625 0.1296875 0.2609375
0 0.971875 0.03671875 0.05625 0.0734375
0 0.753125 0.06015625 0.184375 0.1203125
0 0.4836879422033009 0.9581465705593649 0.001671627404661713 0.0032433991701630305
0 0.41953121688289025 0.7989715574871104 0.001671627404661713 0.0032433991701630305
0 0.46171875 0.81484375 0.1765625 0.3296875
0 0.0671875 0.825 0.134375 0.35
0 0.88046875 0.696875 0.1265625 0.09375
0 0.92109375 0.71171875 0.1578125 0.1234375