0 0.24921875 0.21015625 0.2015625 0.0984375
0 0.08359375 0.0578125 0.1671875 0.115625
0 0.07734375 0.190625 0.1546875 0.1375
0 0.02421875 0.0359375 0.0484375 0.071875
0 0.5837484581676209 0.084375 0.0016079641066227169 0.0015625
0 0.5798649402209323 0.08515625 0.0016079641066227169 0.0015625
0 0.36569714014179 0.0546875 0.0016079641066227169 0.0015625
0 0.36930787344874255 0.04453125 0.006386392319867973 0.0046875
0 0.3614870132613281 0.07109375 0.0016079641066227169 0.0015625
0 0.45859375 0.04453125 0.2171875 0.0890625
0 0.4328125 0.08203125 0.165625 0.1640625
0 0.08125 0.44140625 0.1625 0.1828125
0 0.7585498813663014 0.940625 0.0016534282132454337 0.003125
0 0.7471493801126601 0.9515625 0.0016079641066227169 0.0015625
0 0.7436068429656416 0.9640625 0.0016534282132454337 0.003125
0 0.748151938967291 0.90546875 0.0016079641066227169 0.0015625
0 0.7418253826199426 0.9296875 0.0032159282132454337 0.003125
0 0.7429416017411302 0.8875 0.0016079641066227169 0.0015625
0 0.7341720069931219 0.93515625 0.0016079641066227169 0.0015625
0 0.7397173133404704 0.9109375 0.0063863923198681505 0.0046875
0 0.7407342440609982 0.8921875 0.0016079641066227169 0.0015625
0 0.7345668120868292 0.921875 0.0032159282132454337 0.003125
0 0.7417966388881487 0.875 0.0032159282132454337 0.003125
0 0.7306150979802065 0.9203125 0.0016079641066227169 0.0015625
0 0.7263367749398106 0.934375 0.0016079641066227169 0.0015625
0 0.7250781518202725 0.91796875 0.0016079641066227169 0.0015625
0 0.7192145967265653 0.93125 0.0016079641066227169 0.0015625
0 0.7224616171805364 0.90859375 0.0016534282132454337 0.003125
0 0.7244787582467632 0.92421875 0.01612510517284953 0.0171875
0 0.7198678145941116 0.9 0.0016534282132454337 0.003125
0 0.56171875 0.87109375 0.4234375 0.2578125
0 0.41875 0.50234375 0.1375 0.2015625