0 0.21915890114433267 0.022784450995185244 0.0033252590992987052 0.0032705492142117267
0 0.21379028069398193 0.021476662120055768 0.0032251295496493527 0.0017080492142117266
0 0.20154060456810524 0.01815260897690263 0.0032251295496493527 0.0017080492142117266
0 0.1976844193429299 0.01755329549466724 0.0032251295496493527 0.0017080492142117266
0 0.1869972432170532 0.014156467744408286 0.0032251295496493527 0.0017080492142117266
0 0.1724038170911765 0.010941576511913898 0.0032251295496493527 0.0017080492142117266
0 0.1624978909652998 0.0075083614581020084 0.0032251295496493527 0.0017080492142117266
0 0.14639202961424774 0.003584994832713484 0.0032251295496493527 0.0017080492142117266
0 0.1359375 0.00078125 0.00625 0.0015625
0 0.12265625 0.00078125 0.0109375 0.0015625
0 0.13828125 0.06328125 0.2765625 0.1265625
0 0.73671875 0.075 0.4546875 0.15
0 0.09375 0.66171875 0.1875 0.2453125
0 0.7921875 0.58671875 0.240625 0.0953125