0 0.121875 0.0890625 0.24375 0.178125
0 0.3915986983388688 0.8487331381276132 0.0016626295496493526 0.0016352746071058633
0 0.24921875 0.66953125 0.4984375 0.3921875
0 0.9121825061738633 0.9767105506574445 0.00821301819859741 0.006613873035529139
0 0.8995323118493893 0.9784721038005977 0.0033252590992987052 0.0032705492142117267
0 0.8909385618493892 0.9780718434615154 0.006450259099298705 0.003416098428423453
0 0.8498129141011426 0.9839922036767632 0.01446301819859741 0.00690497146395277
0 0.8206062754521947 0.9873333734453048 0.008012759099298706 0.0034888730355293164
0 0.8100995720284221 0.9923290884991168 0.0016626295496493526 0.0016352746071058633
0 0.810550155001844 0.9852978384991168 0.0016626295496493526 0.0016352746071058633
0 0.7601694232004412 0.9766826637681764 0.006450259099298705 0.003416098428423453
0 0.7441939697766686 0.9814236676971178 0.0016626295496493526 0.0016352746071058633
0 0.7388952004983371 0.9662888192686945 0.009675388648948059 0.005124147642635179
0 0.76484375 0.8859375 0.4703125 0.228125
0 0.58125 0.7234375 0.103125 0.234375