0 0.0765625 0.09344249043383437 0.0015625 0.0015715903590796999
0 0.128125 0.08827372228346171 0.003125 0.0031431807181593998
0 0.17421875 0.00078125 0.0078125 0.0015625
0 0.1515625 0.08450382766965606 0.00625 0.004723861436318444
0 0.184375 0.00078125 0.003125 0.0015625
0 0.1796875 0.06669870413308913 0.003125 0.003143180718159222
0 0.13359375 0.04609375 0.1734375 0.0921875
0 0.18671875 0.13470836074894735 0.0015625 0.001571590359079522
0 0.2203125 0.0247475534691592 0.003125 0.0015806807181592219
0 0.30078125 0.13693445696175957 0.0015625 0.001571590359079522
0 0.30078125 0.14005945696175948 0.003125 0.0015806807181592219
0 0.30546875 0.1424304780389983 0.0015625 0.001571590359079522
0 0.36484375 0.03515625 0.1859375 0.0703125
0 0.37421875 0.11861170383850154 0.196875 0.15427038524403186
0 0.5375 0.1796875 0.05625 0.096875
0 0.71484375 0.2732446616840239 0.196875 0.16364538524403188
0 0.04453125 0.46328125 0.0890625 0.1171875
0 0.7625 0.63125 0.475 0.34375