0 0.27578125 0.0515625 0.2015625 0.103125
0 0.05625 0.03671875 0.1125 0.0734375
0 0.9859375 0.140625 0.028125 0.28125
0 0.6670732776385074 0.20078125 0.1605777433504862 0.1859375
0 0.509375 0.0515625 0.040625 0.09375
0 0.71953125 0.06328125 0.1859375 0.1265625
0 0.52109375 0.04296875 0.0640625 0.0859375
0 0.22186661436013927 0.7671875 0.0015988675911806638 0.0015625
0 0.21605237224392404 0.75234375 0.0015988675911806638 0.0015625
0 0.359375 0.4359375 0.221875 0.09375
0 0.11015625 0.51953125 0.2203125 0.2609375
0 0.553125 0.5078125 0.128125 0.2375
0 0.709375 0.5921875 0.440625 0.40625
0 0.865625 0.4328125 0.203125 0.0875