0 0.1765625 0.0609375 0.30625 0.121875
0 0.1640625 0.08359375 0.246875 0.1671875
0 0.1515625 0.375 0.303125 0.1875
0 0.54921875 0.2171875 0.2984375 0.434375
0 0.38168210794344526 0.711652777611663 0.0032705492142117267 0.0033252590992987052
0 0.38211875558608044 0.702277777611663 0.014571922249741043 0.011838665946843819
0 0.27890625 0.6953125 0.2421875 0.453125
0 0.0203125 0.56640625 0.040625 0.1296875
0 0.00703125 0.50078125 0.0140625 0.0640625
0 0.46484375 0.61953125 0.1296875 0.3015625
0 0.66171875 0.84453125 0.5234375 0.3109375