0 0.109375 0.4171875 0.21875 0.265625
0 0.01640625 0.4890625 0.0328125 0.121875
0 0.096875 0.1046875 0.19375 0.209375
0 0.6501200085277138 0.07967567262095665 0.003416731281194707 0.0031613626670909055
0 0.63359375 0.08515625 0.2890625 0.1703125
0 0.13643227995089635 0.9115411012492312 0.005125096921791794 0.00474204400063627
0 0.12149458610731241 0.9210797332511401 0.0034167312811945296 0.003161362667090728
0 0.11415059380283257 0.9328712085853219 0.005125096921791972 0.00474204400063627
0 0.13617267096582938 0.8725240545830948 0.0034167312811945296 0.0031613626670909055
0 0.12297425353657099 0.8968700739179128 0.005125096921791972 0.00474204400063627
0 0.13643349147329592 0.8530109859166402 0.0034167312811945296 0.003161362667090728
0 0.11308872379448029 0.9024479119191856 0.0034167312811945296 0.003161362667090728
0 0.12636007404403743 0.8773206425843675 0.008395962562389414 0.006340906667727175
0 0.1320167117312053 0.8585251892505038 0.0034167312811945296 0.0031613626670909055
0 0.11823483173955758 0.889121208585322 0.005125096921791972 0.00474204400063627
0 0.13916291659807456 0.8404928045830948 0.005125096921791972 0.00474204400063627
0 0.1130578130207522 0.8860598432527309 0.003416731281194707 0.0031613626670909055
0 0.10549502225537637 0.9001950685869128 0.0034167312811945296 0.0031613626670909055
0 0.10866204430194681 0.8829893872533674 0.0034167312811945296 0.0031613626670909055
0 0.09968261917716834 0.8955802939210946 0.0034167312811945296 0.0031613626670909055
0 0.10968310378612811 0.8720518872533674 0.005125096921791972 0.00474204400063627
0 0.10658901455985621 0.8884763185869128 0.020500387687167887 0.018968176002545255
0 0.10977704762971205 0.86268597792014 0.005125096921791972 0.00474204400063627
0 0.1359375 0.81953125 0.271875 0.3609375
0 0.0734375 0.609375 0.146875 0.11875
0 0.7924707506243978 0.826020129893414 0.3291088835272088 0.2317067227084527
0 0.53671875 0.7546875 0.0953125 0.134375
0 0.5421875 0.89140625 0.10625 0.1890625
0 0.54921875 0.64375 0.1203125 0.1875