0 0.5678824501509118 0.07097670737619807 0.0032523339923887563 0.0032159282132454337
0 0.678125 0.128125 0.35 0.25625
0 0.00078125 0.56328125 0.0015625 0.0046875
0 0.00078125 0.565625 0.0015625 0.003125
0 0.11953125 0.59609375 0.2390625 0.3328125
0 0.19765625 0.43046875 0.0046875 0.0015625
0 0.20234375 0.43125 0.0046875 0.003125
0 0.20234375 0.43046875 0.0046875 0.0015625
0 0.128125 0.496875 0.25625 0.134375
0 0.159375 0.83515625 0.31875 0.3296875
0 0.7731548819758538 0.7402281272096662 0.0032523339923887563 0.0032159282132454337
0 0.7853047134967847 0.7319980900626477 0.011255834980972068 0.008130748746358663
0 0.74609375 0.6671875 0.5078125 0.475