0 0.59921875 0.49609375 0.1015625 0.1328125
0 0.4199433999045499 0.6183330909355409 0.19395108935390812 0.16725062818904793
0 0.20770012794400258 0.31010677638197504 0.17511018268618095 0.15790757909743344
0 0.00078125 0.1953125 0.0015625 0.003125
0 0.06640625 0.1859375 0.1328125 0.25
0 0.73671875 0.30234375 0.1734375 0.3171875
0 0.67109375 0.44296875 0.0421875 0.1921875
0 0.721875 0.065625 0.14375 0.13125
0 0.39609375 0.9609375 0.2109375 0.078125
0 0.315625 0.853125 0.253125 0.16875
0 0.0515625 0.76953125 0.003125 0.0015625
0 0.0609375 0.79765625 0.121875 0.0578125
0 0.06015625 0.9046875 0.1203125 0.190625
0 0.0421875 0.803125 0.084375 0.06875
0 0.72421875 0.84609375 0.1484375 0.1546875