0 0.078125 0.3515625 0.15625 0.31875
0 0.6119921668696946 0.2737424106633322 0.0016626295496493526 0.0016717606436617237
0 0.5987411952473247 0.26114957551403833 0.004987888648947969 0.005015281930985172
0 0.5372134099298642 0.22340392105489243 0.0016626295496493526 0.0016717606436618127
0 0.640625 0.3359375 0.521875 0.428125
0 0.25 0.62578125 0.259375 0.1515625
0 0.13203125 0.89609375 0.2640625 0.2078125
0 0.00234375 0.71484375 0.0046875 0.0046875
0 0.00234375 0.6953125 0.0046875 0.00625
0 0.0453125 0.7328125 0.090625 0.140625
0 0.73671875 0.63046875 0.5265625 0.1609375