0 0.17578125 0.00078125 0.0015625 0.0015625
0 0.06171875 0.1625 0.1234375 0.325
0 0.0890625 0.26953125 0.178125 0.5390625
0 0.22578125 0.025 0.1765625 0.05
0 0.9040933675298547 0.4215543041056315 0.0032523339923887563 0.0031613626670909055
0 0.9186333700013126 0.4099991861075406 0.0016898339923887562 0.0031431813335455415
0 0.9320737874917985 0.4062474774426768 0.0032523339923887563 0.0031613626670909055
0 0.8663214534994097 0.4086088614337681 0.0016898339923887562 0.0031431813335455415
0 0.8947011214841872 0.4026861254375861 0.004814833992388756 0.0031795440006362695
0 0.8462954549822845 0.40134125409767735 0.0016898339923887562 0.0031431813335455415
0 0.9013012899632564 0.3941651007717679 0.0016898339923887562 0.0031431813335455415
0 0.8737347054765762 0.3993156774347225 0.004942167984777512 0.006304544000636269
0 0.8534540389746732 0.39829807009863183 0.0016898339923887562 0.003143181333545364
0 0.8864257064651593 0.39477362810308614 0.0032523339923887563 0.0031613626670909055
0 0.8330778719784788 0.399624212762541 0.0032523339923887563 0.0031613626670909055
0 0.8858672909518397 0.3892957874363134 0.0016898339923887562 0.0031431813335455415
0 0.9008383749442285 0.3863435101049951 0.0016898339923887562 0.0031431813335455415
0 0.8837782089366172 0.38301851543599524 0.0016898339923887562 0.0031431813335455415
0 0.8988447934232976 0.377722488104677 0.0016898339923887562 0.0031431813335455415
0 0.8729362094309089 0.38054749610117716 0.0032523339923887563 0.0031613626670909055
0 0.8900282089366172 0.3830912407701771 0.019450336958138338 0.017405676002545434
0 0.8637203769213947 0.3765321580999045 0.0032523339923887563 0.003161362667090728
0 0.85625 0.2125 0.2875 0.425
0 0.5171875 0.04609375 0.134375 0.0921875
0 0.35 0.60625 0.16875 0.134375
0 0.2515625 0.53984375 0.003125 0.0015625
0 0.2390625 0.6046875 0.2625 0.13125
0 0.8681558675298546 0.7558180267345425 0.0016898339923887562 0.0031431813335455415
0 0.8676292855146321 0.7495589360677697 0.0016898339923887562 0.0031431813335455415
0 0.7765625 0.709375 0.228125 0.340625
0 0.56640625 0.62890625 0.2328125 0.1796875