0 0.2767742795383686 0.5731856980426344 0.0031977351823611498 0.0031613626670909055
0 0.2548810957427783 0.5721499093729981 0.00476023518236115 0.0031795440006362695
0 0.22811400151861144 0.3281544613701347 0.36178309954250043 0.5103226187141796
0 0.70078125 0.375 0.3015625 0.45
0 0.865625 0.07265625 0.128125 0.1453125
0 0.59765625 0.05546875 0.0953125 0.1109375
0 0.71875 0.00078125 0.003125 0.0015625
0 0.67109375 0.05546875 0.2296875 0.1109375
0 0.5046875 0.62265625 0.090625 0.0453125
0 0.0578125 0.6203125 0.115625 0.040625
0 0.88203125 0.79140625 0.2359375 0.2609375