0 0.23828125 0.4765625 0.3421875 0.346875
0 0.75 0.521875 0.5 0.25625
0 0.03125 0.9109375 0.0625 0.103125
0 0.1546875 0.9171875 0.221875 0.165625
0 0.8404348211125455 0.8352438726130025 0.003261701036759135 0.0015988626670909057
0 0.8911278882190732 0.8604615012730937 0.003398402073518625 0.0031613626670909055
0 0.9133835970315269 0.8734973032702301 0.00666010311027776 0.0047602253341818114
0 0.9361567156931935 0.9013859459341393 0.003398402073518625 0.003161362667090728
0 0.8703125 0.92578125 0.196875 0.1484375
0 0.9634328237044436 0.8377228879296851 0.0032617010367593123 0.001598862667090728
0 0.9638025535349064 0.9581535665977304 0.003261701036759135 0.0015988626670909057