0 0.20066888117454845 0.15797768910597448 0.003161367591180486 0.0015806807181592219
0 0.1931655056995832 0.1446509873105764 0.0031977351823611498 0.003143180718159222
0 0.1862251746775346 0.14070383069471812 0.006359102773541636 0.0047238614363184885
0 0.18201045336288182 0.12036405961747927 0.003161367591180664 0.0015806807181592219
0 0.17930302745107624 0.13597542407885985 0.0031977351823611498 0.003143180718159222
0 0.17661443854524297 0.11720724336070061 0.0031977351823611498 0.003143180718159222
0 0.1731439464290277 0.13203281264254135 0.003161367591180575 0.0015806807181592219
0 0.13466332788791657 0.10680555366555093 0.00795797036472221 0.0062954517953980995
0 0.11994686445704854 0.10125044525429457 0.003161367591180486 0.0015806807181592219
0 0.11071733482177075 0.09494590309981685 0.003161367591180575 0.0015806807181592219
0 0.10802874591593743 0.07617772238165763 0.003161367591180575 0.0015806807181592442
0 0.0203125 0.015625 0.040625 0.03125
0 0.18125 0.16171875 0.3625 0.3234375
0 0.8245329941129856 0.3824282432625047 0.025181837955902786 0.007957945745273776
0 0.8103977589306245 0.3854714300307882 0.003161367591180664 0.0015806807181592219
0 0.8050744792953466 0.3791896137740095 0.003161367591180664 0.0015806807181592219
0 0.799496626521805 0.38384529751723084 0.003161367591180486 0.0015806807181592219
0 0.7737881117041662 0.3805703065924172 0.003161367591180664 0.0015806807181593997
0 0.66953125 0.20390625 0.5609375 0.4078125
0 0.41875 0.00703125 0.05625 0.0140625
0 0.03359375 0.97890625 0.0671875 0.0421875
0 0.79609375 0.7703125 0.4078125 0.221875
0 0.48203125 0.828125 0.1859375 0.16875