0 0.2328125 0.4375 0.465625 0.384375
0 0.9703569590078839 0.07944790742663246 0.0031795470779007575 0.0033070105233436566
0 0.88492006533855 0.1478346154038448 0.0031795470779005797 0.0033070105233436566
0 0.80390625 0.33515625 0.3921875 0.5890625
0 0.0875 0.63046875 0.003125 0.0015625
0 0.54296875 0.63046875 0.0015625 0.0015625
0 0.55 0.63046875 0.003125 0.0015625
0 0.0796875 0.7265625 0.159375 0.19375
0 0.42734375 0.8859375 0.1171875 0.228125
0 0.6831723790555422 0.7459613022637827 0.0015897735389503787 0.0016535052616717394
0 0.6878598790555421 0.7462343180487983 0.0016170470779006685 0.0032160052616717395
0 0.7036076099808186 0.7541756206655167 0.0015897735389504674 0.0016535052616717394
0 0.70625 0.87109375 0.209375 0.2578125