0 0.0296875 0.06875 0.059375 0.1375
0 0.0640625 0.25859375 0.128125 0.2296875
0 0.12890625 0.075 0.2328125 0.15
0 0.42421875 0.1125 0.2296875 0.225
0 0.53984375 0.13125 0.0015625 0.003125
0 0.5409727718664809 0.13663698650634667 0.0033984020735185138 0.0033435212873234475
0 0.95390625 0.19453125 0.0921875 0.3890625
0 0.19375 0.46015625 0.3625 0.1421875
0 0.38984375 0.95 0.2984375 0.1
0 0.53984375 0.528125 0.0015625 0.003125
0 0.53984375 0.5328125 0.0015625 0.003125
0 0.928125 0.67109375 0.14375 0.5640625