0 0.413202625956025 0.35947702355444494 0.0031704641066227167 0.00163523518236115
0 0.413847483636157 0.3548077073500352 0.0031704641066227167 0.0016352351823609723
0 0.4040405746232415 0.3397457518029519 0.0031704641066227167 0.0016352351823609723
0 0.247714018275893 0.3603095588893058 0.35892768527287444 0.2613077080156252
0 0.8131090684215424 0.05112031610750052 0.0063863923198681505 0.0048329703647222114
0 0.690625 0.003125 0.009375 0.00625
0 0.8265625 0.1125 0.315625 0.225
0 0.18139033630172402 0.8661971893982642 0.02531824874635884 0.011519381458888844
0 0.1682909427282148 0.8721380648732296 0.0031704641066227167 0.00163523518236115
0 0.16190455040834664 0.8673050945085073 0.0031704641066227167 0.00163523518236115
0 0.1581346927282148 0.871901675530556 0.0031704641066227167 0.00163523518236115
0 0.13244437094146005 0.8744266102760768 0.0031704641066227167 0.00163523518236115
0 0.1421875 0.796875 0.284375 0.334375
0 0.66953125 0.67109375 0.0015625 0.0015625
0 0.79375 0.81484375 0.25 0.3703125