0 0.0015625 0.46328125 0.003125 0.0078125
0 0.00078125 0.4640625 0.0015625 0.003125
0 0.0015625 0.465625 0.003125 0.003125
0 0.003125 0.4765625 0.00625 0.009375
0 0.0015625 0.48359375 0.003125 0.0046875
0 0.0015625 0.48125 0.003125 0.003125
0 0.00234375 0.4734375 0.0046875 0.00625
0 0.15859375 0.3984375 0.3171875 0.28125
0 0.29453125 0.30625 0.2109375 0.246875
0 0.7001446496588077 0.19335256558505548 0.0016261669961943781 0.0016079641066227169
0 0.7279858067691705 0.23780124755922455 0.14358285672980173 0.1149838054894186
0 0.05234375 0.58828125 0.1046875 0.0984375
0 0.0015625 0.94453125 0.003125 0.0046875
0 0.1328125 0.85390625 0.265625 0.2921875
0 0.50859375 0.6484375 0.2171875 0.21875
0 0.88125 0.778125 0.2375 0.23125