0 0.5984375 0.3 0.003125 0.003125
0 0.45 0.32265625 0.3 0.3484375
0 0.14928591451750267 0.16210371660602832 0.0033617983403260608 0.0033617983403260608
0 0.14567566244291025 0.15790146868062074 0.005042697510489092 0.005042697510489092
0 0.12577755953848085 0.15089352946850143 0.006605197510489091 0.005161096680652122
0 0.12614441244291025 0.15642147905358295 0.005042697510489092 0.005042697510489092
0 0.11875 0.21015625 0.2375 0.4203125
0 0.1625 0.5984375 0.325 0.121875
0 0.73359375 0.603125 0.2671875 0.1125
0 0.062184965757613765 0.6759186854871417 0.026065592531467185 0.01595688672260831
0 0.04884451617253225 0.675693542540756 0.0033617983403260608 0.0033617983403260608
0 0.04434627032171714 0.6832100446153484 0.0033617983403260608 0.0033617983403260608
0 0.03827386907696169 0.6803926979346964 0.0033617983403260608 0.0033617983403260608
0 0.014125974055983547 0.6879917103822509 0.0033617983403260608 0.0033617983403260608
0 0.15078125 0.8296875 0.3015625 0.340625
0 0.78359375 0.83671875 0.3671875 0.3265625