0 0.3111922376055293 0.24217424474854168 0.2192487015966055 0.16809766136218052
0 0.228125 0.0671875 0.290625 0.134375
0 0.45078125 0.45625 0.0015625 0.003125
0 0.5703125 0.39375 0.240625 0.290625
0 0.57890625 0.08828125 0.2578125 0.1765625
0 0.8025361847163295 0.2645406880967228 0.30087538638729716 0.2549442280394528
0 0.9203125 0.04453125 0.159375 0.0890625
0 0.28203125 0.8609375 0.3359375 0.278125
0 0.528125 0.90390625 0.15625 0.1921875
0 0.6429435977953721 0.8475520880808144 0.1835366946765234 0.13488517202418074
0 0.725 0.9421875 0.203125 0.115625
0 0.8566943744871178 0.7234167961091313 0.2662802104938541 0.2108124200349984