0 0.6125976578565111 0.47509564114071956 0.003380091515269079 0.0033435212873234475
0 0.6057259045225313 0.4919007288879035 0.003380091515269079 0.0033435212873234475
0 0.6061404927038204 0.5060724895315653 0.003380091515269079 0.0033435212873234475
0 0.5884585272515672 0.4435507101984701 0.003380091515269079 0.0033435212873236253
0 0.5916952264929629 0.4712768724512861 0.005070137272903707 0.005015281930985082
0 0.5764527348279127 0.4269969947273453 0.003380091515269079 0.0033435212873234475
0 0.5853974290683384 0.4810507101984701 0.003380091515269079 0.0033435212873236253
0 0.5822245027057601 0.45254329794565396 0.008322683030538158 0.006796303218308708
0 0.5751613017973745 0.4331923644055145 0.003380091515269079 0.0033435212873236253
0 0.5818578408870493 0.46666042826748483 0.003380091515269079 0.0033435212873234475
0 0.5704418508889889 0.4140053218308675 0.003380091515269079 0.0033435212873234475
0 0.576325318008232 0.46705926601466874 0.003380091515269079 0.0033435212873234475
0 0.5773936104318866 0.48284815698016137 0.003380091515269079 0.0033435212873234475
0 0.5692940680082319 0.46656759311819096 0.003380091515269079 0.0033435212873234475
0 0.5695173375530693 0.4830831037618527 0.003380091515269079 0.0033435212873236253
0 0.5637455696752219 0.45753680054354406 0.003380091515269079 0.0033435212873234475
0 0.5711276349776938 0.47298148408368357 0.021970594849248924 0.0217328883676025
0 0.5572882755845774 0.45001387764706624 0.003380091515269079 0.0033435212873234475
0 0.38828125 0.42265625 0.5609375 0.2328125
0 0.06171875 0.24296875 0.1234375 0.2703125
0 0.7796875 0.43984375 0.18125 0.1984375
0 0.5711594569481255 0.8688024464527153 0.0033800915152689013 0.0033435212873234475
0 0.5543705696752219 0.872342709694267 0.003380091515269079 0.0033435212873234475
0 0.1671875 0.77578125 0.334375 0.4484375
0 0.77421875 0.9109375 0.1703125 0.178125