0 0.0026643199346649384 0.42096270535443603 0.0016808991701630304 0.0015897735389502898
0 0.05703125 0.05703125 0.1140625 0.1140625
0 0.08828125 0.43359375 0.1765625 0.3234375
0 0.22167073860135256 0.20164350973593734 0.001799298340326061 0.00315227353895029
0 0.20546875 0.171875 0.1265625 0.115625
0 0.6746172172307283 0.37657355153883226 0.22216211037760658 0.1724046542193456
0 0.07578125 0.70390625 0.1515625 0.1703125
0 0.13046875 0.7515625 0.2609375 0.265625
0 0.125 0.6515625 0.15625 0.065625
0 0.20234375 0.721875 0.1328125 0.15625
0 0.2609375 0.6203125 0.009375 0.003125
0 0.19453125 0.6515625 0.1484375 0.065625
0 0.39140625 0.84296875 0.2453125 0.3140625
0 0.8190156448204855 0.7828583279171564 0.0016808991701630304 0.0015897735389502898
0 0.74453125 0.8234375 0.5109375 0.34375