0 0.22687479156572582 0.21408126865604996 0.0016352746071058633 0.0016443871551297562
0 0.24571468279822017 0.2299486080951719 0.0016352746071058633 0.0016443871551297562
0 0.4527395864367113 0.05597327679665036 0.0016352746071056855 0.0016443871551297562
0 0.38203125 0.1515625 0.4140625 0.303125
0 0.7085335523190928 0.3177186030067892 0.12682367328319827 0.11263719810012063
0 0.8971595204732766 0.05114965795888633 0.0016352746071058633 0.0016443871551297562
0 0.86953125 0.034375 0.1921875 0.06875
0 0.93046875 0.203125 0.1390625 0.19375
0 0.13203125 0.971875 0.1265625 0.05625
0 0.4008002890845265 0.8880089280852743 0.22435795285270288 0.19880042740790566
0 0.5919604441707598 0.8525306942549336 0.00490582382131759 0.004933161465389269
0 0.6090387822601009 0.8557752029613607 0.0032705492142117267 0.0032887743102595125
0 0.69609375 0.74765625 0.2140625 0.3015625
0 0.8296875 0.93203125 0.340625 0.1359375
0 0.90546875 0.73828125 0.1890625 0.2015625