0 0.00546875 0.04921875 0.0109375 0.0984375
0 0.19806545000928874 0.23281873056468988 0.0033617983403260608 0.0032705492142117267
0 0.2061147483496148 0.23557985752916055 0.0016808991701630304 0.0016352746071058633
0 0.18359375 0.18828125 0.3671875 0.3609375
0 0.3984375 0.0875 0.18125 0.175
0 0.49453125 0.04140625 0.0109375 0.0828125
0 0.7265625 0.00078125 0.003125 0.0015625
0 0.69296875 0.09453125 0.4078125 0.1890625
0 0.91875 0.05625 0.1625 0.1125
0 0.77265625 0.21796875 0.4546875 0.3015625
0 0.3229400085220844 0.9064852088530682 0.0032433991701630305 0.0017080492142117266
0 0.33574766184143223 0.8996166246926685 0.009730197510489091 0.005124147642635179
0 0.29453125 0.7796875 0.3890625 0.440625
0 0.58203125 0.5703125 0.1859375 0.2375