0 0.3203125 0.06484375 0.209375 0.1296875
0 0.08515625 0.33359375 0.1703125 0.1578125
0 0.00078125 0.390625 0.0015625 0.003125
0 0.0609375 0.4140625 0.121875 0.246875
0 0.6965664261016743 0.1435609767298955 0.0031704641066227167 0.0016352351823611055
0 0.5297570108205527 0.18731424278180536 0.0031704641066227167 0.00163523518236115
0 0.57421875 0.109375 0.2703125 0.21875
0 0.3897925550272002 0.7515546614754163 0.0031704641066227167 0.0016352351823609723
0 0.38091766020004963 0.7689603670224997 0.0031704641066227167 0.0016352351823609723
0 0.37890625 0.81640625 0.1203125 0.2109375
0 0.14921875 0.72578125 0.2484375 0.0734375
0 0.05546875 0.71484375 0.1109375 0.0515625
0 0.059375 0.93046875 0.11875 0.1390625
0 0.84375 0.7734375 0.3125 0.16875
0 0.5546828029821362 0.7586787900845137 0.0031704641066227167 0.0016352351823611055
0 0.5140625 0.8109375 0.15 0.24375