0 0.013229493402589432 0.35194469875988893 0.0031704641066226725 0.001799298340326061
0 0.26171010900028013 0.28856131806056523 0.5174843313536661 0.26371652864330886
0 0.003125 0.55703125 0.00625 0.0078125
0 0.015097184943669939 0.5567361746899723 0.003215928213245367 0.0033617983403260608
0 0.024494916996981274 0.5566653197109503 0.006340928213245367 0.003598596680652122
0 0.06858589779665139 0.5482617464755151 0.015852320533113407 0.008996491701630305
0 0.09850071832976479 0.5426988307086125 0.009511392319868061 0.0053978950209781825
0 0.1088388247562555 0.5372184253146722 0.0031704641066227167 0.001799298340326061
0 0.1093927542231421 0.5450901248997537 0.0031704641066227167 0.001799298340326061
0 0.16479330806320808 0.551637045440541 0.006340928213245345 0.003598596680652122
0 0.18140414654301013 0.5458489867272528 0.0031704641066227167 0.001799298340326061
0 0.18878473753009467 0.5612847325780679 0.009556856426490689 0.006960395020978183
0 0.275 0.66328125 0.55 0.2671875
0 0.55078125 0.53046875 0.0015625 0.0015625
0 0.55078125 0.53671875 0.0015625 0.0015625
0 0.55078125 0.54453125 0.0015625 0.0015625
0 0.94140625 0.66640625 0.1171875 0.2734375