0 0.1515625 0.38203125 0.303125 0.1140625
0 0.053125 0.09375 0.10625 0.1875
0 0.7477056774170275 0.27493249050069474 0.0016352746071058633 0.0015988675911806638
0 0.7304454028099217 0.2729699469977085 0.0032705492142117267 0.0031977351823609724
0 0.6614963496667685 0.2838515891901737 0.0016352746071058633 0.0015988675911806638
0 0.78125 0.275 0.4375 0.328125
0 0.1984613103773542 0.7783341666968406 0.0032705492142117267 0.0031977351823611498
0 0.18279992307380138 0.7771892407850352 0.011301373035529139 0.008067073138263936
0 0.20078125 0.71875 0.4015625 0.559375
0 0.7578125 0.59609375 0.4125 0.3140625
0 0.6109375 0.9171875 0.303125 0.165625