0 0.159375 0.28671875 0.31875 0.3265625
0 0.01484375 0.19765625 0.0296875 0.1640625
0 0.703125 0.31875 0.375 0.2625
0 0.32890625 0.01953125 0.0203125 0.0390625
0 0.6919668222246693 0.8558161244203297 0.0031795637023307676 0.0015806807181592219
0 0.6654588859270002 0.8575331605246831 0.007921627404661713 0.0031704517953981435
0 0.6560838859270002 0.857587702679161 0.003234127404661713 0.0031431807181593998
0 0.6321875728576416 0.9788450791425941 0.003234127404661713 0.003143180718159222
0 0.69140625 0.92734375 0.1703125 0.1453125
0 0.6006721888295579 0.9266740459651068 0.0031795637023307676 0.0015806807181592219
0 0.4875025223173366 0.7515154855620605 0.18410715988879928 0.12760789129415606
0 0.425 0.9546875 0.19375 0.090625