0 0.50234375 0.04296875 0.2015625 0.0859375
0 0.509375 0.22265625 0.2 0.1671875
0 0.20048310398571526 0.18170399586166158 0.25252926959604133 0.15219616252983137
0 0.0640625 0.08125 0.128125 0.1625
0 0.07890625 0.42109375 0.1578125 0.1578125
0 0.6984375 0.31328125 0.178125 0.3203125
0 0.65078125 0.45625 0.0828125 0.0875
0 0.68359375 0.08515625 0.1484375 0.1703125
0 0.44609375 0.7828125 0.3265625 0.246875
0 0.10875494206980588 0.6340241670779453 0.0016079641066227169 0.0016352746071058633
0 0.09981185108272142 0.6187437694353102 0.0016079641066227169 0.0016352746071058633
0 0.15078125 0.58828125 0.2359375 0.1765625
0 0.1046875 0.54765625 0.209375 0.0953125
0 0.059375 0.953125 0.11875 0.09375
0 0.03203125 0.70703125 0.0640625 0.1078125
0 0.0515625 0.5421875 0.103125 0.084375
0 0.8921875 0.6546875 0.215625 0.196875
0 0.883258500066507 0.8858327619917121 0.2176541644231918 0.13340762117350238