0 0.19296875 0.14296875 0.3328125 0.2859375
0 0.73984375 0.23671875 0.5203125 0.4734375
0 0.6671875 0.003125 0.1625 0.00625
0 0.2098463065339768 0.6667870080672798 0.0016443871551297562 0.0016352746071058633
0 0.04357949739800819 0.6024805672062891 0.0017262743102595124 0.0031977746071058634
0 0.20085308683713005 0.6147343564957033 0.0032887743102595125 0.0032705492142117267
0 0.05086305291593218 0.5770803068672068 0.005096935775648781 0.00803082382131759
0 0.1949372795101838 0.5915151803170209 0.005015048620519024 0.00646832382131759
0 0.051934229985153645 0.5676325322601009 0.0032887743102595125 0.0032705492142117267
0 0.1747133107178483 0.5642634756022911 0.0032887743102595125 0.0032705492142117267
0 0.11796875 0.6171875 0.1765625 0.175
0 0.24301293136463462 0.5524676428896333 0.0016443871551297562 0.0016352746071058633
0 0.12734375 0.53046875 0.0015625 0.0015625
0 0.23828125 0.53046875 0.0015625 0.0015625
0 0.03828125 0.578125 0.0765625 0.096875
0 0.21171875 0.58125 0.1640625 0.103125
0 0.7373438647654342 0.9565280583149487 0.0016443871551297562 0.0016352746071058633
0 0.7828125 0.91328125 0.16875 0.1734375
0 0.92109375 0.5828125 0.1578125 0.10625
0 0.659375 0.58125 0.165625 0.103125