0 0.3890625 0.165625 0.240625 0.284375
0 0.53984375 0.21875 0.0609375 0.103125
0 0.54453125 0.03046875 0.0703125 0.0609375
0 0.629368922435124 0.36652769093735654 0.12744332654882307 0.11050596878180663
0 0.740625 0.02734375 0.1375 0.0546875
0 0.8157512369981597 0.1432290562763007 0.12045634215265544 0.09622521397248338
0 0.20859375 0.53984375 0.0015625 0.0015625
0 0.21015625 0.53984375 0.0015625 0.0015625
0 0.2748960221625529 0.679851124872773 0.0016443871551297562 0.0016170637023308564
0 0.29726566711959884 0.6845287011889756 0.0016443871551297562 0.0016170637023308564
0 0.32421875 0.6203125 0.2765625 0.1625
0 0.83515625 0.70859375 0.3296875 0.3390625