0 0.29765625 0.40703125 0.4671875 0.2453125
0 0.26953125 0.05546875 0.1828125 0.1109375
0 0.059375 0.0703125 0.11875 0.140625
0 0.60390625 0.07578125 0.1296875 0.1515625
0 0.4868290854374321 0.5776452713018462 0.0016626295496493526 0.0016352746071058633
0 0.48126020588778273 0.5763374824267167 0.0016626295496493526 0.0016352746071056855
0 0.4 0.59375 0.278125 0.128125
0 0.17734375 0.59609375 0.3546875 0.1328125
0 0.05703125 0.64921875 0.1140625 0.2109375
0 0.80703125 0.928125 0.1484375 0.14375
0 0.67109375 0.646875 0.2234375 0.234375