0 0.75703125 0.0109375 0.0453125 0.021875
0 0.44296875 0.00078125 0.0046875 0.0015625
0 0.45703125 0.11328125 0.4515625 0.2265625
0 0.10631064997655888 0.034650559701795466 0.004714771077238833 0.004933161465389269
0 0.09927030961747926 0.03345655189987937 0.0047238614363184885 0.006495661465389269
0 0.0937651981811608 0.027493156942833517 0.003143180718159222 0.0032887743102595125
0 0.16015625 0.06640625 0.2578125 0.1328125
0 0.48125 0.2640625 0.596875 0.309375
0 0.78046875 0.3484375 0.0015625 0.003125
0 0.88984375 0.209375 0.2203125 0.41875
0 0.0527134721852659 0.6378297913844297 0.001571590359079611 0.0016443871551297562
0 0.03639358059652227 0.6535333565132921 0.001571590359079611 0.0016443871551297562
0 0.1046875 0.57734375 0.209375 0.3171875
0 0.88984375 0.5375 0.2203125 0.2375