0 0.19609375 0.1421875 0.2234375 0.19375
0 0.8898709324998361 0.13814795922507184 0.1955357332097769 0.14617162100796718
0 0.540625 0.1109375 0.121875 0.16875
0 0.54375 0.05 0.128125 0.1
0 0.83046875 0.06796875 0.2828125 0.1359375
0 0.00078125 0.8484375 0.0015625 0.003125
0 0.2724378958393472 0.8654702918323791 0.001671627404661713 0.0031704641066227167
0 0.2752727191603249 0.851339595672445 0.001671627404661713 0.0031704641066227167
0 0.27926081471382125 0.8488821854058883 0.003234127404661713 0.0032159282132454337
0 0.3625 0.84375 0.234375 0.28125
0 0.06796875 0.67109375 0.1359375 0.4265625
0 0.2046875 0.409375 0.1625 0.340625
0 0.8379067054501448 0.47873951847541407 0.17183039309857637 0.2719157670887588