0 0.2953125 0.00078125 0.003125 0.0015625
0 0.2 0.09140625 0.3 0.1828125
0 0.16176625339090198 0.27715968460686646 0.2684378980092636 0.3084084870431901
0 0.58125 0.034375 0.228125 0.06875
0 0.8970918424913397 0.21061464373385172 0.0032887743102595125 0.0033252590992987052
0 0.8958568911118586 0.21676451418420245 0.0032887743102595125 0.0033252590992987052
0 0.90625 0.30546875 0.1875 0.3921875
0 0.51640625 0.56328125 0.2359375 0.0734375
0 0.11328125 0.759375 0.2265625 0.31875
0 0.11796875 0.9125 0.2359375 0.175
0 0.61875 0.8 0.515625 0.4