0 0.06640625 0.28984375 0.1328125 0.2578125
0 0.1765625 0.09375 0.353125 0.1875
0 0.2966891995916533 0.4499383711747761 0.2543765775927424 0.27651956888575774
0 0.4859375 0.1765625 0.10625 0.29375
0 0.5556803840065978 0.08372045270858113 0.0016079641066227169 0.0016808991701630304
0 0.61328125 0.38984375 0.1484375 0.2515625
0 0.6921875 0.15 0.30625 0.3
0 0.6894078970052286 0.5197907751188239 0.1756939849563052 0.14427390871793264
0 0.7835790973217976 0.40478292698827933 0.19759772868809905 0.20050059793005204
0 0.98046875 0.2859375 0.0390625 0.109375
0 0.875 0.60703125 0.25 0.1046875
0 0.0609375 0.709375 0.121875 0.1
0 0.01570728721352559 0.783220777393909 0.0016079641066227169 0.0016808991701630304
0 0.02113057310690287 0.7851976744894795 0.0016079641066227169 0.0016808991701630304
0 0.11015625 0.86640625 0.2203125 0.2671875
0 0.50703125 0.8421875 0.0640625 0.23125