0 0.43575190827653537 0.14438128315471738 0.004769320616851047 0.004878500988583312
0 0.4333127008902092 0.1388170326604258 0.004769320616851047 0.004878500988583135
0 0.4292973567344077 0.13240786516993985 0.0031795470779005797 0.0032523339923887563
0 0.42685814934808164 0.12684361467564825 0.0031795470779005797 0.0032523339923887563
0 0.4244053051922803 0.12049811418135663 0.0031795470779005797 0.0032523339923887563
0 0.422747347805954 0.11496569718516225 0.0031795470779005797 0.0032523339923887563
0 0.4195132536501527 0.1085883631927735 0.0031795470779007575 0.0032523339923887563
0 0.4170740462638265 0.10302411269848188 0.0031795470779007575 0.0032523339923887563
0 0.37533260551659176 0.1715857703031361 0.2683989926931041 0.2591972223568522
0 0.86484375 0.175 0.2703125 0.35
0 0.3578125 0.4609375 0.315625 0.221875
0 0.07042118871534453 0.5698362920147849 0.004769320616851047 0.004878500988583135
0 0.165625 0.74140625 0.33125 0.5171875
0 0.8756013867661799 0.6316067105310351 0.0031795470779005797 0.0032523339923887563
0 0.80234375 0.50703125 0.2671875 0.2953125