0 0.38971037297634803 0.5677879912052433 0.004769320616851047 0.004987888648948058
0 0.35859375 0.48828125 0.2609375 0.2015625
0 0.8226979711893392 0.5466372771410124 0.0031795470779006686 0.0033252590992987052
0 0.8286030978125446 0.5219877305647851 0.0031795470779006686 0.0033252590992987052
0 0.896875 0.42734375 0.20625 0.3234375
0 0.30283862784102145 0.6199593653562216 0.11307274431795715 0.040021827574751125
0 0.48984375 0.675 0.0015625 0.003125
0 0.48984375 0.6796875 0.0015625 0.003125
0 0.48984375 0.6859375 0.0015625 0.003125
0 0.8412685133959759 0.7731506238372114 0.2013557686676865 0.17990395280546387
0 0.7015625 0.703125 0.425 0.228125