0 0.3126537915286775 0.17415317671113845 0.0016535052616717394 0.001571590359079522
0 0.20078125 0.1328125 0.4015625 0.265625
0 0.01875 0.41328125 0.0375 0.1734375
0 0.8826099757577793 0.09639581537301592 0.0032160052616717395 0.0015806807181592219
0 0.83984375 0.00078125 0.0046875 0.0015625
0 0.8560474757577794 0.09624127926866244 0.008085515785015573 0.004732951795397966
0 0.81953125 0.00078125 0.0078125 0.0015625
0 0.8467634810194511 0.09774923711418468 0.0033070105233436566 0.003143180718159222
0 0.80078125 0.00078125 0.0046875 0.0015625
0 0.86796875 0.05078125 0.1859375 0.1015625
0 0.7797510152909053 0.03331857757146013 0.0032160052616717395 0.0015806807181592219
0 0.6990833861681836 0.2171617915653025 0.19569047355046648 0.14171584308955404
0 0.6046875 0.0375 0.190625 0.075
0 0.4520054468891713 0.6135696798343965 0.0016535052616717394 0.0015715903590796999
0 0.4265651021084908 0.6594998033709634 0.15204688936371688 0.11647040339440444
0 0.65 0.74375 0.28125 0.3375