0 0.5265625 0.24921875 0.265625 0.3109375
0 0.090625 0.22578125 0.18125 0.2515625
0 0.425 0.53984375 0.43125 0.2609375
0 0.48828125 0.9125 0.3234375 0.175
0 0.0390625 0.62734375 0.078125 0.1765625
0 0.971875 0.41015625 0.003125 0.0015625
0 0.8734375 0.509375 0.253125 0.2
0 0.8122907718400472 0.6167271577768296 0.005070137272903707 0.00490582382131759
0 0.7943856657809105 0.6567721149727587 0.24346244182452992 0.17944786724456102
0 0.81796875 0.91953125 0.3140625 0.1609375
0 0.7203125 0.690625 0.121875 0.2