0 0.04765625 0.26484375 0.0953125 0.1453125
0 0.05 0.2828125 0.1 0.171875
0 0.69609375 0.2234375 0.5765625 0.290625
0 0.55390625 0.14140625 0.3765625 0.2828125
0 0.06484375 0.88515625 0.1296875 0.1921875
0 0.03515625 0.565625 0.0703125 0.13125
0 0.0578125 0.415625 0.115625 0.09375
0 0.9278979602791919 0.637435494213541 0.01419889231986815 0.005342471463952591
0 0.91875 0.61796875 0.1625 0.3921875
0 0.771875 0.94921875 0.45625 0.1015625
0 0.4421412828573694 0.9620311573625449 0.0031704641066227167 0.0017080492142117266
0 0.34577211889639603 0.5268620988427082 0.007903428213245346 0.0034888730355293164
0 0.346875 0.5453125 0.115625 0.1125
0 0.45703125 0.44296875 0.3359375 0.1484375
0 0.38671875 0.86171875 0.1953125 0.2765625