0 0.167822740441619 0.25963367183996544 0.1585330378830699 0.19583053846084475
0 0.065625 0.23671875 0.13125 0.3140625
0 0.03828125 0.03125 0.0765625 0.0625
0 0.77578125 0.39453125 0.1453125 0.1109375
0 0.5859878684176614 0.13604870016661574 0.07643109604505716 0.09077485731976358
0 0.97421875 0.1578125 0.0515625 0.25
0 0.73359375 0.0421875 0.1109375 0.084375
0 0.05234375 0.76171875 0.1046875 0.2359375
0 0.87734375 0.9125 0.2453125 0.175
0 0.7015625 0.65859375 0.409375 0.4171875
0 0.5859375 0.5359375 0.35 0.171875
0 0.9625 0.50859375 0.075 0.1171875