0 0.12890625 0.08984375 0.2578125 0.1796875
0 0.7640625 0.003125 0.196875 0.00625
0 0.57890625 0.015625 0.2015625 0.03125
0 0.10625 0.5296875 0.2125 0.321875
0 0.8188659892982288 0.49690467704246577 0.003161362667090728 0.0033070105233436566
0 0.7160735125716406 0.9439987558969565 0.0031431813335455415 0.001744510523343834
0 0.7035826032384135 0.9439455479903313 0.0015806813335455417 0.0016535052616717394
0 0.6996399905713225 0.9472980611445108 0.0031613626670909055 0.003307010523343834
0 0.6640625 0.95 0.278125 0.1
0 0.67890625 0.47734375 0.4109375 0.2171875
0 0.5671875 0.76796875 0.196875 0.1953125