0 0.08828125 0.2046875 0.1765625 0.20625
0 0.89765625 0.05703125 0.2046875 0.1140625
0 0.721875 0.08203125 0.14375 0.1640625
0 0.74453125 0.3578125 0.1890625 0.265625
0 0.5515625 0.6328125 0.196875 0.146875
0 0.5828125 0.83515625 0.134375 0.2484375
0 0.3171875 0.6125 0.2875 0.10625
0 0.2875 0.59609375 0.23125 0.0734375
0 0.19453125 0.85 0.3890625 0.3
0 0.8760065810387946 0.8245212726630509 0.0016717606436618127 0.0016261669961943781
0 0.8704285703951328 0.8263066071497314 0.0016717606436618127 0.0016261669961943781
0 0.8171875 0.76171875 0.334375 0.2359375
0 0.740625 0.675 0.18125 0.23125