0 0.27005365209317 0.3468101081383145 0.001799298340326061 0.003188666996194378
0 0.28828125 0.28984375 0.3609375 0.3390625
0 0.09375 0.09609375 0.1875 0.1921875
0 0.55625 0.35078125 0.175 0.2171875
0 0.9277888388064897 0.06825007353790333 0.001799298340326061 0.003188666996194378
0 0.9250898912960006 0.06365807403219495 0.001799298340326061 0.003188666996194378
0 0.8867135529137181 0.04327924844276314 0.001799298340326061 0.003188666996194378
0 0.88046875 0.128125 0.2390625 0.25625
0 0.5609375 0.0671875 0.184375 0.134375
0 0.03130677034493905 0.6588604164647218 0.0033617983403260608 0.0032523339923887563
0 0.030951572834450047 0.6541729164647218 0.001799298340326061 0.003188666996194378
0 0.029885980302982774 0.6401104164647218 0.001799298340326061 0.003188666996194378
0 0.0303712323775752 0.6361723329666246 0.001799298340326061 0.003188666996194378
0 0.029542438186434074 0.6252348329666246 0.001799298340326061 0.003188666996194378
0 0.029080496899722343 0.6087967494685274 0.001799298340326061 0.003188666996194378
0 0.028192503123499614 0.5970779994685274 0.001799298340326061 0.003188666996194378
0 0.027789761421869397 0.5814211659704303 0.001799298340326061 0.003188666996194556
0 0.02690176764564676 0.5697024159704303 0.003598596680652122 0.006377333992388756
0 0.025895374699261 0.5564211659704302 0.003835395020978183 0.009502333992388756
0 0.02993167926336433 0.547636414981847 0.001799298340326061 0.003188666996194378
0 0.01798686370159892 0.48307916646472177 0.001799298340326061 0.003188666996194378
0 0.016258420340294677 0.47061099996281897 0.001799298340326061 0.003188666996194378
0 0.01484375 0.46015625 0.0015625 0.0015625
0 0.01328125 0.46015625 0.0015625 0.0015625
0 0.06171875 0.58203125 0.1234375 0.2453125
0 0.85234375 0.64375 0.2953125 0.36875