0 0.2795436294658745 0.15602847084717758 0.1935978157455871 0.18252830505721712
0 0.8212287487854792 0.40596551896456445 0.0031795470779005797 0.0033252590992987052
0 0.8399787487854793 0.4071670735603563 0.004769320616851047 0.004987888648948058
0 0.9106458047918338 0.3913604032945758 0.0031795470779005797 0.0033252590992987052
0 0.76484375 0.2703125 0.4703125 0.378125
0 0.08069525203189017 0.8160986759689932 0.0031795470779006686 0.0033252590992987052
0 0.08139468141503917 0.8208362407438179 0.0031795470779006686 0.0033252590992987052
0 0.09445774310343644 0.8341873419158372 0.0031795470779006686 0.0033252590992987052
0 0.2447128875835493 0.7843747139073473 0.3867592548679687 0.3400566101144344
0 0.61015625 0.65703125 0.1609375 0.3171875
0 0.85390625 0.94140625 0.2921875 0.1171875