0 0.00078125 0.41953125 0.0015625 0.0015625
0 0.00078125 0.4328125 0.0015625 0.003125
0 0.0015625 0.4375 0.003125 0.00625
0 0.00078125 0.45703125 0.0015625 0.0015625
0 0.00078125 0.4421875 0.0015625 0.003125
0 0.00078125 0.4625 0.0015625 0.003125
0 0.00078125 0.44609375 0.0015625 0.0015625
0 0.0015625 0.47421875 0.003125 0.0078125
0 0.11953125 0.3515625 0.2390625 0.25625
0 0.48828125 0.19609375 0.4984375 0.2828125
0 0.10234375 0.84140625 0.2046875 0.3171875
0 0.11953125 0.88515625 0.2390625 0.2296875
0 0.5875 0.74296875 0.6375 0.5140625