0 0.37890625 0.13984375 0.1421875 0.2796875
0 0.0875 0.17421875 0.175 0.2515625
0 0.7568180000795419 0.1783633644516361 0.0015806813335455417 0.0015897735389502898
0 0.66484375 0.15 0.4296875 0.3
0 0.4293004327259518 0.5499616749222174 0.0031613626670909055 0.0031795470779005797
0 0.4153561113939972 0.5603633867727705 0.0031431813335455415 0.0016170470779005796
0 0.32265625 0.48203125 0.2546875 0.2578125
0 0.26953125 0.815625 0.3609375 0.265625
0 0.0984375 0.60546875 0.196875 0.1671875
0 0.01328125 0.98203125 0.0234375 0.0359375
0 0.002014510781312906 0.9653153084419863 0.0015988626670908833 0.003152273538950112
0 0.9300982220321348 0.3551752804421045 0.0015988626670909057 0.00315227353895029
0 0.75703125 0.38515625 0.4859375 0.1703125
0 0.5203125 0.521875 0.140625 0.19375
0 0.5806651274267685 0.8129288737838316 0.24703972668681723 0.15271944561520331