0 0.07734375 0.1578125 0.1546875 0.2
0 0.5296875 0.14375 0.259375 0.2875
0 0.23195378896352112 0.6141874922942026 0.0016170470779007574 0.0032251295496493527
0 0.2259901611224997 0.5981817604927999 0.0015897735389502898 0.0016626295496493526
0 0.22698959943410238 0.5856316957179752 0.0016170470779005796 0.0032251295496493527
0 0.20879297849293987 0.6445456207641177 0.0015897735389504674 0.0016626295496493526
0 0.21236799188562044 0.6185641116648191 0.004769320616851047 0.004987888648947969
0 0.19681512987291158 0.6601403423864876 0.0015897735389502898 0.0016626295496493526
0 0.20783049634984732 0.6102707503137671 0.0015897735389502898 0.0016626295496493526
0 0.20269298295716673 0.636352388962715 0.007921594155801338 0.006750647748246586
0 0.19691058725923777 0.6546715923864876 0.0015897735389502898 0.0016626295496493526
0 0.2036924212687694 0.6238023241878904 0.0031795470779005797 0.0033252590992987052
0 0.19192307833078406 0.6721594810354355 0.0031795470779007575 0.0033252590992987052
0 0.19901855803824464 0.6233214628368383 0.0015897735389504674 0.0016626295496493526
0 0.20004526988879762 0.6092088980620136 0.0015897735389504674 0.0016626295496493526
0 0.19198730803824465 0.6237720458102602 0.0015897735389504674 0.0016626295496493526
0 0.19224640665827283 0.6089282958102602 0.0015897735389502898 0.0016626295496493526
0 0.18636855357401777 0.6327162492340329 0.0016170470779005796 0.0032251295496493527
0 0.1936316286550957 0.6189844162606108 0.01595228246740419 0.01975129549649317
0 0.18076343587926597 0.6408792026578055 0.0016170470779005796 0.0032251295496493527
0 0.1328125 0.58828125 0.265625 0.3578125
0 0.0609375 0.86484375 0.121875 0.2328125
0 0.72109375 0.528125 0.3796875 0.2375
0 0.4578125 0.4640625 0.115625 0.109375
0 0.48203125 0.78984375 0.1640625 0.3578125