0 0.06640625 0.528125 0.1328125 0.221875
0 0.35234375 0.4625 0.4546875 0.353125
0 0.06036512447554641 0.1867944366867496 0.001799298340326061 0.00315227353895029
0 0.07734375 0.15390625 0.1546875 0.3078125
0 0.4125 0.13828125 0.234375 0.2765625
0 0.71953125 0.17734375 0.1203125 0.2828125
0 0.94921875 0.25625 0.1015625 0.334375
0 0.9229979468857892 0.025788347398916955 0.003835395020978183 0.009429547077900668
0 0.9296875 0.00234375 0.003125 0.0046875
0 0.95078125 0.04921875 0.0984375 0.0984375
0 0.49296875 0.7171875 0.2078125 0.15625
0 0.7109375 0.86953125 0.103125 0.1828125
0 0.7 0.675 0.08125 0.071875