0 0.59453125 0.45625 0.0703125 0.221875
0 0.00078125 0.23515625 0.0015625 0.0015625
0 0.00078125 0.23515625 0.0015625 0.0015625
0 0.08372751299863071 0.226168728754606 0.0016079641066227169 0.0016079641066227169
0 0.0983128502247916 0.20779080179500192 0.0016079641066227169 0.0016079641066227169
0 0.0703125 0.1421875 0.140625 0.2625
0 0.46640625 0.0609375 0.1828125 0.121875
0 0.71171875 0.57109375 0.0984375 0.0359375
0 0.65859375 0.45625 0.0578125 0.1375
0 0.97734375 0.32109375 0.0453125 0.1234375
0 0.65625 0.0734375 0.053125 0.13125
0 0.8785639545397113 0.08180834567244503 0.09238137978345584 0.11665395407749282