0 0.3001343246232415 0.1456950009244368 0.0016079641066227169 0.0016079641066227169
0 0.29225362846330755 0.1435785714575502 0.0016079641066227169 0.0016079641066227169
0 0.2634693989172786 0.12174067537675856 0.0031704641066227167 0.0016534282132454337
0 0.2648955065974105 0.11700771127013584 0.0016534282132454337 0.0031704641066227167
0 0.2668755437444291 0.10443951511020177 0.0016079641066227169 0.0016079641066227169
0 0.26676188347787244 0.10053326511020177 0.0016079641066227169 0.0016079641066227169
0 0.2696140988381363 0.09106733689695642 0.0016079641066227169 0.0016079641066227169
0 0.2723526539318435 0.07769515868371109 0.0016534282132454337 0.0031704641066227167
0 0.2744008872387961 0.06747071252377701 0.0016079641066227169 0.0016079641066227169
0 0.2778752282258806 0.052513302257220396 0.0016534282132454337 0.0031704641066227167
0 0.2799461935861446 0.04307010609728632 0.0017443564264908672 0.0062954641066227165
0 0.28192623073316314 0.030501909937352245 0.0033523205331134065 0.007903428213245434
0 0.2808949281467384 0.021930891990663604 0.0016079641066227169 0.0016079641066227169
0 0.30234375 0.00078125 0.0015625 0.0015625
0 0.30703125 0.00078125 0.0015625 0.0015625
0 0.34921875 0.11015625 0.1984375 0.2203125
0 0.234375 0.88671875 0.334375 0.2265625
0 0.91328125 0.978125 0.1734375 0.04375
0 0.7641273138026888 0.7645552788337484 0.2381772645814763 0.19114915188677947