0 0.25 0.52890625 0.225 0.1421875
0 0.9328125 0.53828125 0.134375 0.1234375
0 0.57109375 0.60078125 0.0046875 0.0015625
0 0.5890625 0.60078125 0.003125 0.0015625
0 0.5453125 0.60078125 0.003125 0.0015625
0 0.571875 0.60078125 0.00625 0.0015625
0 0.5328125 0.60078125 0.003125 0.0015625
0 0.58125 0.60078125 0.003125 0.0015625
0 0.55625 0.6015625 0.00625 0.003125
0 0.5390625 0.60078125 0.003125 0.0015625
0 0.56953125 0.60078125 0.0046875 0.0015625
0 0.521875 0.60078125 0.00625 0.0015625
0 0.57109375 0.60078125 0.0046875 0.0015625
0 0.584375 0.60078125 0.003125 0.0015625
0 0.571875 0.60078125 0.003125 0.0015625
0 0.5875 0.60078125 0.003125 0.0015625
0 0.56484375 0.60078125 0.0046875 0.0015625
0 0.57734375 0.6046875 0.0234375 0.009375
0 0.55703125 0.60078125 0.0046875 0.0015625
0 0.47890625 0.88515625 0.2421875 0.2296875
0 0.88828125 0.790625 0.2234375 0.38125