0 0.00078125 0.1140625 0.0015625 0.003125
0 0.33046875 0.0609375 0.2953125 0.121875
0 0.09453125 0.165625 0.1890625 0.33125
0 0.05997236639206518 0.29802677591361987 0.004960515785015574 0.004987888648948058
0 0.09609375 0.31875 0.1734375 0.240625
0 0.38125 0.2984375 0.196875 0.28125
0 0.6984375 0.21953125 0.4375 0.4390625
0 0.04453125 0.49765625 0.0890625 0.1171875
0 0.0953125 0.49375 0.190625 0.109375
0 0.10954597411516379 0.6693183898855656 0.21610793131591724 0.2893790823551132
0 0.39296875 0.82578125 0.1734375 0.3484375
0 0.6921875 0.51171875 0.265625 0.1453125
0 0.8088193900695885 0.7234446853820589 0.2901978786991988 0.27856030073828053