0 0.1436299914722862 0.2127302415139889 0.001854231281194707 0.003134090359079611
0 0.13272340224601428 0.19637853366846655 0.003416731281194618 0.003143180718159222
0 0.10462810149734283 0.12150125351604142 0.001854231281194707 0.003134090359079611
0 0.24609375 0.25859375 0.4796875 0.5171875
0 0.8018120016633776 0.43525922648687415 0.0018542312811945295 0.003134090359079522
0 0.800520221921287 0.4297950216664141 0.001854231281194707 0.003134090359079522
0 0.8577912814054682 0.4404052687395478 0.14344089226271883 0.16480790944452864
0 0.95703125 0.01171875 0.0859375 0.0234375
0 0.05082690661376921 0.6868267925472612 0.0018542312811946182 0.003134090359079611
0 0.05403473918451072 0.6625762262904825 0.0018542312811946182 0.003134090359079611
0 0.07265625 0.75234375 0.1453125 0.2859375
0 0.7679115669708956 0.995802337628605 0.003416731281194618 0.003143180718159222
0 0.7796875 0.83203125 0.3 0.3359375
0 0.74296875 0.61015625 0.0015625 0.0015625
0 0.76484375 0.61015625 0.0015625 0.0015625
0 0.7171875 0.61015625 0.003125 0.0015625
0 0.7765625 0.6953125 0.29375 0.171875