0 0.09390134445718794 0.21560724577685786 0.003234127404661713 0.0032159282132454337
0 0.0996156311176768 0.2227976201500373 0.003234127404661713 0.0032159282132454337
0 0.1308482729503088 0.24555917022917964 0.00485119110699248 0.004823892319868151
0 0.13545392739681245 0.2433518125490476 0.003234127404661713 0.0032159282132454337
0 0.14695442258748903 0.23744279334871762 0.003234127404661713 0.0032159282132454337
0 0.15002485888515818 0.23597122156196307 0.003234127404661713 0.0032159282132454337
0 0.15845491777816562 0.23153377414838783 0.003234127404661713 0.0032159282132454337
0 0.17146334926651133 0.22410771905468058 0.0032341274046615355 0.0032159282132454337
0 0.18142862630835338 0.21893448574772806 0.003234127404661713 0.0032159282132454337
0 0.1944370577966991 0.21150843065402078 0.003234127404661713 0.0032159282132454337
0 0.20362108483854113 0.2063124652937569 0.006359127404661713 0.0033068564264906895
0 0.21434033002921762 0.20038071404011565 0.007976191106992658 0.004914820533113406
0 0.22446929817805222 0.19989498073316306 0.003234127404661713 0.0032159282132454337
0 0.27237851932211166 0.16382710009177756 0.003234127404661713 0.003215928213245345
0 0.2815625463639537 0.15863113473151363 0.003234127404661713 0.003215928213245345
0 0.3037550048941414 0.14600911427754254 0.003234127404661713 0.0032159282132454337
0 0.31293903193598344 0.14081314891727859 0.003234127404661713 0.0032159282132454337
0 0.2890625 0.13046875 0.475 0.2609375
0 0.79453125 0.1265625 0.4109375 0.253125
0 0.40060026695985895 0.6856124865391509 0.27991571161023054 0.28286529044572395
0 0.8926736942718534 0.8678984861434393 0.025545637023308386 0.016352425705962757
0 0.9066543487183573 0.8659639131030434 0.003234127404661713 0.0032159282132454337
0 0.9095065302067029 0.858242341316289 0.003234127404661713 0.0032159282132454337
0 0.9158110939090338 0.8599866977427796 0.003234127404661713 0.0032159282132454337
0 0.9388666479927178 0.8497311593421198 0.003234127404661713 0.0032159282132454337
0 0.80546875 0.71171875 0.3890625 0.4453125