0 0.3671875 0.4296875 0.065625 0.2
0 0.1011432005763913 0.3053125596107976 0.1856593258882322 0.2014781983633867
0 0.0734375 0.08671875 0.146875 0.1734375
0 0.5853663050006708 0.28270094962933107 0.3239299214211716 0.3233036130615094
0 0.95078125 0.121875 0.0984375 0.24375
0 0.46015625 0.10234375 0.1203125 0.2046875
0 0.54140625 0.0578125 0.1734375 0.115625
0 0.8078125 0.0875 0.384375 0.175
0 0.034375 0.55703125 0.06875 0.0546875
0 0.8890625 0.6140625 0.221875 0.16875
0 0.48984375 0.671875 0.1796875 0.284375