0 0.20207242515463036 0.06443953375008198 0.006887728788172698 0.008030754809323425
0 0.20068526833688938 0.07607643819658569 0.003380091515269079 0.003234127404661713
0 0.20138677000387933 0.0846701881965857 0.003635183030538158 0.006359127404661713
0 0.19604543682355996 0.12421383783376598 0.007270366061076316 0.012718254809323426
0 0.19287251046098158 0.152147864875608 0.003762728788172609 0.007921627404661713
0 0.1874515578856061 0.16208586006628456 0.0016900457576345396 0.0016170637023308564
0 0.1952640578856061 0.16235867857793884 0.0016900457576345396 0.0016170637023308564
0 0.20409679500872852 0.21330361968493144 0.003635183030538158 0.006359127404661713
0 0.19990350258507386 0.22873764672677344 0.0016900457576345396 0.0016170637023308564
0 0.21447618561561202 0.2354787200477511 0.005452774545807238 0.00953869110699257
0 0.29375 0.26953125 0.25625 0.5390625
0 0.59765625 0.47265625 0.2578125 0.1328125
0 0.36796875 0.978125 0.1484375 0.04375
0 0.47109375 0.53984375 0.0046875 0.0015625
0 0.47109375 0.53984375 0.0046875 0.0015625
0 0.52421875 0.63984375 0.1109375 0.2015625
0 0.51796875 0.90859375 0.0984375 0.1828125
0 0.61328125 0.9390625 0.2203125 0.121875