0 0.11640625 0.16953125 0.2328125 0.3390625
0 0.10859375 0.04375 0.2171875 0.0875
0 0.5486713876799187 0.27152095940853976 0.003134090359079522 0.0017262743102595124
0 0.5215725564942213 0.1807255410457455 0.006286361436318444 0.006577548620519025
0 0.66171875 0.053125 0.4328125 0.10625
0 0.45546875 0.16953125 0.2515625 0.3390625
0 0.05859375 0.39609375 0.1171875 0.1140625
0 0.48338168920417035 0.4176810656946893 0.003134090359079611 0.0017262743102595124
0 0.47789930366555095 0.41562392073764337 0.003134090359079611 0.0017262743102595124
0 0.4747606681269315 0.4134439450479029 0.003134090359079611 0.0017262743102595124
0 0.4684970325883121 0.4114277436684219 0.003134090359079611 0.0017262743102595124
0 0.46379589704969265 0.40932965513381114 0.003134090359079611 0.0017262743102595124
0 0.4646225988450907 0.4171012115562463 0.003134090359079611 0.0017262743102595124
0 0.4606572615110732 0.40714967944407066 0.003134090359079611 0.0017262743102595124
0 0.45361237597245374 0.40517442164215456 0.003134090359079611 0.0017262743102595124
0 0.45047374043383437 0.40299444595241407 0.003134090359079611 0.0017262743102595124
0 0.4427066922292324 0.4112163817280628 0.003134090359079611 0.0017262743102595124
0 0.44028567417705566 0.3980579624607575 0.003134090359079611 0.0017262743102595124
0 0.43636578863843634 0.39591893034858183 0.003134090359079611 0.0017262743102595124
0 0.42932090309981685 0.39394367254666574 0.003134090359079611 0.0017262743102595124
0 0.4286623729473916 0.4150783661242306 0.010973861436318445 0.006823210085908293
0 0.42618226756119737 0.39176369685692525 0.003134090359079611 0.0017262743102595124
0 0.38643396633153343 0.4102580693127339 0.003134090359079611 0.0017262743102595124
0 0.37859419525429455 0.4059800050883826 0.003134090359079611 0.0017262743102595124
0 0.3739157856133742 0.40778816655377187 0.003134090359079611 0.0017262743102595124
0 0.3558743127407372 0.39622986883776407 0.003134090359079611 0.0017262743102595124
0 0.3527356772021178 0.3940498931480235 0.003134090359079611 0.0017262743102595124
0 0.3480345416634984 0.39195180461341284 0.003134090359079611 0.0017262743102595124
0 0.34806635792027707 0.3974205546134128 0.003143180718159222 0.0032887743102595125
0 0.34489590612487897 0.38977182892367235 0.003134090359079611 0.0017262743102595124
0 0.3401902254067197 0.38689249038906154 0.003134090359079611 0.0017262743102595124
0 0.33627488504764014 0.38553470827688596 0.003134090359079622 0.0017262743102595124
0 0.61484375 0.4921875 0.5703125 0.30625