0 0.36520900880207635 0.03371079262380192 0.0033435212873234475 0.0032159282132454337
0 0.26796875 0.29453125 0.3015625 0.5890625
0 0.574555783695696 0.3986013213910432 0.1363959579295561 0.14430759263643722
0 0.93828125 0.05703125 0.1234375 0.1140625
0 0.6585219662274293 0.11042170830063495 0.12011539406758569 0.13447795157021042
0 0.0375 0.915625 0.075 0.16875
0 0.00078125 0.853125 0.0015625 0.003125
0 0.2876685168478481 0.6284607221571955 0.0033435212873236253 0.003215928213245345
0 0.0703125 0.66640625 0.140625 0.1546875
0 0.05625 0.69921875 0.1125 0.2203125
0 0.539973334064013 0.9943073118241317 0.0033435212873236253 0.0032159282132454337
0 0.9892310168478481 0.7690857221571955 0.0033435212873236253 0.003215928213245345
0 0.56796875 0.734375 0.2828125 0.290625
0 0.475 0.8046875 0.1125 0.290625