0 0.03462320230644753 0.5202312453765214 0.0033435212873234475 0.0033252590992987052
0 0.103553518766308 0.5243692304171267 0.0033435212873234475 0.0033252590992987052
0 0.09737992842123404 0.5014323781653733 0.0033435212873234475 0.0033252590992987052
0 0.09385609067405012 0.4962139520394967 0.0033435212873234475 0.0033252590992987052
0 0.05546875 0.47265625 0.1109375 0.2140625
0 0.21328125 0.371875 0.4265625 0.415625
0 0.27421875 0.078125 0.2671875 0.15625
0 0.6078125 0.1890625 0.3375 0.378125
0 0.73828125 0.05546875 0.3109375 0.1109375
0 0.1359375 0.89609375 0.271875 0.2078125
0 0.365625 0.6796875 0.146875 0.2
0 0.89921875 0.72734375 0.2015625 0.2953125