0 0.2453125 0.25625 0.490625 0.384375
0 0.5265625 0.5125 0.165625 0.2125
0 0.6859375 0.1203125 0.153125 0.240625
0 0.8886210609397629 0.05908440619614157 0.0017083656405972648 0.0016261669961943781
0 0.8046875 0.1234375 0.390625 0.246875
0 0.8546875 0.5421875 0.290625 0.153125
0 0.14752755324424288 0.7045733893530466 0.003416731281194618 0.0032523339923887563
0 0.14591313144722945 0.712290388858755 0.013083462562389236 0.006759335969555113
0 0.1671875 0.75078125 0.334375 0.2640625
0 0.68046875 0.73828125 0.1421875 0.1640625
0 0.7078125 0.70234375 0.196875 0.1671875
0 0.8842103388096701 0.7067632194282837 0.16739761023285277 0.09243153361182799
0 0.9109375 0.65625 0.171875 0.075