0 0.09453125 0.08359375 0.1890625 0.1671875
0 0.30234375 0.16328125 0.1140625 0.2078125
0 0.2171875 0.07578125 0.284375 0.1515625
0 0.8403083905281475 0.10220267860929648 0.0016992010367591348 0.0016900457576345396
0 0.88359375 0.10703125 0.2328125 0.2140625
0 0.46640625 0.43125 0.2140625 0.084375
0 0.5375283282761092 0.9981200539234063 0.001835902073518625 0.003252545757634806
0 0.5370498746474519 0.9926513039234063 0.00197260311027776 0.004815045757634806
0 0.5827746033466189 0.8048007464968423 0.0016992010367593124 0.0016900457576344507
0 0.6048156986812023 0.7959200830111415 0.0016992010367591348 0.0016900457576344507
0 0.646875 0.8875 0.275 0.225
0 0.89453125 0.4796875 0.2109375 0.18125