0 0.2969989301375834 0.37828644730715116 0.001671627404661713 0.003206887155129756
0 0.06484375 0.515625 0.1296875 0.20625
0 0.28046875 0.3453125 0.2984375 0.309375
0 0.05456592659420432 0.12608105890882598 0.003234127404661713 0.0032887743102595125
0 0.04453125 0.10390625 0.0890625 0.2078125
0 0.0625 0.07578125 0.125 0.1515625
0 0.06640625 0.04921875 0.1328125 0.0984375
0 0.6046875 0.6 0.2 0.0375
0 0.8067484746874385 0.11473412313317724 0.21030756134007814 0.17166471732199753
0 0.259375 0.8203125 0.340625 0.359375
0 0.75703125 0.678125 0.1984375 0.11875