0 0.11476902678206588 0.4087878080316541 0.0031522735389504673 0.0016170470779005796
0 0.10676561200941351 0.39771394033690227 0.0031522735389504673 0.0016170470779005796
0 0.15 0.3421875 0.3 0.234375
0 0.7609375 0.12734375 0.478125 0.1984375
0 0.49453125 0.00234375 0.0484375 0.0046875
0 0.475 0.00546875 0.0125 0.0109375
0 0.46953125 0.00078125 0.0015625 0.0015625
0 0.4265625 0.8109375 0.084375 0.240625
0 0.5927967950460105 0.7680849415547183 0.00315227353895029 0.0016170470779005796
0 0.552013882301953 0.8478173060030592 0.006331820616851047 0.004796594155801337
0 0.60703125 0.7796875 0.2765625 0.35625