0 0.33828125 0.11015625 0.2421875 0.2203125
0 0.88046875 0.11953125 0.2390625 0.2390625
0 0.1582968843305479 0.9732780948145152 0.00315227353895029 0.0016534282132454337
0 0.16375199756107275 0.9723377204413358 0.00315227353895029 0.0016534282132454337
0 0.13631674431466187 0.9231106102539215 0.161529609577077 0.12807483887551357
0 0.659375 0.43984375 0.003125 0.0015625
0 0.7493776262128731 0.8965123209953318 0.00315227353895029 0.0016534282132454337
0 0.7626452394433979 0.895344626089039 0.00315227353895029 0.0016534282132454337
0 0.7658384232907738 0.8991599478757937 0.0031795470779006686 0.0032159282132454337
0 0.7984375 0.928125 0.2875 0.14375
0 0.80390625 0.5046875 0.3921875 0.13125