0 0.15 0.00078125 0.003125 0.0015625
0 0.140625 0.00078125 0.003125 0.0015625
0 0.135272539587794 0.009549311678627959 0.0048238923198680615 0.005070137272903707
0 0.209375 0.14453125 0.41875 0.2890625
0 0.8265625 0.00078125 0.003125 0.0015625
0 0.9796875 0.00078125 0.003125 0.0015625
0 0.82265625 0.0015625 0.0046875 0.003125
0 0.96484375 0.0015625 0.0046875 0.003125
0 0.8203125 0.00078125 0.003125 0.0015625
0 0.9360598012662764 0.012561838809508962 0.0032159282132454337 0.0033800915152689013
0 0.9015625 0.0515625 0.190625 0.103125
0 0.9958356180384662 0.05796980472080406 0.0032159282132454337 0.003380091515269079
0 0.877966156439126 0.02496637289821395 0.0032159282132454337 0.003380091515269079
0 0.944975463182186 0.15825697608241257 0.0032159282132454337 0.003380091515269079
0 0.9473646772888085 0.16001079471886442 0.0032159282132454337 0.003380091515269079
0 0.947523801661988 0.16547954471886445 0.0032159282132454337 0.003380091515269079
0 0.68125 0.090625 0.16875 0.18125
0 0.89296875 0.19296875 0.1828125 0.1921875
0 0.13404266020004968 0.5115425042520638 0.006477320533113407 0.008322683030538158
0 0.19903717438581467 0.5488031303150798 0.003215928213245345 0.003380091515269079
0 0.1859375 0.703125 0.371875 0.44375
0 0.83984375 0.69921875 0.3203125 0.6015625