0 0.17793213410810163 0.1417882621505356 0.18255663485700763 0.23229168874473985
0 0.8641888853160495 0.1384053126060225 0.0032525457576344508 0.001671627404661713
0 0.8497915454677705 0.14335570743387938 0.009757637272903708 0.005014882213985139
0 0.7296875 0.1875 0.540625 0.34375
0 0.2740566745749022 0.9593378938163666 0.001817591515269079 0.0031795637023307676
0 0.18069073016529852 0.540858223127794 0.24767145182646946 0.2283333642426358
0 0.16171875 0.90546875 0.3234375 0.1890625
0 0.00078125 0.89296875 0.0015625 0.0015625
0 0.00078125 0.91015625 0.0015625 0.0015625
0 0.0796875 0.859375 0.159375 0.28125
0 0.1 0.43984375 0.2 0.1609375
0 0.6595000959365107 0.8199777164195542 0.25366661818710823 0.14908237386128267