0 0.00078125 0.3859375 0.0015625 0.003125
0 0.00078125 0.384375 0.0015625 0.003125
0 0.00078125 0.38046875 0.0015625 0.0015625
0 0.00078125 0.37578125 0.0015625 0.0015625
0 0.00078125 0.37265625 0.0015625 0.0015625
0 0.00078125 0.36953125 0.0015625 0.0015625
0 0.00078125 0.36640625 0.0015625 0.0015625
0 0.00078125 0.36328125 0.0015625 0.0015625
0 0.0703125 0.44921875 0.140625 0.2640625
0 0.38046875 0.0546875 0.0015625 0.003125
0 0.3828125 0.0640625 0.00625 0.009375
0 0.5359375 0.2453125 0.3125 0.490625
0 0.22433821898726256 0.9576004067433722 0.0031977746071058634 0.0017080492142113712
0 0.2173240856126511 0.9742977551717956 0.0032705492142117267 0.0032705492142117267
0 0.21081937448778057 0.9800576036002191 0.008103598428423453 0.006613873035529139
0 0.20431466336291004 0.9858174520286426 0.0032705492142117267 0.0032705492142117267
0 0.18984375 0.86953125 0.3796875 0.2609375
0 0.89296875 0.6375 0.2140625 0.096875
0 0.96875 0.85234375 0.0625 0.1703125
0 0.85546875 0.6375 0.2046875 0.096875
0 0.6890625 0.8796875 0.2125 0.240625
0 0.53828125 0.65390625 0.2328125 0.1296875
0 0.43046875 0.7078125 0.1015625 0.2375