0 0.5007613695152954 0.005565119097091476 0.003234127404661713 0.0033435212873234475
0 0.5621676062684514 0.1085369358090535 0.003234127404661713 0.0033435212873236253
0 0.384375 0.2796875 0.590625 0.559375
0 0.68046875 0.2484375 0.0015625 0.003125
0 0.79140625 0.2234375 0.2234375 0.446875
0 0.68046875 0.540625 0.0015625 0.003125
0 0.68125 0.54453125 0.003125 0.0046875
0 0.68046875 0.54453125 0.0015625 0.0046875
0 0.74609375 0.4390625 0.1328125 0.240625
0 0.83984375 0.32734375 0.3203125 0.4640625
0 0.41953125 0.91953125 0.1671875 0.1609375
0 0.89453125 0.90625 0.2109375 0.1875