0 0.3828125 0.13984375 0.2125 0.2796875
0 0.24921875 0.5328125 0.2421875 0.153125
0 0.0828125 0.24296875 0.165625 0.2546875
0 0.015625 0.46484375 0.03125 0.0921875
0 0.540625 0.47421875 0.103125 0.1921875
0 0.1509896804768554 0.7491468906705154 0.003234127404661713 0.0032159282132454337
0 0.2375 0.7453125 0.303125 0.271875
0 0.946875 0.78984375 0.10625 0.2140625
0 0.7078125 0.70390625 0.321875 0.1890625
0 0.6288393727649744 0.8414240042231421 0.17752977767481415 0.12223401583511766
0 0.5671875 0.703125 0.15625 0.18125
0 0.51796875 0.63203125 0.0578125 0.0453125
0 0.5453125 0.9265625 0.1125 0.146875