0 0.45703125 0.0625 0.1453125 0.125
0 0.13515625 0.26953125 0.2703125 0.5390625
0 0.95234375 0.05546875 0.0953125 0.1109375
0 0.26646603359446436 0.7515625 0.0016808991701630304 0.0015625
0 0.2738524811049534 0.746875 0.0016808991701630304 0.0015625
0 0.29779946658280637 0.71953125 0.0033617983403260608 0.003125
0 0.2965329645082139 0.715625 0.0033617983403260608 0.003125
0 0.2919522082844366 0.70390625 0.0016808991701630304 0.0015625
0 0.29146695620984414 0.7 0.0016808991701630304 0.0015625
0 0.2873714520606593 0.6921875 0.0016808991701630304 0.0015625
0 0.28212784500704496 0.67890625 0.0033617983403260608 0.003125
0 0.2781507400280231 0.66953125 0.0016808991701630304 0.0015625
0 0.27284793338932734 0.65703125 0.0033617983403260608 0.003125
0 0.2696520784103055 0.64765625 0.003598596680652122 0.00625
0 0.26501212260144663 0.63671875 0.005279495850815152 0.0078125
0 0.2656633180373432 0.628125 0.0016808991701630304 0.0015625
0 0.238083692312397 0.5796875 0.0016808991701630304 0.0015625
0 0.23410658733337514 0.5703125 0.0033617983403260608 0.003125
0 0.224885875300739 0.54765625 0.0033617983403260608 0.003125
0 0.1828125 0.6578125 0.29375 0.2375
0 0.82734375 0.8359375 0.3453125 0.328125