0 0.09885841950426374 0.2778166773512588 0.0031704641066227167 0.0016170470779006685
0 0.11001356518934405 0.45857179951023747 0.0031704641066227167 0.0016170470779005796
0 0.14739520790492353 0.3021132938281945 0.0032159282132454337 0.0031795470779007575
0 0.13577208313603267 0.45980306290291806 0.00794889231986815 0.004823867694751627
0 0.16734399505194214 0.3149678498345489 0.0063863923198681505 0.004796594155801337
0 0.14512435108272131 0.46074795413661995 0.0032159282132454337 0.0031795470779005797
0 0.1876648552393565 0.34189854261037844 0.0032159282132454337 0.0031795470779005797
0 0.12083505641385543 0.38215930397446424 0.1814271594086269 0.17026940990138845
0 0.22073341950426376 0.2799440133893853 0.0031704641066227167 0.0016170470779007574
0 0.21183212945425128 0.3978173060030592 0.0031704641066227167 0.0016170470779005796
0 0.3305343168386967 0.32094293465485946 0.0031704641066227167 0.0016170470779005796
0 0.33218774505194204 0.31784520819380974 0.0031704641066227167 0.0016170470779005796
0 0.33689797710525343 0.31714577881066075 0.0031704641066227167 0.0016170470779005796
0 0.29782815076615227 0.585350308031654 0.19315426959604132 0.1439250982129911
0 0.394909053906573 0.36505717329077375 0.2044554824490227 0.15661601298564348
0 0.76484375 0.528125 0.4703125 0.54375
0 0.92265625 0.9078125 0.1546875 0.184375