0 0.21953125 0.3171875 0.4390625 0.34375
0 0.923068904111981 0.23938102955866417 0.003380091515269079 0.0032159282132454337
0 0.9071250397178947 0.23502013849243736 0.0032525457576344508 0.0016534282132454337
0 0.86171875 0.3328125 0.2765625 0.25625
0 0.66015625 0.09140625 0.3859375 0.1828125
0 0.5995513979030631 0.3149216210079671 0.22094971303635713 0.16698422618081654
0 0.44296875 0.01484375 0.0078125 0.0296875
0 0.4046875 0.51328125 0.06875 0.0484375
0 0.17421875 0.546875 0.2078125 0.115625
0 0.7237228662302542 0.8944837181967508 0.0016900457576344507 0.0016079641066227169
0 0.680419405319929 0.8604891514245612 0.14993584030732113 0.11815426959604132