0 0.3734375 0.0578125 0.25 0.115625
0 0.00864769355850683 0.2817467228156043 0.0016626295496493526 0.0016079641066227169
0 0.075 0.3296875 0.15 0.240625
0 0.06640625 0.0515625 0.1328125 0.103125
0 0.659375 0.06796875 0.159375 0.1359375
0 0.0796875 0.53203125 0.159375 0.1640625
0 0.86875 0.92578125 0.2625 0.1484375
0 0.5834729225821323 0.4847878401291547 0.0016626295496493082 0.0016079641066227169
0 0.82109375 0.509375 0.3578125 0.11875
0 0.78984375 0.55859375 0.4203125 0.2171875
0 0.61953125 0.528125 0.0796875 0.15625