0 0.05092245032865739 0.5952866513666888 0.029400457576345396 0.01693494292790536
0 0.03523367744984016 0.5952331474377474 0.003380091515269079 0.0032705492142117267
0 0.030689698661667465 0.587602583955512 0.003380091515269079 0.0032705492142117267
0 0.02463101729811923 0.5902374323839354 0.003380091515269079 0.0032705492142117267
0 0.00078125 0.58046875 0.0015625 0.0046875
0 0.17421875 0.33359375 0.3484375 0.6671875
0 0.0109375 0.0046875 0.021875 0.009375
0 0.6261455909355409 0.5642207419372294 0.003380091515269079 0.0032705492142117267
0 0.6120990663897337 0.5554643260976292 0.011575228788172609 0.008321922249741043
0 0.66953125 0.3859375 0.5015625 0.565625
0 0.3836232510872618 0.8512198201017732 0.003380091515269079 0.0032705492142117267
0 0.3856481366931755 0.8472044081911143 0.0033800915152689013 0.0032705492142117267
0 0.383336337601561 0.8284907954946672 0.003380091515269079 0.0032705492142117267
0 0.21328125 0.80546875 0.4109375 0.2734375
0 0.82265625 0.74140625 0.3546875 0.1453125
0 0.63828125 0.81171875 0.3171875 0.2859375