0 0.00078125 0.265625 0.0015625 0.00625
0 0.00078125 0.28515625 0.0015625 0.0015625
0 0.00078125 0.23125 0.0015625 0.003125
0 0.00078125 0.22734375 0.0015625 0.0015625
0 0.07265625 0.22890625 0.1453125 0.1609375
0 0.3552975958200286 0.06813200981146963 0.003143180718159222 0.0032523339923887563
0 0.6796875 0.20859375 0.640625 0.2015625
0 0.3706559928697213 0.862663190190718 0.003134090359079611 0.0016898339923887562
0 0.43671875 0.41875 0.1546875 0.21875
0 0.5 0.8640625 0.28125 0.271875
0 0.7690197282353901 0.5651144391649537 0.18194995764913066 0.12769787155854945
0 0.7715458062978295 0.7306757721687593 0.19325107201231528 0.1906435405319101
0 0.8953125 0.975 0.134375 0.05
0 0.9453125 0.55859375 0.109375 0.1921875