0 0.3673755532985652 0.031421064695149645 0.0016992010367591348 0.0016717606436617237
0 0.29921875 0.259375 0.2234375 0.459375
0 0.76875 0.0765625 0.453125 0.153125
0 0.709375 0.41640625 0.25625 0.1453125
0 0.012300616681899112 0.7273330423225455 0.0016992010367592569 0.0016717606436618127
0 0.020113116681899114 0.7267867391042367 0.0032617010367592568 0.0017810212873234476
0 0.02480061668189911 0.7264589571732515 0.004824201036759257 0.0018902819309850826
0 0.210347845946714 0.7445430496120125 0.0016992010367592237 0.0016717606436618127
0 0.21943988195046402 0.7648719751063803 0.0016992010367592237 0.0016717606436618127
0 0.115625 0.82578125 0.23125 0.2484375
0 0.6015625 0.86640625 0.184375 0.2671875