0 0.39765625 0.5953125 0.1234375 0.146875
0 0.3265625 0.31953125 0.265625 0.2578125
0 0.0703125 0.31171875 0.140625 0.3359375
0 0.02734375 0.05078125 0.0546875 0.1015625
0 0.5447964274883296 0.6129267190335421 0.004823892319867973 0.004796602773541636
0 0.5534356415949523 0.6115642407850351 0.011346676959604096 0.014317073138263936
0 0.628125 0.53046875 0.3375 0.2765625
0 0.490625 0.20234375 0.0625 0.1359375
0 0.646875 0.03046875 0.125 0.0609375
0 0.84296875 0.01484375 0.1453125 0.0296875
0 0.2359375 0.9453125 0.359375 0.109375
0 0.12265625 0.70234375 0.1828125 0.0671875
0 0.623732735880742 0.8526094277147575 0.18863190564770313 0.20425500816812522
0 0.54296875 0.66953125 0.0046875 0.0015625
0 0.59765625 0.746875 0.2765625 0.15625