0 0.35078125 0.2484375 0.3359375 0.103125
0 0.603125 0.00078125 0.003125 0.0015625
0 0.59375 0.00234375 0.00625 0.0046875
0 0.603125 0.00234375 0.00625 0.0046875
0 0.703125 0.08828125 0.36875 0.1765625
0 0.18335415742663247 0.6882582371343833 0.18226501038216938 0.15660901583511766
0 0.2532479704255203 0.8536953690294101 0.0033070105233436566 0.0032159282132454337
0 0.4783356445548016 0.3783841658098471 0.0033070105233434788 0.003215928213245345
0 0.440625 0.8140625 0.15625 0.290625
0 0.51953125 0.6765625 0.0015625 0.003125
0 0.60546875 0.7171875 0.1734375 0.2375
0 0.8609375 0.95 0.26875 0.1
0 0.95 0.734375 0.1 0.178125