0 0.048581286333056715 0.18947202652270362 0.003261701036759135 0.0017627590992987051
0 0.04382543581467715 0.18995288787375558 0.003261701036759135 0.0017627590992987051
0 0.037507085296297496 0.19033361967515833 0.0032617010367593123 0.0017627590992987051
0 0.02493873477791784 0.1903138332779637 0.003261701036759135 0.0017627590992987051
0 0.14375 0.13984375 0.2875 0.2796875
0 0.65078125 0.07578125 0.5015625 0.1515625
0 0.31640625 0.56171875 0.1671875 0.1234375
0 0.1997138508476864 0.8211306415743834 0.19761445966092558 0.2519396391103733
0 0.05703125 0.91171875 0.1140625 0.1765625
0 0.07421875 0.575 0.1484375 0.15
0 0.44765625 0.6046875 0.0953125 0.1625