0 0.175 0.16953125 0.35 0.3390625
0 0.79296875 0.28671875 0.4140625 0.2046875
0 0.528125 0.1609375 0.178125 0.228125
0 0.42663277096963903 0.7185390247517605 0.005042697510489092 0.004878500988583312
0 0.4116822771934164 0.7062472717860109 0.0032433991701630305 0.0016898339923887562
0 0.3015625 0.78828125 0.275 0.2953125
0 0.23046875 0.4796875 0.4171875 0.18125
0 0.0875 0.63984375 0.175 0.1953125
0 0.00625 0.40546875 0.0125 0.0328125
0 0.540625 0.725 0.203125 0.1625
0 0.66328125 0.58125 0.4484375 0.325