0 0.24301335690142362 0.12160918129377456 0.15641866950744615 0.1408260893539081
0 0.0777231404818696 0.40466822398154634 0.14488096878180673 0.12351132001909004
0 0.9872866242398007 0.34972925521168746 0.009593254809323427 0.006359088001272539
0 0.9783382101746503 0.35998550254618733 0.0032341274046615355 0.0031613626670909055
0 0.9754860286863046 0.3522093652132782 0.0032341274046615355 0.0031613626670909055
0 0.9210614235141614 0.36768037122059616 0.006413691106992659 0.0047602253341818114
0 0.9066169775978455 0.37878150322250514 0.003234127404661713 0.0031613626670909055
0 0.8953347372164921 0.366417863224096 0.012772818511654193 0.007957950668363623
0 0.76484375 0.31328125 0.4703125 0.4484375
0 0.5953125 0.378125 0.13125 0.309375
0 0.5079141266868715 0.7629848752387316 0.003234127404661713 0.0031613626670909055
0 0.5007638255984124 0.7888388505729134 0.003234127404661713 0.0031613626670909055
0 0.20747761706822465 0.778975691279457 0.003234127404661713 0.0031613626670909055
0 0.26484375 0.8078125 0.5296875 0.384375
0 0.7671875 0.6875 0.465625 0.275
0 0.62265625 0.9078125 0.1859375 0.184375