0 0.35239830241305886 0.2489121285602441 0.0034167312811945296 0.0032887743102595125
0 0.3380650821551495 0.2426654505865115 0.003416731281194707 0.0032887743102595125
0 0.140625 0.02890625 0.28125 0.0578125
0 0.09453125 0.21484375 0.1890625 0.4296875
0 0.58203125 0.3671875 0.2859375 0.125
0 0.53203125 0.05859375 0.1859375 0.1171875
0 0.2428984477957469 0.6528261018751355 0.005125096921791972 0.004933161465389091
0 0.24130503702201872 0.636256077564876 0.0034167312811945296 0.0032887743102595125
0 0.24481571214679726 0.6238789082975705 0.005125096921791972 0.004933161465389269
0 0.2137832990852937 0.6787777702379296 0.0034167312811945296 0.0032887743102595125
0 0.22251301497544826 0.6525428188584487 0.005270962562389414 0.006495661465389269
0 0.19840800831991778 0.692103285841762 0.0034167312811945296 0.0032887743102595125
0 0.21948195881903212 0.6429631009706243 0.003416731281194707 0.0032887743102595125
0 0.21004392574917627 0.6683758587725404 0.008395962562389414 0.0066594357756486035
0 0.19906440370260584 0.6850720358417619 0.0034167312811945296 0.0032887743102595125
0 0.21277335087395494 0.6559577459276701 0.005125096921791972 0.004933161465389091
0 0.1904286316560352 0.701891043643678 0.005125096921791794 0.004933161465389269
0 0.20815878369425356 0.654930834462281 0.003416731281194707 0.0032887743102595125
0 0.21266950727992812 0.6402508587725404 0.003416731281194707 0.0032887743102595125
0 0.20198171651455218 0.6538220358417619 0.0034167312811945296 0.0032887743102595125
0 0.20500287292052538 0.6382789229968917 0.0034167312811945296 0.0032887743102595125
0 0.19429407113186423 0.660484793643678 0.005125096921791972 0.004933161465389269
0 0.20490892907694153 0.6476948665744565 0.02064625332776515 0.021295145861557074
0 0.18660642574917635 0.6671475514455941 0.005125096921791972 0.004933161465389269
0 0.16484375 0.6046875 0.3296875 0.35
0 0.053125 0.74453125 0.10625 0.2640625
0 0.6523205235031619 0.8317534475342938 0.23779657737079285 0.2488004274079058