0 0.1265625 0.115625 0.253125 0.23125
0 0.6255895666106727 0.38718018463559234 0.0032433991701630305 0.0015988626670909057
0 0.6210204657808357 0.3887972286362286 0.0016808991701630304 0.0015806813335455417
0 0.6172918145360803 0.3911864319700923 0.0016808991701630304 0.0015806813335455417
0 0.6127227137062433 0.39280347597072857 0.0016808991701630304 0.0015806813335455417
0 0.6088756632913247 0.39363017930459226 0.0016808991701630304 0.0015806813335455417
0 0.6083428670255911 0.3865989293045923 0.0032433991701630305 0.0015988626670909057
0 0.6050878124614878 0.39523813263845586 0.0016808991701630304 0.001580681333545364
0 0.5989562116316508 0.39687335797263756 0.0016808991701630304 0.0015806813335455417
0 0.59453125 0.39921875 0.0015625 0.0015625
0 0.5883263649509988 0.39074153664068306 0.0016808991701630304 0.0015806813335455417
0 0.5762524174405097 0.3861903966422739 0.009730197510489091 0.004796588001272539
0 0.5373083166106727 0.38820742998090996 0.0016808991701630304 0.0015806813335455417
0 0.5297326149509988 0.39142333664863715 0.0016808991701630304 0.0015806813335455417
0 0.5257671653659173 0.39068753998250083 0.0016808991701630304 0.001580681333545364
0 0.51015625 0.3984375 0.0015625 0.003125
0 0.7515625 0.3109375 0.484375 0.178125
0 0.159375 0.465625 0.31875 0.13125
0 0.03984375 0.9859375 0.0796875 0.028125
0 0.81328125 0.8390625 0.3734375 0.321875