0 0.25390625 0.10703125 0.4921875 0.2140625
0 0.60078125 0.0015625 0.0015625 0.003125
0 0.60078125 0.009375 0.0015625 0.003125
0 0.60078125 0.01484375 0.0015625 0.0015625
0 0.68046875 0.10625 0.1609375 0.2125
0 0.865625 0.053125 0.26875 0.10625
0 0.56796875 0.41484375 0.0640625 0.0734375
0 0.57890625 0.921875 0.0421875 0.15625
0 0.6375 0.77265625 0.075 0.1734375
0 0.64609375 0.50390625 0.0921875 0.1640625
0 0.7473964334436867 0.6195572912372647 0.27391954201316154 0.15730902749150974
0 0.94140625 0.43046875 0.1171875 0.1609375