0 0.34058907572954455 0.2586993308914477 0.0016535052616717394 0.0016079641066227169
0 0.23515625 0.26015625 0.4703125 0.3984375
0 0.8285910627165392 0.3409986685133199 0.0016535052616717394 0.0016079641066227169
0 0.818927636379945 0.36255541976696115 0.001653505261671917 0.0016079641066227169
0 0.5550023732963526 0.276883378067596 0.0016535052616717394 0.0016079641066227169
0 0.69453125 0.3328125 0.3296875 0.30625
0 0.9946611966774098 0.7773346367765777 0.0016535052616717394 0.0016079641066227169
0 0.9918701256448399 0.756195422669955 0.005233531570031147 0.00951139231986815
0 0.9910811703690505 0.7694312085633322 0.005233531570031147 0.00951139231986815
0 0.8578125 0.74140625 0.284375 0.2453125
0 0.58828125 0.93359375 0.1171875 0.1328125
0 0.59609375 0.68203125 0.1328125 0.2046875
0 0.53359375 0.584375 0.0078125 0.009375