0 0.00078125 0.159375 0.0015625 0.003125
0 0.00078125 0.15625 0.0015625 0.003125
0 0.2296875 0.18515625 0.459375 0.3703125
0 0.56015625 0.47578125 0.1890625 0.1078125
0 0.93828125 0.44921875 0.1234375 0.1609375
0 0.0640625 0.53046875 0.003125 0.0015625
0 0.0703125 0.53046875 0.003125 0.0015625
0 0.06953125 0.53046875 0.0046875 0.0015625
0 0.08779748562638963 0.5342603287498106 0.0033984020735184474 0.003143180718159222
0 0.08359375 0.53046875 0.0046875 0.0015625
0 0.09971172525879712 0.5498080606976338 0.0033984020735184474 0.003143180718159222
0 0.0890625 0.53046875 0.003125 0.0015625
0 0.09296875 0.53125 0.0078125 0.003125
0 0.0994772794058341 0.5435626058771736 0.003398402073518536 0.003143180718159222
0 0.09375 0.53046875 0.003125 0.0015625
0 0.10493646748310263 0.5614904492613153 0.0033984020735184474 0.003143180718159222
0 0.0984375 0.53046875 0.003125 0.0015625
0 0.096875 0.53046875 0.003125 0.0015625
0 0.1046875 0.53046875 0.003125 0.0015625
0 0.10625 0.53046875 0.003125 0.0015625
0 0.1109375 0.53046875 0.003125 0.0015625
0 0.10390625 0.534375 0.0203125 0.009375
0 0.1171875 0.53046875 0.003125 0.0015625
0 0.234375 0.63984375 0.45 0.2203125
0 0.88984375 0.709375 0.2203125 0.3125