0 0.2392837437799636 0.2535787856186785 0.0016443871551297562 0.0016443871551297562
0 0.2287180580043148 0.24629855212702195 0.0016443871551297562 0.0016443871551297562
0 0.20703125 0.2234375 0.4140625 0.290625
0 0.80234375 0.10546875 0.3953125 0.2109375
0 0.3452261273170487 0.6990417718238687 0.0032887743102595125 0.0032887743102595125
0 0.340003038782438 0.7040158768668228 0.0016443871551297562 0.0016443871551297562
0 0.3015625 0.6515625 0.315625 0.41875
0 0.00078125 0.68125 0.0015625 0.003125
0 0.00078125 0.678125 0.0015625 0.00625
0 0.09375 0.6328125 0.1875 0.25
0 0.71875 0.57109375 0.51875 0.4046875