0 0.1958642638544453 0.3822968111886131 0.00509760311027776 0.004714771077238921
0 0.19009271748310272 0.3768644226249315 0.003398402073518625 0.003143180718159222
0 0.24375 0.3765625 0.4875 0.425
0 0.22628980645611127 0.016680901547692716 0.00509760311027776 0.0047147710772388555
0 0.22931706163990748 0.008854766009073289 0.00666010311027776 0.0047238614363184885
0 0.2360455152685649 0.0033496545727548233 0.00509760311027776 0.0047147710772388555
0 0.27421875 0.10625 0.2921875 0.2125
0 0.11015625 0.33203125 0.2203125 0.5140625
0 0.6203125 0.17734375 0.221875 0.3546875
0 0.4533739674831027 0.7162041785768599 0.003398402073518625 0.003143180718159222
0 0.4522215705933805 0.7115257689359396 0.003398402073518625 0.003143180718159222
0 0.40638209882143606 0.744588253810629 0.1553887119699997 0.16956813231716553
0 0.10078125 0.6109375 0.1078125 0.04375
0 0.7796875 0.72578125 0.378125 0.2734375