0 0.34700118985787903 0.6296250578692966 0.0016626295496493526 0.0016261669961942006
0 0.3309732765319288 0.5130450529263808 0.3182631508305656 0.3215353962731287
0 0.5052558898855656 0.20134750205152843 0.0016626295496493526 0.0016261669961943781
0 0.5093623989848644 0.19838166954201436 0.0032251295496493527 0.0016898339923887562
0 0.5176452683554809 0.17913692102488915 0.005088018198597411 0.006441000988583134
0 0.5121264535806562 0.17969533653820885 0.0033252590992987052 0.0032523339923887563
0 0.40703125 0.13671875 0.2640625 0.2734375
0 0.09375 0.1703125 0.1875 0.340625
0 0.6984375 0.49375 0.31875 0.384375
0 0.06583603717238695 0.9782575815581118 0.0033252590992987052 0.0032523339923887563
0 0.06863037014580886 0.9713218320524035 0.0016626295496493526 0.0016261669961945557
0 0.12578125 0.89609375 0.2515625 0.2078125
0 0.00078125 0.68984375 0.0015625 0.0015625
0 0.06484375 0.7875 0.1296875 0.196875
0 0.36640625 0.84453125 0.3453125 0.3109375