0 0.08828125 0.58203125 0.1765625 0.4359375
0 0.33203125 0.51875 0.0359375 0.21875
0 0.26640625 0.08984375 0.1671875 0.1796875
0 0.35078125 0.5359375 0.0015625 0.003125
0 0.6293631031567605 0.532963089952673 0.2810516762490735 0.27162565254479176
0 0.4265625 0.40390625 0.153125 0.3828125
0 0.8513712615453709 0.2143728248506937 0.0018359020735182695 0.003161367591180486
0 0.45234375 0.07578125 0.2046875 0.1515625
0 0.87734375 0.12890625 0.2453125 0.2578125
0 0.2953125 0.9 0.109375 0.2
0 0.56640625 0.85078125 0.2453125 0.1015625