0 0.004538409118917963 0.35517043131591725 0.0032433991701630305 0.001744510523343834
0 0.09296875 0.3609375 0.1859375 0.3125
0 0.571875 0.36640625 0.05625 0.2015625
0 0.70078125 0.13515625 0.2015625 0.2703125
0 0.11922879376693389 0.7360032023626047 0.001799298340326061 0.0032160052616718284
0 0.1281660858834826 0.721614478670964 0.007078794191141213 0.011301521046687402
0 0.27421875 0.784375 0.5484375 0.43125
0 0.6076499084942181 0.9233190047675617 0.001799298340326061 0.0032160052616717395
0 0.6087863560047071 0.9186770073983975 0.001799298340326061 0.0032160052616717395
0 0.63671875 0.9171875 0.0734375 0.165625
0 0.62578125 0.58046875 0.0515625 0.0234375