0 0.09765625 0.10703125 0.1953125 0.2140625
0 0.8442339210068868 0.1521412292168245 0.0032705492142117267 0.0032159282132454337
0 0.8377292098820164 0.14685433564331518 0.0032705492142117267 0.0032159282132454337
0 0.83046875 0.20390625 0.3390625 0.4078125
0 0.83125 0.00078125 0.003125 0.0015625
0 0.834375 0.00078125 0.00625 0.0015625
0 0.83984375 0.00078125 0.0046875 0.0015625
0 0.87421875 0.0671875 0.2515625 0.134375
0 0.58203125 0.23984375 0.2265625 0.4796875
0 0.3328125 0.93125 0.271875 0.1375
0 0.375 0.56015625 0.1875 0.1609375
0 0.078125 0.6546875 0.15625 0.278125
0 0.86328125 0.84921875 0.2734375 0.2265625