0 0.021875 0.54453125 0.04375 0.1890625
0 0.06863971907609709 0.20332393734633417 0.0032525457576345397 0.0017080492142117266
0 0.07476217331846255 0.20459533891791076 0.0032525457576345397 0.0017080492142117266
0 0.1734375 0.13125 0.346875 0.246875
0 0.4890625 0.0765625 0.259375 0.153125
0 0.53046875 0.51328125 0.1765625 0.2109375
0 0.809375 0.37734375 0.38125 0.4828125
0 0.23671875 0.71640625 0.3265625 0.1546875
0 0.1296875 0.9734375 0.259375 0.053125
0 0.51171875 0.6953125 0.2140625 0.1125
0 0.52421875 0.7078125 0.1890625 0.1375
0 0.61953125 0.89296875 0.0015625 0.0015625
0 0.61953125 0.8953125 0.0015625 0.003125
0 0.809375 0.81953125 0.38125 0.3609375