0 0.56328125 0.48046875 0.1109375 0.2671875
0 0.29375 0.525 0.246875 0.209375
0 0.32890625 0.0921875 0.3140625 0.184375
0 0.61953125 0.29140625 0.0015625 0.0046875
0 0.61953125 0.2890625 0.0015625 0.003125
0 0.6625 0.34453125 0.0875 0.1578125
0 0.6328125 0.36484375 0.028125 0.1046875
0 0.47835178756616054 0.751133617255506 0.20358920950527093 0.2167825804577169
0 0.1515625 0.73359375 0.228125 0.2078125
0 0.06171875 0.85625 0.1234375 0.2875
0 0.94140625 0.76484375 0.1171875 0.2703125
0 0.7114706240671884 0.7812542619041695 0.0032523339923887563 0.0033435212873234475
0 0.75 0.82578125 0.2625 0.3484375
0 0.74453125 0.65234375 0.1859375 0.0453125