0 0.3097754728883248 0.4945618144702829 0.003188666996194378 0.0017627590992987051
0 0.314494806386422 0.4950426758213348 0.003188666996194378 0.0017627590992987051
0 0.30625 0.02421875 0.146875 0.0484375
0 0.5875 0.49140625 0.346875 0.1171875
0 0.52890625 0.2265625 0.2984375 0.453125
0 0.7635305311775511 0.3050697154577319 0.17498936562705047 0.1639389913621267
0 0.73828125 0.05390625 0.2390625 0.1078125
0 0.9857544051703773 0.08795685688445709 0.0032523339923891115 0.0033252590992986163
0 0.9265625 0.08984375 0.146875 0.1796875
0 0.0328125 0.88671875 0.065625 0.1640625
0 0.0375 0.59375 0.075 0.0875
0 0.05625 0.6078125 0.1125 0.115625
0 0.275 0.59765625 0.146875 0.0953125
0 0.51328125 0.93671875 0.2671875 0.1265625
0 0.85703125 0.65546875 0.2546875 0.2109375