0 0.30371471998347255 0.20554999915158545 0.0015988675911806638 0.0016808991701630304
0 0.0515625 0.09453125 0.103125 0.1890625
0 0.3174343407087852 0.3242524549604443 0.36635757750666686 0.3272318091374956
0 0.02890625 0.446875 0.0578125 0.175
0 0.065625 0.5078125 0.13125 0.190625
0 0.04609375 0.60390625 0.0921875 0.1296875
0 0.846875 0.04296875 0.196875 0.0859375
0 0.59453125 0.05546875 0.1515625 0.1109375
0 0.571875 0.06015625 0.10625 0.1203125
0 0.56953125 0.35078125 0.1015625 0.1765625
0 0.93671875 0.834375 0.1265625 0.33125