0 0.17591768151447953 0.3403525147130454 0.34582687195958356 0.3183024294066943
0 0.040625 0.11484375 0.08125 0.1984375
0 0.6890937480032298 0.44755962364711993 0.0031977351823611498 0.003380091515269079
0 0.67421875 0.47734375 0.1484375 0.1640625
0 0.70625 0.05078125 0.2125 0.1015625
0 0.3078125 0.9171875 0.26875 0.165625
0 0.3 0.6171875 0.2125 0.115625
0 0.05234375 0.846875 0.1046875 0.13125
0 0.1 0.6421875 0.2 0.165625
0 0.90390625 0.6375 0.1921875 0.15625
0 0.8658900245043755 0.7677919885002483 0.1664627610179167 0.1165173045516262
0 0.65390625 0.646875 0.1078125 0.1625