0 0.35228769740679294 0.2820003607574504 0.0016626295496493526 0.0015806813335454528
0 0.059375 0.32734375 0.11875 0.2359375
0 0.3780584554263574 0.3065009214274047 0.36227396668512435 0.29306239337999784
0 0.24403841301218324 0.5906657414067239 0.0032251295496493527 0.0015988626670909057
0 0.228125 0.56015625 0.14375 0.0796875
0 0.9453125 0.11875 0.109375 0.2375
0 0.74453125 0.39921875 0.1890625 0.3046875
0 0.91484375 0.540625 0.1703125 0.11875
0 0.20234375 0.68515625 0.4046875 0.1703125
0 0.3140625 0.87265625 0.41875 0.2546875
0 0.65078125 0.60078125 0.0015625 0.0015625
0 0.65078125 0.60078125 0.0015625 0.0015625
0 0.6546875 0.60390625 0.009375 0.0078125
0 0.75703125 0.7453125 0.2140625 0.290625
0 0.9 0.89296875 0.2 0.2140625