0 0.47890625 0.39453125 0.0421875 0.1328125
0 0.1046875 0.034375 0.13125 0.06875
0 0.028125 0.30546875 0.05625 0.0859375
0 0.6222905521134268 0.38979337058404917 0.001571590359079522 0.0015806813335455417
0 0.6045404916121848 0.21813654658659462 0.003134090359079522 0.0015988626670909057
0 0.5747615671405415 0.36847290125718535 0.003143180718159222 0.003161362667090728
0 0.5803171964326449 0.2191996072565489 0.007839771077238922 0.004778406667727353
0 0.5552984948336386 0.3569814179265034 0.006277271077238922 0.0047602253341818114
0 0.5709512867917246 0.21774619525782163 0.003143180718159222 0.0031613626670909055
0 0.5351314405789125 0.3322177752625942 0.003143180718159222 0.0031613626670909055
0 0.5963007447354427 0.2916649532543218 0.16497153590796182 0.15815904002227174
0 0.5058752117543472 0.3927103799331849 0.001571590359079522 0.0015806813335455417
0 0.5104359676080797 0.28016492659932124 0.003134090359079522 0.0015988626670909057
0 0.50078125 0.36171875 0.0015625 0.0015625
0 0.54453125 0.10625 0.0890625 0.134375
0 0.54765625 0.31875 0.0953125 0.146875
0 0.42552463642238225 0.5887592239417755 0.001571590359079522 0.0015806813335455417
0 0.22421875 0.5703125 0.2609375 0.103125
0 0.15051048000291567 0.728668797979001 0.25245335518980255 0.15605219470081658
0 0.77421875 0.8484375 0.2953125 0.303125
0 0.55 0.83203125 0.1 0.2515625