0 0.10667233441327344 0.009274259949622676 0.0015897735389502898 0.0016443871551297562
0 0.09502176826064926 0.01256635628614955 0.00315227353895029 0.0017262743102595124
0 0.15356097118274858 0.012512124603515229 0.0015897735389502898 0.0016443871551297562
0 0.12865642856907478 0.01667068012143922 0.0031795470779007575 0.0032887743102595125
0 0.17162517856907478 0.01892257688750738 0.0015897735389502898 0.0016443871551297562
0 0.12252915949435135 0.023374381500920194 0.0015897735389502898 0.0016443871551297562
0 0.14746097564697544 0.020778325982996247 0.003234094155801337 0.006413774310259512
0 0.1654160888775003 0.020938778266988402 0.0015897735389502898 0.0016443871551297562
0 0.13659165949435134 0.024111365897088 0.0031795470779007575 0.0032887743102595125
0 0.1833848388775003 0.02188048055098051 0.0031795470779006686 0.0032887743102595125
0 0.1366734801112023 0.028798865897088 0.0015897735389502898 0.0016443871551297562
0 0.12344677718910306 0.031227825078485073 0.0015897735389502898 0.0016443871551297562
0 0.1391126874975285 0.03439044662978259 0.0015897735389502898 0.0016443871551297562
0 0.1259268948838547 0.039163155811179705 0.0015897735389502898 0.0016443871551297562
0 0.14854223457542926 0.03800676956056113 0.00315227353895029 0.0017262743102595124
0 0.1336575742670037 0.03488509158682849 0.017432961850553052 0.014963258706427318
0 0.15797178165332992 0.04162309249133962 0.00315227353895029 0.0017262743102595124
0 0.1484375 0.1796875 0.296875 0.359375
0 0.66484375 0.1796875 0.1921875 0.359375
0 0.11875 0.665625 0.2375 0.496875
0 0.3546875 0.91484375 0.315625 0.1703125
0 0.8321122597359374 0.8041241717536962 0.12514782467404081 0.19388719810012062
0 0.62109375 0.921875 0.1046875 0.15625