0 0.44140625 0.15032919370217046 0.003125 0.0015806807181592219
0 0.40234375 0.19274395267916092 0.140625 0.10706813231716553
0 0.959375 0.10948147990471976 0.003125 0.0015806807181592219
0 0.90625 0.2918218021134268 0.003125 0.0015806807181592219
0 0.90390625 0.12308543765204619 0.003125 0.0031431807181593998
0 0.8796875 0.2865075882177803 0.009375 0.003179542154477666
0 0.8796875 0.1318200882177803 0.00625 0.0031613614363184437
0 0.86953125 0.2865666755517978 0.003125 0.003143180718159222
0 0.85390625 0.156188829142594 0.003125 0.003143180718159222
0 0.91171875 0.21053998585664813 0.1671875 0.15878516842151918
0 0.834375 0.08520870863108918 0.003125 0.0015806807181592219
0 0.81640625 0.20875074776050484 0.003125 0.0015806807181592219
0 0.7125 0.10388650663929937 0.003125 0.0015806807181592219
0 0.7109375 0.10077059699837898 0.003125 0.0015806807181592219
0 0.70625 0.09923536807561781 0.003125 0.0015806807181593997
0 0.68515625 0.3806080879231927 0.1859375 0.1292067527304745
0 0.6375 0.13557284387512106 0.1953125 0.14019879488495218
0 0.46640625 0.9355576456939602 0.003125 0.0015806807181592219
0 0.3 0.8609375 0.3625 0.278125
0 0.60859375 0.83828125 0.2390625 0.2234375