0 0.07734375 0.1546875 0.1546875 0.1625
0 0.02890625 0.040625 0.0578125 0.08125
0 0.85625 0.28515625 0.2875 0.2671875
0 0.66328125 0.1984375 0.0671875 0.146875
0 0.04453125 0.546875 0.0890625 0.1625
0 0.02890625 0.459375 0.0578125 0.08125
0 0.7940967116658472 0.7420921555811961 0.0016079641066227169 0.0016079641066227169
0 0.7894319437191586 0.7411745132613282 0.0016079641066227169 0.0016079641066227169
0 0.76875 0.65625 0.278125 0.19375
0 0.7109375 0.4859375 0.1625 0.134375
0 0.6765625 0.903125 0.09375 0.171875