0 0.4390625 0.3375 0.003125 0.003125
0 0.44375 0.33828125 0.003125 0.0015625
0 0.69453125 0.215625 0.0890625 0.246875
0 0.79609375 0.05078125 0.1140625 0.1015625
0 0.15802385319429244 0.8068355375431565 0.0031704641066227167 0.001799298340326061
0 0.12890625 0.4046875 0.2578125 0.13125
0 0.2734375 0.83046875 0.29375 0.3390625
0 0.5316565476383668 0.45034228089517203 0.17648359514371953 0.11782980788809568
0 0.548735084389674 0.6135284425128896 0.18138169530200407 0.17900410622842172
0 0.6859375 0.85703125 0.10625 0.0890625
0 0.69921875 0.415625 0.0796875 0.153125
0 0.79296875 0.77109375 0.1078125 0.2828125
0 0.9625 0.90390625 0.075 0.1921875
0 0.86953125 0.509375 0.2609375 0.340625