0 0.7050582780064725 0.1748352731128259 0.21681712743398443 0.1702802208490432
0 0.9078125 0.0671875 0.184375 0.134375
0 0.00078125 0.72265625 0.0015625 0.0015625
0 0.065625 0.43046875 0.13125 0.0828125
0 0.08046875 0.75078125 0.1609375 0.3890625
0 0.25933667492221735 0.6199657625894822 0.0031795470779005797 0.003307010523343834
0 0.3018378206201463 0.6044541546546223 0.23222393912238157 0.15869027346576167
0 0.56328125 0.453125 0.2890625 0.128125
0 0.60078125 0.725 0.3640625 0.365625
0 0.86640625 0.453125 0.2671875 0.128125
0 0.971875 0.91640625 0.05625 0.1671875