0 0.28359375 0.3941484091638971 0.0015625 0.0032251295496493527
0 0.28359375 0.37696090916389713 0.0015625 0.0032251295496493527
0 0.03359375 0.08203125 0.0671875 0.1640625
0 0.43125 0.07734375 0.315625 0.1546875
0 0.92578125 0.5015625 0.1484375 0.115625
0 0.67734375 0.37421875 0.1765625 0.2921875
0 0.8796875 0.15440028455149327 0.09375 0.1778827729789592
0 0.7171875 0.11872000771502264 0.159375 0.18052571406423076
0 0.60703125 0.03203125 0.0359375 0.0640625
0 0.9296875 0.04453125 0.140625 0.0890625
0 0.17578125 0.56015625 0.0015625 0.0015625
0 0.2703125 0.6359375 0.23125 0.153125
0 0.8546875 0.9359375 0.153125 0.128125
0 0.62265625 0.609375 0.0671875 0.1
0 0.79921875 0.63984375 0.2265625 0.1609375
0 0.83203125 0.58828125 0.1359375 0.0578125