0 0.2265625 0.0203125 0.096875 0.040625
0 0.2983412492340329 0.34134213647776124 0.259051232262828 0.17864505766563052
0 0.08515625 0.07265625 0.1703125 0.1265625
0 0.884375 0.50546875 0.23125 0.1484375
0 0.5961953632059785 0.5405708525565632 0.0016626295496493526 0.0016443871551297562
0 0.5844963996031731 0.5287259497976013 0.0016626295496493526 0.0016443871551297562
0 0.62890625 0.46328125 0.2640625 0.2328125
0 0.56875 0.17734375 0.159375 0.2234375
0 0.5375 0.4875 0.096875 0.184375
0 0.05546875 0.709375 0.1109375 0.240625
0 0.7765625 0.65859375 0.321875 0.1578125
0 0.86640625 0.9109375 0.2578125 0.178125
0 0.56171875 0.63828125 0.1453125 0.1171875
0 0.546875 0.6828125 0.115625 0.16875
0 0.60234375 0.93125 0.2265625 0.1375