0 0.10234375 0.00078125 0.0046875 0.0015625
0 0.2109375 0.00078125 0.00625 0.0015625
0 0.1828125 0.20703125 0.334375 0.4140625
0 0.6392526038917387 0.45484828604555894 0.0031795470779005797 0.003380091515269079
0 0.6437764626580367 0.4450906487726553 0.0031795470779007575 0.003380091515269079
0 0.674576449265356 0.4167584836199646 0.004769320616851047 0.005070137272903707
0 0.6800861095737816 0.41865582346824376 0.0031795470779005797 0.003380091515269079
0 0.6926952037295828 0.42388545740716743 0.0031795470779005797 0.003380091515269079
0 0.6966150904990581 0.42434784301308115 0.0031795470779007575 0.003380091515269079
0 0.7068667978853843 0.4289875455884567 0.0031795470779007575 0.003380091515269079
0 0.7210383920411857 0.43408963376974585 0.0031795470779005797 0.003380091515269079
0 0.7328525994275118 0.43860179058748683 0.0031795470779005797 0.003380091515269079
0 0.7470378303527884 0.444485128768776 0.0031795470779005797 0.0033800915152689013
0 0.7580571509696394 0.4482798084653343 0.00630454707790058 0.003635183030538158
0 0.7706662451254408 0.45350944240425795 0.009456820616851047 0.005452774545807238
0 0.7808088583559656 0.4518991449796335 0.0031795470779005797 0.003380091515269079
0 0.8376725129823482 0.4824637477047903 0.0031795470779005797 0.003380091515269079
0 0.8487054703686745 0.48703967740134846 0.0031795470779005797 0.003380091515269079
0 0.874691271910802 0.49665392240037864 0.0031795470779005797 0.003380091515269079
0 0.8857105925276529 0.500448602096937 0.0031795470779007575 0.003380091515269079
0 0.80625 0.4578125 0.3875 0.1625
0 0.175 0.9 0.35 0.2