0 0.15390625 0.0859375 0.1921875 0.171875
0 0.47409916521591844 0.18490980490955894 0.2842124499572186 0.3157599120893327
0 0.06484375 0.309375 0.1296875 0.28125
0 0.9234375 0.08671875 0.153125 0.1734375
0 0.8546875 0.2984375 0.175 0.303125
0 0.22554388709415596 0.5657323149317082 0.008976893713693724 0.025500647748246764
0 0.22307385855810863 0.5799950740310068 0.0016352746071058633 0.0016626295496493526
0 0.23035981968297917 0.5850132410575849 0.0016352746071058633 0.0016626295496493526
0 0.22592703080784968 0.5907823797065328 0.0017080492142117266 0.0032251295496493527
0 0.23096128721799047 0.6147508058324095 0.0017080492142117266 0.0032251295496493527
0 0.425 0.72265625 0.46875 0.5453125
0 0.88671875 0.559375 0.2265625 0.21875