0 0.425 0.0578125 0.1875 0.115625
0 0.30546875 0.3140625 0.4140625 0.309375
0 0.134375 0.0640625 0.246875 0.128125
0 0.08125 0.1546875 0.1625 0.265625
0 0.02421875 0.0265625 0.0484375 0.053125
0 0.6140625 0.0703125 0.190625 0.140625
0 0.52265625 0.00234375 0.0078125 0.0046875
0 0.21875 0.92421875 0.23125 0.1515625
0 0.35078125 0.659375 0.3359375 0.38125
0 0.3484375 0.55859375 0.340625 0.1796875
0 0.05390625 0.65390625 0.1078125 0.1828125
0 0.7812340326611791 0.9510475809251394 0.0032159282132454337 0.0031977351823609724
0 0.7677027300747543 0.9593322064001046 0.0016079641066227169 0.0015988675911806638
0 0.7611344813283955 0.9701242360353823 0.0032159282132454337 0.0031977351823611498
0 0.7807172071135007 0.9150737133339588 0.0016079641066227169 0.0015988675911806638
0 0.7683392275674719 0.9374572064001047 0.004823892319868151 0.004796602773541636
0 0.7804587943396616 0.8970867795383686 0.0016079641066227169 0.0015988675911806638
0 0.7588505673009152 0.9411452508530214 0.0016079641066227169 0.0015988675911804862
0 0.7712285468469441 0.9187617577868755 0.0063863923198681505 0.0048329703647223
0 0.7756576340731047 0.900883926764827 0.0016079641066227169 0.0015988675911804862
0 0.7631205301538966 0.9287361698309727 0.004823892319867973 0.004796602773541636
0 0.781603757192643 0.884604963333959 0.004823892319868151 0.004796602773541636
0 0.7592824763138306 0.9263015008530214 0.0016079641066227169 0.0015988675911804862
0 0.7526687634608491 0.9386560304882992 0.0016079641066227169 0.0015988675911804862
0 0.754685904527076 0.9230673980794796 0.0016079641066227169 0.0015988675911806638
0 0.7457511737274058 0.9345861263279867 0.0016079641066227169 0.0015988675911806638
0 0.7549814212201233 0.9129111480794798 0.0032159282132454337 0.0031977351823611498
0 0.752987012207208 0.9277185304882991 0.017733069279472248 0.019150043502986058
0 0.7544502238065481 0.9042992142838895 0.0032159282132454337 0.0031977351823609724
0 0.6703125 0.83828125 0.303125 0.3234375
0 0.59140625 0.52890625 0.1453125 0.1203125