0 0.128125 0.34921875 0.25625 0.1609375
0 0.07421875 0.1796875 0.1484375 0.225
0 0.44579624544982976 0.6418055676435854 0.0032433991701630305 0.0016898339923887562
0 0.4411087454498298 0.6419965686321685 0.0032433991701630305 0.0016898339923887562
0 0.42265625 0.5890625 0.0921875 0.109375
0 0.01796875 0.4515625 0.0359375 0.04375
0 0.856943542540756 0.506926548860505 0.0032433991701630305 0.0016898339923887562
0 0.851356393370593 0.5055868833471855 0.0032433991701630305 0.0016898339923887562
0 0.8449879942004299 0.5042790513319629 0.0032433991701630305 0.0016898339923887562
0 0.8322511958601039 0.501663387301518 0.0032433991701630305 0.0016898339923887562
0 0.70390625 0.69921875 0.4703125 0.4765625