0 0.00078125 0.08125 0.0015625 0.00625
0 0.003125 0.003125 0.00625 0.00625
0 0.11796875 0.15078125 0.2359375 0.3015625
0 0.8106791299331849 0.15784696622265598 0.003161362667090728 0.0033070105233436566
0 0.8130774239338212 0.1530229583301482 0.0031613626670909055 0.0033070105233436566
0 0.8525030032622759 0.1866398241575161 0.148838584022908 0.1773044945971538
0 0.06328125 0.6390625 0.1265625 0.3
0 0.3703125 0.76875 0.3375 0.36875
0 0.26417903664068304 0.5288665795603622 0.004796588001272539 0.009648015785015573
0 0.27578125 0.49140625 0.0046875 0.0046875
0 0.30703125 0.54921875 0.1390625 0.1203125