0 0.1921875 0.00078125 0.009375 0.0015625
0 0.2046875 0.00078125 0.009375 0.0015625
0 0.18671875 0.103125 0.2671875 0.20625
0 0.42265625 0.30859375 0.1140625 0.2328125
0 0.19939138548522733 0.42879830968992094 0.24215477546389116 0.26265589605020345
0 0.8445460650126078 0.24282003933185523 0.0016900457576344507 0.0016626295496493526
0 0.74296875 0.36171875 0.4921875 0.4140625
0 0.3445620404668006 0.5882779434016234 0.0016900457576345396 0.0016626295496493526
0 0.31875 0.75078125 0.321875 0.3640625
0 0.6657993116786279 0.7600947817737161 0.0016900457576344507 0.0016626295496493526
0 0.6883758133456179 0.7672867180786256 0.0016900457576344507 0.0016626295496493526
0 0.70234375 0.86796875 0.3453125 0.2640625