0 0.07890625 0.2453125 0.1578125 0.490625
0 0.32578125 0.199383476887174 0.1546875 0.20744702090551304
0 0.34609375 0.4421875 0.2109375 0.115625
0 0.77890625 0.02410348485026894 0.003125 0.0033070105233436566
0 0.63828125 0.18203125 0.0984375 0.2890625
0 0.8046875 0.115625 0.390625 0.23125
0 0.67421875 0.38645083738228286 0.0046875 0.004960515785015574
0 0.66484375 0.403125 0.1515625 0.19375
0 0.1875 0.8202776187405524 0.003125 0.003307010523343834
0 0.19296875 0.8363653503247009 0.003125 0.0033070105233436566
0 0.73203125 0.596875 0.2859375 0.19375
0 0.96875 0.63046875 0.0625 0.2609375
0 0.75546875 0.9609375 0.2046875 0.078125