0 0.15625 0.47578125 0.3125 0.3171875
0 0.45078125 0.2359375 0.0015625 0.003125
0 0.578525159982543 0.3384436842459623 0.003380091515269079 0.0032705492142117267
0 0.45078125 0.29296875 0.0015625 0.0046875
0 0.5641119736180249 0.3624633811028091 0.006887728788172609 0.008103598428423453
0 0.45078125 0.3171875 0.0015625 0.00625
0 0.5593766761934005 0.37280156762057376 0.005070137272903707 0.00490582382131759
0 0.45078125 0.34921875 0.0015625 0.0046875
0 0.53203125 0.30859375 0.1640625 0.2140625
0 0.45078125 0.35 0.0015625 0.003125
0 0.4659934669500652 0.40127763213626644 0.003380091515269079 0.0032705492142117267
0 0.45078125 0.4703125 0.0015625 0.003125
0 0.45078125 0.4703125 0.0015625 0.003125
0 0.45078125 0.47421875 0.0015625 0.0046875
0 0.56953125 0.55703125 0.1953125 0.1859375
0 0.5015625 0.5421875 0.103125 0.215625
0 0.36315512255985816 0.7381033899941493 0.003380091515269079 0.0032705492142117267
0 0.3796875 0.7859375 0.140625 0.171875