0 0.22734375 0.0796875 0.3765625 0.159375
0 0.32321548128572974 0.12406412342663922 0.0015988675911806638 0.0016808991701630304
0 0.2796875 0.15625 0.3375 0.3125
0 0.078125 0.21875 0.15625 0.421875
0 0.97502471589941 0.049471478205168395 0.0015988675911806638 0.0016808991701630304
0 0.975152002468542 0.0549402282051684 0.0015988675911806638 0.0016808991701630304
0 0.903125 0.15 0.19375 0.3
0 0.7515625 0.371875 0.2625 0.115625
0 0.159375 0.4765625 0.15625 0.09375
0 0.27410256800736155 0.7947131232261466 0.22863937195958356 0.30743768216314926
0 0.63671875 0.69296875 0.0953125 0.2265625
0 0.8580586874984032 0.7222997912681342 0.0015988675911804862 0.0016808991701630304
0 0.8499740837749311 0.7448259867040308 0.0015988675911804862 0.0016808991701630304
0 0.9203125 0.76953125 0.159375 0.2640625