0 0.2296875 0.2078125 0.425 0.34375
0 0.50078125 0.1546875 0.0015625 0.009375
0 0.50078125 0.1625 0.0015625 0.00625
0 0.50390625 0.18125 0.0078125 0.009375
0 0.50234375 0.19453125 0.0046875 0.0046875
0 0.50078125 0.20234375 0.0015625 0.0015625
0 0.50078125 0.19453125 0.0015625 0.0015625
0 0.5015625 0.2015625 0.003125 0.00625
0 0.50078125 0.21015625 0.0015625 0.0015625
0 0.503125 0.19609375 0.00625 0.0078125
0 0.65546875 0.159375 0.3109375 0.31875
0 0.88359375 0.13125 0.2328125 0.2625
0 0.04129274562725001 0.8618449732654204 0.0032525457576345397 0.0015806807181592219
0 0.25 0.7359375 0.5 0.528125
0 0.5829218783582257 0.9206528675846386 0.0032525457576345397 0.0015806807181592219
0 0.586541214872525 0.8979648013278598 0.005452774545807238 0.009402271077238922
0 0.588534149570053 0.9128040061483201 0.005452774545807238 0.009402271077238922
0 0.69765625 0.87265625 0.3953125 0.2546875