0 0.10078125 0.06875 0.2015625 0.1375
0 0.69453125 0.246875 0.6109375 0.3
0 0.04296875 0.89140625 0.0859375 0.1828125
0 0.07734375 0.4671875 0.1546875 0.096875
0 0.11505478717238696 0.5560754699126104 0.17700019586563354 0.1579896594086268
0 0.35 0.48984375 0.078125 0.1421875
0 0.34375 0.703125 0.090625 0.221875
0 0.8950948496308598 0.5464864873970807 0.0032251295496493527 0.0016534282132453447
0 0.906102200802879 0.5335007540901281 0.0033252590992987052 0.003215928213245345
0 0.9141650246770023 0.5298218246232416 0.0065503886489480575 0.00486935642649069
0 0.9224979588224436 0.5097139131030436 0.0032251295496493527 0.0016534282132453447
0 0.9214465985511255 0.5261201631030435 0.0033252590992987052 0.003215928213245345
0 0.9281669679217421 0.506748037476223 0.0033252590992987052 0.003215928213245345
0 0.9294593576504242 0.523222483636157 0.0032251295496493527 0.0016534282132453447
0 0.975492550895164 0.5010807106749035 0.00977551819859741 0.006522784639736124
0 0.9922492543189367 0.4960893337944416 0.0032251295496493527 0.0016534282132453447
0 0.8578125 0.58125 0.284375 0.325