0 0.00078125 0.53828125 0.0015625 0.0015625
0 0.00078125 0.50390625 0.0015625 0.0015625
0 0.00078125 0.39609375 0.0015625 0.0015625
0 0.00078125 0.46640625 0.0015625 0.0015625
0 0.00078125 0.45390625 0.0015625 0.0015625
0 0.00078125 0.44921875 0.0015625 0.0015625
0 0.05625 0.11953125 0.1125 0.1984375
0 0.12734375 0.4640625 0.2546875 0.23125
0 0.38515625 0.47578125 0.1890625 0.2078125
0 0.73984375 0.24140625 0.5203125 0.4640625
0 0.25078125 0.90234375 0.4578125 0.1953125
0 0.8953125 0.79296875 0.209375 0.4140625