0 0.3610799632082754 0.16027817004436287 0.001571590359079522 0.0015897735389502898
0 0.35249530356735514 0.161690665580136 0.001571590359079522 0.0015897735389502898
0 0.3229305234149299 0.1822662183400796 0.003134090359079522 0.0016170470779005796
0 0.32295779449216877 0.1869537183400795 0.0015806807181592219 0.00315227353895029
0 0.32537426736480574 0.19949462864850503 0.001571590359079522 0.0015897735389502898
0 0.3253969932625047 0.20340087864850503 0.001571590359079522 0.0015897735389502898
0 0.3270140354169824 0.21280315218745544 0.001571590359079522 0.0015897735389504674
0 0.329439598648699 0.22690656249588095 0.0015806807181593997 0.0031522735389504673
0 0.33106118598271655 0.23709008603483123 0.001571590359079522 0.0015897735389502898
0 0.3334912943939729 0.2519747463432568 0.0015806807181592219 0.0031522735389504673
0 0.3351128817279904 0.26215826988220703 0.0015988614363184439 0.0062772735389504675
0 0.33674810460062743 0.2746855434211574 0.001607951795397966 0.00783977353895029
0 0.3344543515755653 0.2832383831127319 0.001571590359079522 0.0015897735389502898
0 0.3511969448615112 0.3413372552717105 0.001571590359079522 0.0015897735389502898
0 0.35282307737506846 0.35230202881066075 0.0015806807181592219 0.0031522735389504673
0 0.3576514779408025 0.37660259942751184 0.0015806807181592219 0.0031522735389504673
0 0.35927306527482 0.3867861229664622 0.001571590359079522 0.0015897735389502898
0 0.38125 0.3796875 0.115625 0.434375
0 0.51953125 0.54921875 0.1609375 0.3390625
0 0.53984375 0.71953125 0.0015625 0.0015625
0 0.565625 0.8 0.209375 0.1625