0 0.35390625 0.0703125 0.2109375 0.140625
0 0.20151941894448133 0.3547402904457238 0.2142595148871962 0.24497283386094856
0 0.7875 0.0921875 0.278125 0.184375
0 0.6498734898703148 0.18066291059576117 0.0017080492142117266 0.0031704641066227167
0 0.6344839303170209 0.1919497515828456 0.0017080492142117266 0.0031704641066227167
0 0.5822343796550671 0.13801475785105186 0.23344616252983136 0.2548934031404208
0 0.5125 0.2171875 0.10625 0.25
0 0.9703125 0.36640625 0.059375 0.2453125
0 0.74453125 0.48671875 0.1203125 0.1046875
0 0.52578125 0.4953125 0.1328125 0.0875
0 0.0484375 0.64609375 0.096875 0.2140625
0 0.4539317512428543 0.6172418859186479 0.0017080492142117266 0.0031704641066227167
0 0.4460464766357484 0.6185770653855345 0.0032705492142117267 0.0032159282132454337
0 0.4405413393321956 0.6191991910123551 0.004833049214211726 0.0032613923198681503
0 0.25036579549466725 0.6879849802709448 0.0017080492142117266 0.0031704641066227167
0 0.24302417638807938 0.711240623844454 0.0017080492142117266 0.0031704641066227167
0 0.34078743424596214 0.7453775946149943 0.23602750702931347 0.27681386724704354
0 0.5203125 0.603125 0.121875 0.128125
0 0.853125 0.6421875 0.29375 0.20625
0 0.55546875 0.784375 0.1921875 0.2375
0 0.9140625 0.8609375 0.171875 0.278125