0 0.225 0.49375 0.409375 0.15
0 0.28671875 0.234375 0.2859375 0.46875
0 0.49375 0.1421875 0.128125 0.278125
0 0.5703125 0.46015625 0.28125 0.2171875
0 0.76328125 0.0703125 0.2640625 0.140625
0 0.2460089534994097 0.74738652176461 0.0032523339923887563 0.003143180718159222
0 0.25391695399370134 0.7449973199692119 0.0016261669961943781 0.001571590359079522
0 0.21484375 0.7765625 0.4296875 0.415625
0 0.3734375 0.9109375 0.1125 0.178125
0 0.265625 0.6890625 0.328125 0.240625
0 0.88515625 0.615625 0.1828125 0.09375