0 0.071875 0.00078125 0.00625 0.0015625
0 0.0421875 0.00078125 0.003125 0.0015625
0 0.20234375 0.00390625 0.0140625 0.0078125
0 0.20078125 0.0859375 0.4015625 0.171875
0 0.00078125 0.4234375 0.0015625 0.00625
0 0.3671875 0.32890625 0.265625 0.2796875
0 0.57265625 0.075 0.1453125 0.15
0 0.7953125 0.09140625 0.25625 0.1828125
0 0.55859375 0.403125 0.1171875 0.13125
0 0.4593129033145832 0.777093789640971 0.0016900457576344507 0.0016808991701630304
0 0.44579253725350687 0.7886465962796667 0.0016900457576344507 0.0016808991701630304
0 0.38125 0.74375 0.2375 0.26875
0 0.09921875 0.853125 0.1984375 0.2625