0 0.3409029792727755 0.1588758695151326 0.0015806813335454528 0.0016443871551297562
0 0.37734375 0.17890625 0.1828125 0.3578125
0 0.7877779792727756 0.3541883695151326 0.0015806813335454528 0.0016443871551297562
0 0.86640625 0.365625 0.2671875 0.375
0 0.07626831460854806 0.8702747942095048 0.00474204400063627 0.004933161465389269
0 0.08022001794241174 0.8665732620973292 0.00474204400063627 0.004933161465389269
0 0.08727853994272987 0.8645980042954132 0.0015806813335455417 0.0016443871551297562
0 0.09201149327659355 0.8609374157608023 0.0015806813335455417 0.0016443871551297562
0 0.09672626527691168 0.8588393272261918 0.001580681333545364 0.0016443871551297562
0 0.10223137794400258 0.8560009322691456 0.0015806813335455417 0.0016443871551297562
0 0.10694614994432072 0.8539028437345351 0.0015806813335455417 0.0016443871551297562
0 0.1116791032781844 0.8502422551999242 0.0015806813335455417 0.0016443871551297562
0 0.11484375 0.9015625 0.2296875 0.196875
0 0.8390625 0.71953125 0.321875 0.2203125