0 0.04765625 0.2296875 0.0953125 0.1375
0 0.9046875 0.084375 0.190625 0.16875
0 0.28359375 0.5875 0.4703125 0.2375
0 0.06015625 0.83203125 0.1203125 0.1640625
0 0.7423140518062492 0.6071746878466637 0.0031795637023308565 0.0016534282132454337
0 0.7376538336574148 0.6080923301665319 0.0016170637023308564 0.0016079641066227169
0 0.7337748655085802 0.6089872404330885 0.0016170637023308564 0.0016079641066227169
0 0.7267708973597455 0.6099730789128907 0.0016170637023308564 0.0016079641066227169
0 0.723673179210911 0.610845257126136 0.0016170637023308564 0.0016079641066227169
0 0.7257441106992568 0.6029645609662019 0.0031795637023308565 0.0016534282132454337
0 0.719766929210911 0.6109589173926927 0.0016170637023308564 0.0016079641066227169
0 0.7135442110620764 0.6119220238191835 0.0016170637023308564 0.0016079641066227169
0 0.7104464929132419 0.6127942020324287 0.0016170637023308564 0.0016079641066227169
0 0.7046503606992568 0.6035783264056082 0.0016170637023308564 0.0016079641066227169
0 0.6995635566155727 0.6146749507787875 0.0016170637023308564 0.0016079641066227169
0 0.6964658384667382 0.6155471289920329 0.0016170637023308564 0.0016079641066227169
0 0.6902158384667382 0.6157289854185237 0.0016170637023308564 0.0016079641066227169
0 0.6943031377410988 0.5984050930986555 0.009538691106992481 0.004960284639735945
0 0.686364152169069 0.6174051456850803 0.0016170637023308564 0.0016079641066227169
0 0.6566121647829408 0.5940274816575999 0.0016170637023308564 0.0016079641066227169
0 0.6488269466341061 0.5950360521907133 0.0016170637023308564 0.0016079641066227169
0 0.6448388510806099 0.59280596245727 0.0016170637023308564 0.0016079641066227169
0 0.6278696058899333 0.5995560676301196 0.0016170637023308564 0.0016079641066227169
0 0.6232093877410987 0.6004737099499875 0.0016170637023308564 0.0016079641066227169
0 0.6193304195922642 0.6013686202165444 0.0016170637023308564 0.0016079641066227169
0 0.6207292284852717 0.5966356561099216 0.003234127404661713 0.0032159282132454337
0 0.6154514514434296 0.602263530483101 0.0016170637023308564 0.0016079641066227169
0 0.6115997651457604 0.6039396907496577 0.0016170637023308564 0.0016079641066227169
0 0.6069122651457605 0.6040760830695258 0.0016170637023308564 0.0016079641066227169
0 0.76953125 0.7046875 0.4609375 0.471875