0 0.6356669320450005 0.21339644165700095 0.0016992010367591348 0.0016443871551297562
0 0.6013985302543059 0.14286925769037445 0.0016992010367593124 0.0016443871551297562
0 0.5961656431665284 0.2737917090698555 0.0016992010367591348 0.0016443871551297562
0 0.5452168807726855 0.14503594527504554 0.003398402073518625 0.0032887743102595125
0 0.5980419185198619 0.3856775554063823 0.0016992010367591348 0.0016443871551297562
0 0.5638323053248155 0.3322559842846261 0.003398402073518625 0.0032887743102595125
0 0.5496235423653248 0.3524423315256641 0.0016992010367591348 0.0016443871551297562
0 0.5481587871815286 0.360295775103229 0.0016992010367591348 0.0016443871551297562
0 0.66796875 0.5484375 0.1421875 0.103125
0 0.44475011465564884 0.324498795229617 0.5349954654103696 0.42620388964152056
0 0.11328125 0.540625 0.2265625 0.11875
0 0.7859375 0.46953125 0.09375 0.1828125
0 0.15 0.67421875 0.3 0.1484375
0 0.28125 0.8 0.5625 0.4
0 0.83203125 0.9203125 0.1859375 0.159375