0 0.121875 0.00078125 0.003125 0.0015625
0 0.18984375 0.1265625 0.3796875 0.253125
0 0.7546875 0.4765625 0.440625 0.325
0 0.24545670650609158 0.6926884338408994 0.0033252590992987052 0.0033252590992987052
0 0.24754893506829187 0.7498198133905487 0.004987888648948058 0.00498788864894788
0 0.250713507862681 0.7747196838408994 0.005088018198597411 0.006550388648947969
0 0.2684412284053167 0.8065308883444061 0.004987888648948058 0.004987888648947969
0 0.3046875 0.75859375 0.15 0.2140625
0 0.194953663630492 0.8104557271779242 0.0033252590992987052 0.0033252590992986163
0 0.311489123994095 0.8539775848283485 0.0033252590992987052 0.0033252590992987052
0 0.18557626850313902 0.9334321522240667 0.0033252590992987052 0.0033252590992987052
0 0.18240120372831442 0.9328511613233654 0.0033252590992987052 0.0033252590992987052
0 0.1795765923772624 0.937738920422664 0.0033252590992987052 0.0033252590992987052
0 0.2 0.9484375 0.2 0.103125
0 0.7796875 0.93359375 0.440625 0.1328125