0 0.25078125 0.45 0.2765625 0.21875
0 0.0296875 0.0390625 0.059375 0.078125
0 0.768103876340789 0.6063827427593594 0.0031977746071058634 0.001598862667090728
0 0.7609441937519658 0.5867787674251776 0.0031977746071058634 0.0015988626670909057
0 0.7598376120727653 0.6133139954248594 0.006468323821317412 0.0047602253341818114
0 0.7588915421803891 0.5930014954248595 0.0031977746071058634 0.001598862667090728
0 0.7587631095915659 0.5734793360916322 0.0032705492142117267 0.0031613626670909055
0 0.7410148374656595 0.611533319422314 0.0032705492142117267 0.003161362667090728
0 0.7366719398230244 0.6021128660884505 0.0032705492142117267 0.0031613626670909055
0 0.590625 0.53359375 0.403125 0.1703125
0 0.453125 0.19296875 0.128125 0.2046875
0 0.36171875 0.85390625 0.0546875 0.1765625
0 0.22578125 0.659375 0.1953125 0.08125
0 0.00078125 0.61953125 0.0015625 0.0015625
0 0.075 0.6828125 0.15 0.128125
0 0.659375 0.69921875 0.2625 0.1609375