0 0.55703125 0.2015625 0.1046875 0.253125
0 0.00078125 0.075 0.0015625 0.003125
0 0.00078125 0.0765625 0.0015625 0.003125
0 0.0640625 0.2 0.128125 0.30625
0 0.16484375 0.465625 0.2296875 0.06875
0 0.821875 0.26171875 0.35625 0.4078125
0 0.2484375 0.50078125 0.003125 0.0015625
0 0.21875 0.50078125 0.003125 0.0015625
0 0.2484375 0.50078125 0.00625 0.0015625
0 0.26328125 0.5015625 0.0078125 0.003125
0 0.2515625 0.50078125 0.00625 0.0015625
0 0.29609375 0.50078125 0.0046875 0.0015625
0 0.25625 0.50078125 0.003125 0.0015625
0 0.24453125 0.50390625 0.0203125 0.0078125
0 0.2625 0.50078125 0.003125 0.0015625
0 0.1859375 0.6265625 0.371875 0.253125
0 0.34453125 0.86328125 0.2546875 0.2734375
0 0.72421875 0.52890625 0.1578125 0.0578125
0 0.6609375 0.55625 0.103125 0.1125
0 0.6953125 0.76796875 0.171875 0.2046875