0 0.304157336434738 0.08359529725544661 0.13300637978345567 0.12464879788366642
0 0.48159304849629664 0.36060485209693693 0.0032159282132454337 0.003380091515269079
0 0.4171875 0.453125 0.14375 0.153125
0 0.846875 0.43359375 0.30625 0.5328125
0 0.48984375 0.70078125 0.0015625 0.0015625
0 0.48984375 0.70078125 0.0015625 0.0015625
0 0.49140625 0.7015625 0.0046875 0.003125
0 0.48984375 0.70078125 0.0015625 0.0015625
0 0.48984375 0.70078125 0.0015625 0.0015625
0 0.48984375 0.70078125 0.0015625 0.0015625
0 0.675 0.81640625 0.371875 0.2328125
0 0.86953125 0.79296875 0.2546875 0.1859375
0 0.94609375 0.7609375 0.1078125 0.121875