0 0.22592257142206112 0.20841757977476366 0.001671627404661713 0.0031795637023308565
0 0.2212623532732266 0.20780002088175623 0.001671627404661713 0.0031795637023308565
0 0.20600937550574513 0.2200371260538993 0.001671627404661713 0.0031795637023308565
0 0.23627225046333616 0.38128216090028966 0.3023760433687288 0.3913442849312084
0 0.92734375 0.06875 0.1453125 0.1375
0 0.60390625 0.228125 0.1703125 0.428125
0 0.85234375 0.51171875 0.2953125 0.5140625
0 0.33203125 0.884375 0.3734375 0.23125
0 0.51953125 0.8515625 0.0015625 0.003125
0 0.5203125 0.85859375 0.003125 0.0078125
0 0.51953125 0.8671875 0.0015625 0.003125
0 0.51953125 0.8765625 0.0015625 0.003125
0 0.5203125 0.92265625 0.003125 0.0109375
0 0.61796875 0.884375 0.1984375 0.23125