0 0.4359375 0.00078125 0.003125 0.0015625
0 0.43828125 0.0546875 0.2453125 0.109375
0 0.25979672885755917 0.370191100396827 0.008140048620519025 0.006750647748246763
0 0.22960129579544386 0.3031945650793665 0.0032887743102595125 0.0033252590992987052
0 0.1453125 0.27109375 0.290625 0.3171875
0 0.70625 0.06328125 0.19375 0.1265625
0 0.71875 0.2890625 0.21875 0.203125
0 0.563289057554089 0.6978979048357352 0.0032887743102595125 0.0033252590992987052
0 0.37548916440606545 0.6317758497785181 0.1388721494796016 0.12413601172019231
0 0.2937390388980389 0.9651705382428959 0.0032887743102595125 0.0033252590992987052
0 0.34296875 0.9578125 0.1640625 0.084375
0 0.03671875 0.484375 0.0734375 0.109375
0 0.0390625 0.96640625 0.078125 0.0671875
0 0.03359375 0.71796875 0.0671875 0.1171875
0 0.63359375 0.528125 0.0484375 0.196875