0 0.16126859540099686 0.21004028006997935 0.19306129869508962 0.223819698759889
0 0.07421875 0.00078125 0.0046875 0.0015625
0 0.1375 0.0703125 0.275 0.140625
0 0.721875 0.1671875 0.325 0.334375
0 0.62421875 0.1578125 0.1296875 0.315625
0 0.61484375 0.0125 0.1109375 0.025
0 0.2671875 0.5328125 0.175 0.128125
0 0.03359375 0.55859375 0.0671875 0.1796875
0 0.6453125 0.915625 0.171875 0.16875
0 0.74921875 0.7875 0.3796875 0.425
0 0.60078125 0.671875 0.0828125 0.190625
0 0.64296875 0.5421875 0.1671875 0.146875
0 0.57734375 0.6171875 0.0359375 0.2375
0 0.63125 0.528125 0.14375 0.11875