0 0.91484375 0.159375 0.1703125 0.31875
0 0.5060607287419583 0.3778007520168124 0.0017262743102595124 0.003234260643661724
0 0.5538298433958507 0.42784431068300266 0.0017262743102595124 0.003234260643661724
0 0.5469214241285454 0.42969638778652486 0.0017262743102595124 0.003234260643661724
0 0.24296875 0.3765625 0.1984375 0.115625
0 0.49296875 0.55859375 0.1515625 0.4796875
0 0.41640625 0.88515625 0.2296875 0.2296875
0 0.5888300424004826 0.70994162663866 0.004933161465389269 0.00501528193098526
0 0.593596107529345 0.7266210282478143 0.0017262743102595124 0.0032342606436618127
0 0.64140625 0.753125 0.1453125 0.340625
0 0.79609375 0.89296875 0.3015625 0.2140625