0 0.10331549742621053 0.25684418636104145 0.0016079641066227169 0.0015988675911804862
0 0.1046875 0.34453125 0.209375 0.2390625
0 0.88046875 0.31015625 0.2390625 0.2703125
0 0.6236640674971056 0.5174153976077079 0.0016079641066227169 0.0015988675911806638
0 0.6214567098169737 0.5221574489944789 0.0016534282132454337 0.003161367591180664
0 0.603002226510021 0.5327501100886455 0.0063409282132454335 0.0032704703647223
0 0.6028203700835302 0.5265001100886455 0.0032159282132454337 0.0031977351823613276
0 0.475 0.484375 0.39375 0.290625
0 0.4625 0.075 0.40625 0.15
0 0.1046875 0.959375 0.209375 0.08125
0 0.865625 0.9328125 0.21875 0.134375
0 0.46171875 0.73671875 0.2609375 0.2140625