0 0.00078125 0.03046875 0.0015625 0.0015625
0 0.00078125 0.07890625 0.0015625 0.0015625
0 0.00078125 0.00078125 0.0015625 0.0015625
0 0.00078125 0.1953125 0.0015625 0.003125
0 0.00078125 0.12890625 0.0015625 0.0015625
0 0.00078125 0.1453125 0.0015625 0.003125
0 0.00078125 0.15078125 0.0015625 0.0015625
0 0.12265625 0.1296875 0.2453125 0.259375
0 0.3717918134515273 0.2455870646786364 0.2858323164887501 0.21161468792335542
0 0.8984375 0.0953125 0.203125 0.190625
0 0.16434233615295088 0.651262691091174 0.003234102773541636 0.0048512743102595126
0 0.18243837272208285 0.6448522388071819 0.003161367591180664 0.0017262743102595124
0 0.22135344272621477 0.7497134791962434 0.31384952013597245 0.2755067695605611
0 0.37421875 0.47734375 0.2890625 0.1765625
0 0.465625 0.7046875 0.10625 0.178125
0 0.56953125 0.7625 0.1015625 0.153125
0 0.571875 0.42109375 0.10625 0.0640625
0 0.8972327970183678 0.46030133989340716 0.1467321424768059 0.13565861827193712
0 0.9375 0.803125 0.125 0.1