0 0.2914430731069029 0.07472147026781303 0.0032159282132454337 0.0031977351823611498
0 0.2896305205204781 0.08327885267663246 0.0016534282132454337 0.003161367591180486
0 0.215625 0.12890625 0.1875 0.2578125
0 0.10078125 0.28125 0.2015625 0.5625
0 0.8383180731069029 0.28722147026781303 0.0032159282132454337 0.0031977351823611498
0 0.8365055205204781 0.29577885267663245 0.0016534282132454337 0.003161367591180486
0 0.834375 0.24921875 0.33125 0.4421875
0 0.94296875 0.49765625 0.1140625 0.1421875
0 0.46953125 0.31484375 0.3203125 0.5078125
0 0.09933814113273379 0.8235018495425004 0.0016534282132454337 0.003161367591180486
0 0.11085230265293174 0.8308058564763545 0.0016534282132454337 0.003161367591180486
0 0.1546875 0.84609375 0.309375 0.3078125
0 0.95625 0.8125 0.0875 0.15625
0 0.5699127170761236 0.8595283088893059 0.24558058762187224 0.1759131090418057