0 0.32421875 0.00078125 0.0078125 0.0015625
0 0.215625 0.003125 0.009375 0.00625
0 0.1625 0.059375 0.325 0.11875
0 0.5946669158591122 0.1886674140939874 0.0016717606436618127 0.0016079641066227169
0 0.47578125 0.2796875 0.2921875 0.396875
0 0.6909016855569519 0.8238463961472988 0.0033435212873236253 0.0032159282132454337
0 0.6872685871661062 0.8278663064138554 0.0033435212873236253 0.0032159282132454337
0 0.6829634994189224 0.8334714487337236 0.0016717606436618127 0.0016079641066227169
0 0.6793304010280767 0.8374913590002802 0.0016717606436618127 0.0016079641066227169
0 0.6757519329590618 0.8422925192668369 0.0016717606436618127 0.0016079641066227169
0 0.6721188345682162 0.8463124295333936 0.0016717606436618127 0.0016079641066227169
0 0.6685403664992015 0.8511135897999503 0.0016717606436618127 0.0016079641066227169
0 0.6656885181083558 0.8551107680131956 0.0016717606436618127 0.0016079641066227169
0 0.6417486375344233 0.7814375872926679 0.21558071337743775 0.18403533386094856