0 0.63125 0.31640625 0.2375 0.1265625
0 0.40234375 0.08671875 0.6953125 0.1734375
0 0.875 0.18984375 0.25 0.3796875
0 0.11623661617717662 0.5502244299864223 0.0032433991701630305 0.001817591515269079
0 0.07734375 0.95859375 0.1546875 0.0828125
0 0.246875 0.53046875 0.29375 0.3015625
0 0.43559546450821396 0.8952829989127382 0.18210395020978148 0.1080351248550679
0 0.48588257488582054 0.7234719007295094 0.1839517153566284 0.17340503333979887
0 0.68671875 0.45546875 0.1265625 0.0796875
0 0.6453125 0.9203125 0.165625 0.159375
0 0.75078125 0.58046875 0.0015625 0.0015625
0 0.75078125 0.5796875 0.0015625 0.003125
0 0.91328125 0.7171875 0.1734375 0.41875