0 0.3672109406031393 0.1457326546230874 0.2302158533577261 0.1836694366867496
0 0.58984375 0.00546875 0.0015625 0.0015625
0 0.8384132312619579 0.18293619439409206 0.1860295013526354 0.14540577759614023
0 0.75625 0.0859375 0.334375 0.171875
0 0.2686905299172766 0.9646366132272295 0.0031795440006362695 0.004742047077900579
0 0.28364336791854916 0.9555207118472577 0.0031431813335455415 0.0016170470779007574
0 0.3546875 0.95390625 0.315625 0.0921875
0 0.42109375 0.7125 0.3359375 0.225
0 0.55546875 0.9203125 0.0671875 0.159375
0 0.58984375 0.87578125 0.0015625 0.0015625
0 0.58984375 0.871875 0.0015625 0.003125
0 0.58984375 0.86796875 0.0015625 0.0015625
0 0.5910944306174568 0.8573990373353727 0.0031431813335454526 0.0016170470779006685
0 0.65859375 0.9171875 0.1390625 0.165625