0 0.41640625 0.07734375 0.0859375 0.0921875
0 0.30546875 0.02734375 0.1390625 0.0546875
0 0.10818901373200233 0.3438059159871731 0.12349566162790726 0.10048301542127547
0 0.0328125 0.02421875 0.065625 0.0484375
0 0.0296875 0.1828125 0.059375 0.0875
0 0.8272648905038744 0.2157121436660388 0.0016626295496493526 0.0015897735389504674
0 0.8342077004983371 0.30264908197764145 0.17642040252860855 0.0982853157455871
0 0.78828125 0.06640625 0.1953125 0.1328125
0 0.04375 0.7421875 0.0875 0.128125
0 0.09765625 0.59453125 0.1953125 0.2109375
0 0.8297621414267251 0.5700816383877376 0.0016626295496493526 0.0015897735389502898
0 0.8315854572812839 0.5904486854656383 0.005288277297895938 0.009456820616851047
0 0.8276989936784785 0.5778668648487874 0.005288277297895938 0.009456820616851047
0 0.7745146344868947 0.6144804748329012 0.4072674892026583 0.21781043181548565
0 0.515625 0.5375 0.1125 0.096875
0 0.52265625 0.79453125 0.1265625 0.2140625