0 0.4421875 0.33203125 0.234375 0.1359375
0 0.61796875 0.046875 0.1171875 0.09375
0 0.97421875 0.15078125 0.0515625 0.1890625
0 0.66796875 0.1125 0.2171875 0.225
0 0.63046875 0.3765625 0.1421875 0.046875
0 0.35253331822457135 0.7218645771265773 0.0016717606436618127 0.0016352746071058633
0 0.3543689698337257 0.7258436017336831 0.0016717606436618127 0.0016352746071058633
0 0.35738398123369197 0.9471364048768361 0.0016717606436618127 0.0016352746071058633
0 0.34628259026819935 0.9442832326270952 0.0035620425746468952 0.006395549214211727
0 0.37484463284284625 0.9518431755550008 0.0016717606436618127 0.0016352746071058633
0 0.04921875 0.87578125 0.0984375 0.2484375
0 0.26953125 0.95 0.3328125 0.1
0 0.9421875 0.9421875 0.115625 0.115625
0 0.6515625 0.9203125 0.184375 0.159375