0 0.5171052739426921 0.21953125 0.0031522735389504673 0.0015625
0 0.54453125 0.1921875 0.1109375 0.125
0 0.11858595332584114 0.21484375 0.14412392126547413 0.1109375
0 0.7125 0.0484375 0.225 0.096875
0 0.7625 0.0953125 0.325 0.190625
0 0.5947138510523649 0.56953125 0.009511367694751627 0.0078125
0 0.5829405539744641 0.56640625 0.003179547077900935 0.003125
0 0.5735382804355138 0.56484375 0.006331820616851047 0.0046875
0 0.5334354318154857 0.55 0.015788641233702095 0.009375
0 0.5051467905817837 0.540625 0.007894320616851047 0.0046875
0 0.4956490596565072 0.53359375 0.003152273538950112 0.0015625
0 0.4942229273512588 0.54140625 0.0031522735389504673 0.0015625
0 0.4410433802733581 0.53828125 0.006331820616851047 0.0046875
0 0.42604962580913125 0.5296875 0.00315227353895029 0.0015625
0 0.41771497442915945 0.54453125 0.009484094155801337 0.00625
0 0.303125 0.61328125 0.59375 0.3046875
0 0.059375 0.67109375 0.11875 0.2609375
0 0.0671875 0.42421875 0.134375 0.1109375
0 0.87578125 0.8546875 0.2484375 0.290625
0 0.61015625 0.38359375 0.0203125 0.0296875