0 0.21015625 0.24140625 0.3140625 0.3171875
0 0.571875 0.14765625 0.00625 0.0046875
0 0.6421875 0.16875 0.146875 0.3375
0 0.6921875 0.06171875 0.246875 0.1234375
0 0.8236052887091256 0.2564984525216528 0.008122580409525782 0.0032613676947516267
0 0.8464820010638991 0.23816150974582317 0.15789495249053723 0.09790348620028233
0 0.73671875 0.33515625 0.3359375 0.1296875
0 0.86015625 0.07109375 0.2796875 0.1421875
0 0.8148047569307904 0.5248719460255358 0.0017175402047628907 0.0015897735389502898
0 0.65546875 0.89296875 0.1734375 0.2015625
0 0.884375 0.54453125 0.23125 0.2890625
0 0.9515625 0.915625 0.096875 0.115625