0 0.5174964001660348 0.1846999261308681 0.003416731281194618 0.003234127404661713
0 0.5947227722543665 0.052681089014892324 0.003416731281194618 0.003234127404661713
0 0.5265625 0.10625 0.275 0.2125
0 0.03984375 0.94921875 0.0796875 0.1015625
0 0.05234375 0.76328125 0.1046875 0.2078125
0 0.18359375 0.71015625 0.1953125 0.1015625
0 0.3328125 0.66015625 0.003125 0.0015625
0 0.284375 0.7375 0.209375 0.15625
0 0.4174640702986608 0.8094022818511654 0.0018542312811946405 0.0031795637023307676
0 0.4160054138926875 0.7937772818511654 0.0018542312811946626 0.0031795637023307676
0 0.505015992095674 0.8046726310328587 0.0034167312811946627 0.003234127404661713
0 0.546875 0.803125 0.315625 0.2875
0 0.92421875 0.75625 0.1515625 0.19375
0 0.62734375 0.73203125 0.2671875 0.1453125