0 0.15703125 0.04453125 0.1953125 0.0890625
0 0.04921875 0.06640625 0.0984375 0.1328125
0 0.08359375 0.06796875 0.1671875 0.1359375
0 0.31640625 0.2015625 0.2453125 0.296875
0 0.0703125 0.24453125 0.140625 0.2109375
0 0.55703125 0.06015625 0.2046875 0.1203125
0 0.00078125 0.63125 0.0015625 0.003125
0 0.00078125 0.64453125 0.0015625 0.0046875
0 0.00078125 0.65 0.0015625 0.003125
0 0.00078125 0.6375 0.0015625 0.003125
0 0.00078125 0.646875 0.0015625 0.00625
0 0.00078125 0.640625 0.0015625 0.003125
0 0.00078125 0.6546875 0.0015625 0.003125
0 0.0015625 0.646875 0.003125 0.009375
0 0.00078125 0.64375 0.0015625 0.003125
0 0.00078125 0.653125 0.0015625 0.003125
0 0.00078125 0.6390625 0.0015625 0.003125
0 0.00078125 0.6578125 0.0015625 0.003125
0 0.00078125 0.6625 0.0015625 0.003125
0 0.00078125 0.6625 0.0015625 0.003125
0 0.00078125 0.6703125 0.0015625 0.003125
0 0.00078125 0.6640625 0.0015625 0.003125
0 0.0046875 0.6640625 0.009375 0.01875
0 0.00078125 0.665625 0.0015625 0.003125
0 0.1078125 0.79921875 0.215625 0.4015625
0 0.54375 0.67421875 0.209375 0.4765625
0 0.9143736557320956 0.6941717068857252 0.13856357201231528 0.18761410580511537
0 0.9140625 0.93515625 0.171875 0.1296875