0 0.27123543362794217 0.0427679977926871 0.0017262743102595124 0.0032160052616718284
0 0.2691373450933314 0.03821700568519484 0.0017262743102595124 0.003216005261671917
0 0.2670392565587207 0.03366601357770262 0.0017262743102595124 0.003216005261671917
0 0.26576336160167485 0.0282882688393745 0.0017262743102595124 0.0032160052616718284
0 0.2636243294894992 0.02451852673188224 0.0017262743102595124 0.003216005261671917
0 0.27061463591193435 0.02489025305435897 0.0017262743102595124 0.003216005261671917
0 0.2614852973773236 0.020748784624390025 0.0017262743102595124 0.0032160052616718284
0 0.25942815242027767 0.015416542516897813 0.0017262743102595124 0.0032160052616718284
0 0.2580703703081021 0.011601297778569641 0.0017262743102595124 0.003216005261671917
0 0.26547011250618596 0.0041605241010463255 0.0017262743102595124 0.0032160052616718284
0 0.2538741932388806 0.002499313563585215 0.0017262743102595124 0.0032160052616718284
0 0.25078125 0.00078125 0.0015625 0.0015625
0 0.24921875 0.00078125 0.0015625 0.0015625
0 0.26875 0.00234375 0.00625 0.0046875
0 0.246875 0.00078125 0.003125 0.0015625
0 0.26484375 0.00078125 0.0015625 0.0015625
0 0.2609375 0.00078125 0.003125 0.0015625
0 0.26328125 0.00078125 0.0015625 0.0015625
0 0.25234375 0.00078125 0.0015625 0.0015625
0 0.25078125 0.00078125 0.0015625 0.0015625
0 0.24765625 0.00078125 0.0015625 0.0015625
0 0.253125 0.00078125 0.003125 0.0015625
0 0.24609375 0.00078125 0.0015625 0.0015625
0 0.24453125 0.00078125 0.0015625 0.0015625
0 0.24296875 0.00078125 0.0015625 0.0015625
0 0.234375 0.2265625 0.46875 0.453125
0 0.67734375 0.3265625 0.4171875 0.30625
0 0.70859375 0.1375 0.4796875 0.275
0 0.20625 0.621875 0.303125 0.284375
0 0.6765636635015542 0.7331563213149186 0.15152263568479168 0.18640647881213823