0 0.128125 0.32265625 0.25625 0.5734375
0 0.48203125 0.00078125 0.0046875 0.0015625
0 0.86953125 0.1390625 0.2609375 0.278125
0 0.48125 0.153125 0.325 0.30625
0 0.9446388098739418 0.4648884061241997 0.001653505261671917 0.0016352746071058633
0 0.45739016787938896 0.37086034780925087 0.0033070105233436566 0.0032705492142117267
0 0.4782486994494201 0.3792892779168747 0.0016535052616718283 0.0016352746071058633
0 0.4349082231269434 0.3883582169158387 0.0033070105233436566 0.0032705492142117267
0 0.45625 0.4671875 0.353125 0.284375
0 0.8734375 0.50859375 0.253125 0.2015625
0 0.21796875 0.6859375 0.1234375 0.153125
0 0.14582333632347533 0.6974442725401913 0.0016535052616718283 0.0016352746071058633
0 0.1109375 0.7609375 0.221875 0.303125
0 0.425 0.7046875 0.24375 0.190625
0 0.85 0.80703125 0.3 0.3421875
0 0.6340414860693615 0.932570481598147 0.005233531570031147 0.00959332382131759
0 0.6212453544569781 0.9684180903656529 0.005233531570031147 0.009593323821317768
0 0.65859375 0.93671875 0.1328125 0.1265625