0 0.00078125 0.51171875 0.0015625 0.0015625
0 0.0859375 0.50234375 0.171875 0.2546875
0 0.146875 0.11328125 0.24375 0.2265625
0 0.203125 0.521875 0.13125 0.215625
0 0.41495264725487147 0.15213088988556564 0.0032708656405973533 0.0017627590992986164
0 0.44765625 0.15546875 0.3015625 0.3109375
0 0.6471249168058705 0.36867233806755095 0.0034167312811945296 0.0033252590992987052
0 0.6754576039939242 0.3979197470745646 0.22641905740420185 0.1294428778516064
0 0.89609375 0.34296875 0.2078125 0.1546875
0 0.3234375 0.675 0.109375 0.090625
0 0.3140625 0.6765625 0.090625 0.09375
0 0.52421875 0.66953125 0.2703125 0.0796875
0 0.86796875 0.71171875 0.2640625 0.1640625
0 0.76171875 0.871875 0.3453125 0.25625