0 0.11484375 0.0671875 0.2296875 0.134375
0 0.0984375 0.23046875 0.196875 0.2953125
0 0.2234375 0.05078125 0.275 0.1015625
0 0.462310432739163 0.30588083709314684 0.09367569863085592 0.15410848997087018
0 0.8394777692030099 0.36139711889639603 0.003188666996194378 0.0016534282132454337
0 0.78984375 0.04765625 0.2265625 0.0953125
0 0.865625 0.34921875 0.26875 0.2796875
0 0.1453125 0.55546875 0.290625 0.1328125
0 0.18515625 0.94375 0.1796875 0.1125
0 0.453125 0.87109375 0.13125 0.1546875
0 0.5498395380232711 0.6018904235943918 0.0032523339923888005 0.0032159282132454337
0 0.67734375 0.57734375 0.2921875 0.1765625
0 0.68671875 0.89453125 0.3359375 0.2109375
0 0.9328125 0.77578125 0.134375 0.1359375