0 0.6200224886915808 0.4581088365314045 0.0016443871551295786 0.0016808991701630304
0 0.6145537386915809 0.4576944394358339 0.0016443871551295786 0.0016808991701630304
0 0.525 0.465625 0.26875 0.06875
0 0.0734375 0.23203125 0.146875 0.1859375
0 0.765625 0.0359375 0.109375 0.071875
0 0.7894652074839165 0.38155891454072466 0.12496677973732631 0.15731743776222676
0 0.6890625 0.1890625 0.059375 0.165625
0 0.51640625 0.63515625 0.2859375 0.2703125
0 0.0216724406368888 0.5376463230349426 0.0016443871551297562 0.0016808991701630304
0 0.18125 0.625 0.3625 0.25
0 0.890625 0.76875 0.21875 0.315625
0 0.7359375 0.765625 0.153125 0.221875
0 0.68046875 0.9375 0.0421875 0.0875