0 0.40285267005095343 0.2495596229143608 0.0031795470779005797 0.0033252590992987052
0 0.3989600568204287 0.2485280490402375 0.0031795470779005797 0.0033252590992986163
0 0.17766570941821636 0.2906597825396832 0.0031795470779006686 0.0033252590992987052
0 0.18217593141503916 0.3011164211886312 0.006331820616851047 0.005088018198597233
0 0.17093446834667012 0.2730216995662613 0.0031795470779006686 0.0033252590992987052
0 0.128125 0.3890625 0.25625 0.359375
0 0.721875 0.21640625 0.14375 0.3265625
0 0.56484375 0.80546875 0.1703125 0.1953125
0 0.07265625 0.61328125 0.1453125 0.0890625
0 0.17046331534514056 0.8283354649870814 0.3376399163942102 0.29789009407530537
0 0.04921875 0.91953125 0.0984375 0.1609375
0 0.8125 0.7015625 0.325 0.265625