0 0.00078125 0.234375 0.0015625 0.003125
0 0.09609375 0.19921875 0.1921875 0.2796875
0 0.4375 0.26015625 0.403125 0.1578125
0 0.1897593059534261 0.7557578404553604 0.0016535052616718283 0.0016261669961943781
0 0.41484375 0.434375 0.4484375 0.190625
0 0.38671875 0.74609375 0.5046875 0.5078125
0 0.7985644295321274 0.7953615099230127 0.004960515785015574 0.004878500988583312
0 0.8064679347937993 0.7941173449039847 0.0016535052616717394 0.0016261669961943781
0 0.8140625 0.7984375 0.35 0.403125
0 0.925 0.940625 0.15 0.11875
0 0.83515625 0.525 0.3296875 0.371875