0 0.25 0.04921875 0.5 0.0984375
0 0.0078125 0.00234375 0.015625 0.0046875
0 0.5671875 0.18828125 0.134375 0.2390625
0 0.0375 0.74765625 0.075 0.1234375
0 0.0375 0.41171875 0.075 0.0640625
0 0.8942872301993073 0.8364797678229173 0.2102567648307229 0.1674279888018452
0 0.84765625 0.42109375 0.1421875 0.0828125
0 0.7632791664766115 0.5363874472867745 0.14451359016268786 0.14214272365499808
0 0.5546875 0.44453125 0.109375 0.1296875
0 0.53828125 0.6703125 0.0765625 0.203125
0 0.5515625 0.5875 0.103125 0.29375