0 0.00078125 0.20546875 0.0015625 0.0015625
0 0.00078125 0.20859375 0.0015625 0.0015625
0 0.00078125 0.21015625 0.0015625 0.0015625
0 0.00078125 0.21328125 0.0015625 0.0015625
0 0.00078125 0.21484375 0.0015625 0.0015625
0 0.00078125 0.20703125 0.0015625 0.0015625
0 0.00078125 0.21796875 0.0015625 0.0015625
0 0.00078125 0.21953125 0.0015625 0.0015625
0 0.00078125 0.22109375 0.0015625 0.0015625
0 0.00078125 0.21484375 0.0015625 0.0015625
0 0.00078125 0.22734375 0.0015625 0.0015625
0 0.00078125 0.22890625 0.0015625 0.0015625
0 0.00078125 0.23203125 0.0015625 0.0015625
0 0.00234375 0.2109375 0.0046875 0.00625
0 0.00078125 0.23359375 0.0015625 0.0015625
0 0.00078125 0.21640625 0.0015625 0.0015625
0 0.00078125 0.22109375 0.0015625 0.0015625
0 0.00078125 0.22109375 0.0015625 0.0015625
0 0.00078125 0.23203125 0.0015625 0.0015625
0 0.00078125 0.23515625 0.0015625 0.0015625
0 0.00078125 0.23671875 0.0015625 0.0015625
0 0.00078125 0.23125 0.0015625 0.003125
0 0.00078125 0.23828125 0.0015625 0.0015625
0 0.00078125 0.24140625 0.0015625 0.0015625
0 0.00078125 0.24296875 0.0015625 0.0015625
0 0.159375 0.19453125 0.31875 0.3890625
0 0.653125 0.17421875 0.128125 0.2671875
0 0.34218709455954316 0.4267007961614985 0.0016170470779005796 0.003134090359079611
0 0.33899391071216733 0.42281272687965765 0.0031795470779005797 0.003143180718159222
0 0.3625 0.54453125 0.296875 0.3109375
0 0.11483898497917107 0.7858723048439012 0.0016170470779005796 0.003134090359079522
0 0.1609375 0.8328125 0.284375 0.334375
0 0.04375 0.425 0.0875 0.071875
0 0.6984375 0.38984375 0.003125 0.0015625
0 0.690625 0.390625 0.00625 0.003125
0 0.6828125 0.38984375 0.003125 0.0015625
0 0.6765625 0.38984375 0.003125 0.0015625
0 0.6296875 0.390625 0.009375 0.003125
0 0.6015625 0.39453125 0.025 0.0109375
0 0.740625 0.47578125 0.303125 0.1734375