0 0.00078125 0.12109375 0.0015625 0.0015625
0 0.00078125 0.1125 0.0015625 0.003125
0 0.0015625 0.10703125 0.003125 0.0046875
0 0.00078125 0.00078125 0.0015625 0.0015625
0 0.00078125 0.0875 0.0015625 0.003125
0 0.04765625 0.05703125 0.0953125 0.1140625
0 0.00078125 0.15703125 0.0015625 0.0015625
0 0.00078125 0.04140625 0.0015625 0.0015625
0 0.00078125 0.15234375 0.0015625 0.0015625
0 0.00078125 0.15546875 0.0015625 0.0015625
0 0.00078125 0.15859375 0.0015625 0.0015625
0 0.08125 0.03671875 0.1625 0.0734375
0 0.08046875 0.12890625 0.1609375 0.1578125
0 0.571875 0.06015625 0.240625 0.1203125
0 0.5203125 0.77265625 0.18125 0.4546875
0 0.8378216381037695 0.8114256858825613 0.2454013901827395 0.27259556899199777