0 0.005766791074323185 0.48974312592543895 0.003143180718159222 0.0033617983403260608
0 0.00078125 0.4796875 0.0015625 0.003125
0 0.04003270676536781 0.4683883441818524 0.0015806807181592219 0.0032433991701630305
0 0.012679866406288154 0.46889782965970533 0.004705680718159222 0.0034801975104890915
0 0.057951459790429906 0.45843300372497764 0.0015806807181592219 0.0032433991701630305
0 0.00483100496996971 0.46323982551052045 0.0015806807181592219 0.0032433991701630305
0 0.03217930014950952 0.46194909003266754 0.004723861436318444 0.006605197510489091
0 0.05169236943135029 0.4573441004056297 0.0015806807181592219 0.0032433991701630305
0 0.019665664610890053 0.4605525333939717 0.003143180718159222 0.0033617983403260608
0 0.07042873389273083 0.45357956036367336 0.003143180718159222 0.0033617983403260608
0 0.01963839353365122 0.45586503339397166 0.0015806807181592219 0.0032433991701630305
0 0.0040043031745716105 0.455486525095602 0.0015806807181592219 0.0032433991701630305
0 0.020383282097332776 0.4495558338088902 0.0015806807181592219 0.0032433991701630305
0 0.005521351379173511 0.44755562592543896 0.0015806807181592219 0.0032433991701630305
0 0.0305122610200939 0.44409873920283055 0.003143180718159222 0.0033617983403260608
0 0.014914532097332778 0.44997023090446076 0.01571590359079611 0.016808991701630305
0 0.03829748994285502 0.4388192433520154 0.003143180718159222 0.0033617983403260608
0 0.08828125 0.26953125 0.1765625 0.4640625
0 0.33671875 0.0484375 0.1828125 0.096875
0 0.95859375 0.2953125 0.0828125 0.371875
0 0.86484375 0.0328125 0.1890625 0.065625
0 0.46015625 0.92421875 0.2390625 0.1515625
0 0.2700822584860111 0.7651538325594903 0.003143180718159222 0.0033617983403260608
0 0.24019931576579934 0.7338096667925879 0.10279878883482799 0.22019594606059653
0 0.05390625 0.69765625 0.1078125 0.1578125
0 0.29296875 0.6609375 0.1296875 0.084375
0 0.779743083916172 0.7912040792354981 0.0031431807181593998 0.0033617983403260608
0 0.8328125 0.73515625 0.171875 0.2328125
0 0.62421875 0.78984375 0.0890625 0.3421875