0 0.16328125 0.0484375 0.2828125 0.096875
0 0.6884052442342489 0.2003889269442217 0.0032887743102595125 0.0031795470779006686
0 0.693338405699638 0.19578324756107274 0.0032887743102595125 0.0031795470779007575
0 0.6990528171650273 0.19119120494739894 0.003206887155129756 0.0016170470779007574
0 0.7039859786304166 0.18658552556424995 0.003206887155129756 0.0016170470779006685
0 0.708096946518241 0.1827474594116258 0.003206887155129756 0.0016170470779006685
0 0.7130301079836302 0.1781417800284768 0.003206887155129756 0.0016170470779006685
0 0.7179632694490194 0.17353610064532782 0.003206887155129756 0.0016170470779007574
0 0.7228554873368439 0.16971167126217884 0.003206887155129756 0.0016170470779006685
0 0.732577968114967 0.25276963311273193 0.2455116530976463 0.21659103084255094
0 0.3359375 0.9328125 0.128125 0.134375
0 0.853125 0.64453125 0.29375 0.1109375