0 0.478125 0.10625 0.103125 0.175
0 0.446875 0.0703125 0.1625 0.140625
0 0.22890625 0.04609375 0.1765625 0.0921875
0 0.03359375 0.04609375 0.0671875 0.0921875
0 0.58515625 0.04921875 0.1109375 0.0984375
0 0.47421875 0.92734375 0.1109375 0.1453125
0 0.30435774444444563 0.5613051568348374 0.0016626295496493526 0.0016079641066227169
0 0.2988889944444456 0.561146032461658 0.0016626295496493526 0.0016079641066227169
0 0.23435732263750567 0.47894964640999615 0.3386386027131788 0.17360996239076307
0 0.08046875 0.328125 0.1609375 0.11875
0 0.05078125 0.765625 0.1015625 0.1625
0 0.5984375 0.69140625 0.1375 0.2671875
0 0.53125 0.27109375 0.003125 0.0046875