0 0.5689156047553072 0.21697158320741217 0.0033617983403260608 0.0033617983403260608
0 0.5621211530956333 0.21331378694167863 0.0032433991701630305 0.001799298340326061
0 0.6328125 0.25859375 0.40625 0.4359375
0 0.43046875 0.34375 0.0015625 0.003125
0 0.43046875 0.3484375 0.0015625 0.00625
0 0.43046875 0.35859375 0.0015625 0.0046875
0 0.49453125 0.36171875 0.1296875 0.2359375
0 0.63515625 0.1234375 0.4109375 0.246875
0 0.30240814667136334 0.5833992987645333 0.0032433991701630305 0.001799298340326061
0 0.28709079999071124 0.5885245066479846 0.009848596680652123 0.006960395020978183
0 0.21484375 0.7203125 0.4296875 0.48125
0 0.6796875 0.87109375 0.471875 0.2578125
0 0.49375 0.5890625 0.128125 0.16875