0 0.50078125 0.05234375 0.1765625 0.1046875
0 0.64609375 0.05625 0.1140625 0.1125
0 0.6484375 0.36953125 0.11875 0.2265625
0 0.89765625 0.4859375 0.1671875 0.0875
0 0.959375 0.08046875 0.08125 0.1609375
0 0.3804213574292977 0.6380585362937568 0.025036361436318443 0.008144386722608487
0 0.3945020381474569 0.6401179437622895 0.003134090359079522 0.001799298340326061
0 0.3999389718906784 0.6342347966667189 0.003134090359079522 0.001799298340326061
0 0.40543499296791713 0.6385078995711483 0.003134090359079522 0.001799298340326061
0 0.43043044778837736 0.63583226284854 0.003134090359079522 0.001799298340326061
0 0.4359375 0.6546875 0.30625 0.25
0 0.7631424329576545 0.6612018835991088 0.003134090359079522 0.001799298340326061
0 0.7708958456236369 0.6504536377482937 0.003134090359079522 0.001799298340326061
0 0.82890625 0.7609375 0.3421875 0.4625