0 0.17109375 0.12109375 0.3421875 0.2421875
0 0.8259443183550352 0.327613655291121 0.0016534282132454337 0.0031977746071058634
0 0.8441714811288745 0.3105182005763913 0.0016534282132454337 0.0031977746071058634
0 0.6723489907622929 0.06299672952672335 0.0016534282132453447 0.0031977746071058634
0 0.715625 0.1796875 0.35 0.359375
0 0.4418635203874642 0.533696797142788 0.0016534282132454337 0.0031977746071058634
0 0.43794289852156715 0.5062074979285762 0.0016534282132454337 0.0031977746071058634
0 0.43748825745534037 0.49058249792857617 0.004778428213245434 0.00334332382131759
0 0.2375 0.56953125 0.4375 0.2796875
0 0.6428984861434394 0.9812244987571457 0.0016534282132454337 0.0031977746071058634
0 0.8171423167056828 0.9097605293601075 0.0016534282132454337 0.0031977746071056856
0 0.6474890462517117 0.9244843471855692 0.0032159282132454337 0.0032705492142117267
0 0.8077984089464085 0.8835790190210254 0.004960284639736123 0.00959332382131759
0 0.6529888884924373 0.8989941956139926 0.00486935642649069 0.00646832382131759
0 0.805159142253361 0.8733136071103665 0.0032159282132454337 0.0032705492142117267
0 0.6716335884132951 0.8694351282028159 0.0032159282132454337 0.0032705492142117267
0 0.73671875 0.91171875 0.1859375 0.1765625
0 0.597142053773559 0.8566033343652876 0.0016534282132454337 0.0031977746071058634
0 0.7179941113745487 0.8271235037195446 0.0016534282132454337 0.0031977746071058634
0 0.593482193190433 0.7308220843652876 0.0016534282132454337 0.0031977746071058634
0 0.5903571931904331 0.7306765351510759 0.0016534282132454337 0.0031977746071058634
0 0.5870730688172537 0.7250622359368641 0.0016534282132454337 0.0031977746071058634
0 0.8680897366056579 0.6765156898230243 0.16059783386094856 0.21032968610347993
0 0.6129930596460538 0.6505909288647695 0.17346154671392994 0.22341188296032674