0 0.3364313619272978 0.04214394709461775 0.0015806807181592219 0.003161367591180575
0 0.5300631872592627 0.05794686578822868 0.0015806807181592219 0.003161367591180486
0 0.36034103971859077 0.09470524943131915 0.003143180718159222 0.0031977351823611498
0 0.5298950156162898 0.08685311578822867 0.004742042154477666 0.009484102773541636
0 0.37270922951193636 0.11707055870187463 0.004723861436318444 0.006359102773541636
0 0.5313984282822724 0.0969729981970481 0.003143180718159222 0.0031977351823611498
0 0.40148366930528184 0.1390540082650343 0.003143180718159222 0.0031977351823609724
0 0.44609375 0.08203125 0.1796875 0.1640625
0 0.3333240217646099 0.17344849848138857 0.0015806807181592219 0.003161367591180664
0 0.46069504284184876 0.16579703980017318 0.0015806807181592219 0.003161367591180664
0 0.37168656411547935 0.29285180870187466 0.0015806807181592219 0.003161367591180664
0 0.36855247375639977 0.2944870438842358 0.0015806807181592219 0.003161367591180664
0 0.3677394074996211 0.29997397767982614 0.0015806807181592219 0.003161367591180664
0 0.4173712479568965 0.36209146476204823 0.1653078791939077 0.2178810970739585
0 0.5828125 0.215625 0.065625 0.2375
0 0.69609375 0.58359375 0.1953125 0.0921875
0 0.265625 0.73359375 0.4 0.2078125
0 0.675 0.71484375 0.25 0.1703125
0 0.6203125 0.88359375 0.140625 0.2328125