0 0.05 0.065625 0.1 0.13125
0 0.046875 0.22265625 0.09375 0.1796875
0 0.1 0.07109375 0.2 0.1421875
0 0.28671875 0.2484375 0.2046875 0.203125
0 0.7984375 0.28671875 0.290625 0.1265625
0 0.9190896387253155 0.10186160437754381 0.00474204400063627 0.005042697510489092
0 0.7875 0.1296875 0.425 0.259375
0 0.26438395739177006 0.5047908919207005 0.0031613626670909055 0.0033617983403260608
0 0.26905327605822454 0.5035835894311895 0.0015806813335455417 0.0016808991701630304
0 0.2688629193984515 0.554305639846108 0.15777723201781732 0.14308991701630233
0 0.40078125 0.5109375 0.0015625 0.00625
0 0.40078125 0.509375 0.0015625 0.0125