0 0.051341722873339976 0.07528677759943543 0.001671627404661713 0.00315227353895029
0 0.06037198249198683 0.06263677313520857 0.0016170637023308564 0.0015897735389502898
0 0.06237099211063368 0.05010949959625819 0.001671627404661713 0.00315227353895029
0 0.06662941697555742 0.10703165544045685 0.0016170637023308564 0.0015897735389502898
0 0.06906493621285112 0.08200438190150647 0.003234127404661713 0.0031795470779007575
0 0.07462296624991804 0.12406915097622999 0.0016170637023308564 0.0015897735389502898
0 0.07556047287333997 0.07486403774570513 0.0016170637023308564 0.0015897735389503787
0 0.07390620363604627 0.09987767451518029 0.006359127404661713 0.003234094155801337
0 0.07562247105924147 0.11780551420675475 0.0016170637023308564 0.0015897735389502898
0 0.07587793140352769 0.08813165097622999 0.003234127404661713 0.0031795470779007575
0 0.07733873848243662 0.13573335389832927 0.003234127404661713 0.0031795470779006686
0 0.0813466814035277 0.0880361935899038 0.0016170637023308564 0.0015897735389502898
0 0.08340025472450541 0.07394642005095342 0.0016170637023308564 0.0015897735389502898
0 0.08676086770119684 0.08950323620357761 0.0016170637023308564 0.0015897735389502898
0 0.09037694102217456 0.07538618912567693 0.0016170637023308564 0.0015897735389502898
0 0.09036701733837713 0.0980288023562017 0.001671627404661713 0.00315227353895029
0 0.08617059065935484 0.08404812297305275 0.014608137023308565 0.015870461850553054
0 0.09478169882672285 0.10575948173935075 0.001671627404661713 0.00315227353895029
0 0.2578125 0.10078125 0.415625 0.2015625
0 0.53515625 0.37421875 0.1078125 0.1765625
0 0.90234375 0.13203125 0.1953125 0.1328125
0 0.13984375 0.73203125 0.2796875 0.3265625
0 0.334375 0.61796875 0.209375 0.0984375
0 0.41110358095588995 0.8818569626679226 0.2533879279449668 0.2355319456152035
0 0.85234375 0.63828125 0.2953125 0.1390625