0 0.11796875 0.340625 0.2359375 0.196875
0 0.29921875 0.3984375 0.2390625 0.08125
0 0.610341488783736 0.1851109801112023 0.0016079641066227169 0.0015897735389502898
0 0.9950561549227874 0.3950543648487873 0.0016079641066227169 0.0015897735389504674
0 0.734375 0.303125 0.53125 0.271875
0 0.20941417161583473 0.6784809249156268 0.0032159282132454337 0.0031795470779005797
0 0.22595681393570288 0.6740797970746054 0.0031704641066227167 0.0016170470779007574
0 0.2621096111118512 0.7747616355483639 0.2961549006331383 0.24879560470581286
0 0.34453125 0.5234375 0.1484375 0.16875
0 0.4703125 0.759375 0.103125 0.171875
0 0.7109375 0.440625 0.00625 0.003125
0 0.710969626089039 0.509173591716874 0.0016079641066227169 0.0015897735389502898
0 0.83359375 0.578125 0.3328125 0.278125