0 0.0771329139932638 0.3648530898867068 0.0016261669961943781 0.0016261669961943781
0 0.08331924699706943 0.36616092190192917 0.0016261669961943781 0.0016261669961943781
0 0.1734375 0.30546875 0.346875 0.2640625
0 0.4640625 0.19375 0.209375 0.321875
0 0.63984375 0.35625 0.1421875 0.325
0 0.11796875 0.596875 0.2359375 0.15625
0 0.06328125 0.8859375 0.1265625 0.228125
0 0.384375 0.5765625 0.290625 0.115625
0 0.36328125 0.59140625 0.2296875 0.1453125
0 0.3734375 0.88203125 0.390625 0.2359375
0 0.6078125 0.87890625 0.078125 0.1546875
0 0.7233884900769872 0.8538943907615593 0.20081703657757757 0.18133220752810447
0 0.9484375 0.85546875 0.103125 0.2828125