0 0.52421875 0.00078125 0.0015625 0.0015625
0 0.534375 0.00078125 0.003125 0.0015625
0 0.5359375 0.0015625 0.00625 0.003125
0 0.55390625 0.00078125 0.0015625 0.0015625
0 0.53828125 0.00078125 0.0046875 0.0015625
0 0.55625 0.00078125 0.003125 0.0015625
0 0.54140625 0.00078125 0.0015625 0.0015625
0 0.55390625 0.00234375 0.0078125 0.0046875
0 0.55390625 0.00078125 0.0015625 0.0015625
0 0.55859375 0.00078125 0.0015625 0.0015625
0 0.575 0.00078125 0.003125 0.0015625
0 0.42734375 0.115625 0.3046875 0.23125
0 0.8025392188445928 0.019914032769271773 0.0017627590992987051 0.0032433991701630305
0 0.7991138301956447 0.015463331109597833 0.0017627590992987051 0.0032433991701630305
0 0.7965197563215215 0.011734679864842334 0.0017627590992987051 0.0032433991701630305
0 0.7938255528977489 0.00644352862008688 0.0017627590992987051 0.0032433991701630305
0 0.7912815437984502 0.003496127375331426 0.0017627590992987051 0.0032433991701630305
0 0.7990439790236256 0.002122881524516318 0.0017627590992987051 0.0032433991701630305
0 0.78828125 0.00078125 0.0015625 0.0015625
0 0.78515625 0.00078125 0.0015625 0.0015625
0 0.78203125 0.00078125 0.0015625 0.0015625
0 0.790625 0.00078125 0.003125 0.0015625
0 0.77734375 0.00078125 0.0015625 0.0015625
0 0.77421875 0.00078125 0.0015625 0.0015625
0 0.77265625 0.00078125 0.0015625 0.0015625
0 0.7921875 0.00234375 0.00625 0.0046875
0 0.7703125 0.00078125 0.003125 0.0015625
0 0.78203125 0.00078125 0.0015625 0.0015625
0 0.77734375 0.00078125 0.0015625 0.0015625
0 0.77734375 0.00078125 0.0015625 0.0015625
0 0.76484375 0.00078125 0.0015625 0.0015625
0 0.76328125 0.00078125 0.0015625 0.0015625
0 0.76015625 0.00078125 0.0015625 0.0015625
0 0.765625 0.00078125 0.003125 0.0015625
0 0.75703125 0.00078125 0.0015625 0.0015625
0 0.75546875 0.00078125 0.0015625 0.0015625
0 0.75234375 0.00078125 0.0015625 0.0015625
0 0.78984375 0.21953125 0.4203125 0.4390625
0 0.5313312546234785 0.5330480371189493 0.0017627590992987051 0.0032433991701630305
0 0.08046875 0.6875 0.1609375 0.415625
0 0.35859375 0.60078125 0.4421875 0.2421875
0 0.746875 0.890625 0.225 0.21875
0 0.69765625 0.53203125 0.2046875 0.1046875