0 0.05390625 0.0515625 0.1078125 0.103125
0 0.63359375 0.4484375 0.4296875 0.221875
0 0.40155824882222146 0.9344235811184955 0.0016992010367593124 0.0016626295496493526
0 0.3613918700757862 0.963701268503139 0.00509760311027776 0.004987888648948058
0 0.3447901304433788 0.9781747786821718 0.00666010311027776 0.005088018198597233
0 0.2855716638552307 0.9495200501199716 0.0016992010367593124 0.0016626295496493526
0 0.18671875 0.9984375 0.0046875 0.003125
0 0.18268040117856393 0.9988611111941685 0.0016992010367593124 0.0016626295496493526
0 0.1390625 0.97734375 0.228125 0.0453125
0 0.9272491903398599 0.6803881207548924 0.0016992010367593124 0.0016626295496493526
0 0.7203125 0.7640625 0.559375 0.409375