0 0.2274342897775953 0.2792486375344234 0.0015897735389502898 0.0016717606436618127
0 0.2016530397775953 0.27744583691400476 0.0015897735389502898 0.0016717606436618127
0 0.18754962946916978 0.27880624112104907 0.0032068206168510472 0.004906021287323448
0 0.14921875 0.14453125 0.2984375 0.2890625
0 0.8410833271129681 0.29940759026819935 0.0015897735389502898 0.0016717606436618127
0 0.68359375 0.26484375 0.3578125 0.3890625
0 0.15 0.8671875 0.3 0.265625
0 0.6071217897775953 0.8292486375344235 0.0015897735389502898 0.0016717606436618127
0 0.5813405397775953 0.8274458369140048 0.0015897735389502898 0.0016717606436618127
0 0.5672371294691698 0.828806241121049 0.0032068206168510472 0.004906021287323448
0 0.51171875 0.64921875 0.3046875 0.3796875