0 0.54609375 0.29609375 0.1265625 0.4484375
0 0.04765625 0.1734375 0.0953125 0.125
0 0.00859375 0.02265625 0.0171875 0.0453125
0 0.925 0.2109375 0.15 0.15625
0 0.7968390757295445 0.40915625783430337 0.2297616366622938 0.1979758794672147
0 0.6609375 0.20546875 0.103125 0.1859375
0 0.61015625 0.26796875 0.0015625 0.0046875
0 0.68046875 0.221875 0.1421875 0.290625
0 0.146875 0.84296875 0.29375 0.3140625
0 0.9546875 0.92265625 0.090625 0.1546875
0 0.6609375 0.9125 0.103125 0.175
0 0.61015625 0.98046875 0.0015625 0.0046875
0 0.68046875 0.89453125 0.1421875 0.2109375