0 0.21171875 0.3734375 0.4234375 0.33125
0 0.3620911825317334 0.2889213672844193 0.3642252990309348 0.34344563149117413
0 0.7046875 0.05 0.15 0.1
0 0.71015625 0.37421875 0.1609375 0.3296875
0 0.8689371262113316 0.06967648944339792 0.17828852698730663 0.11703531574558709
0 0.8604640724888197 0.22440489975182346 0.19159691015912905 0.1734489569792892
0 0.94609375 0.48046875 0.1078125 0.0890625
0 0.178125 0.91875 0.35625 0.1625
0 0.6921875 0.94375 0.125 0.1125
0 0.7078125 0.625 0.15625 0.171875
0 0.7480294104881052 0.7398565758885616 0.0017810212873236252 0.0031522735389504673
0 0.772242806649378 0.7739139760507173 0.22313113342392404 0.13342397483619664
0 0.940625 0.76328125 0.11875 0.1578125