0 0.129625661190491 0.09529870142118782 0.0016900457576345396 0.0016626295496493526
0 0.24140625 0.115625 0.3796875 0.23125
0 0.4984375 0.08515625 0.346875 0.1703125
0 0.584375 0.08828125 0.190625 0.1765625
0 0.746875 0.05625 0.134375 0.1125
0 0.78671875 0.353125 0.2140625 0.23125
0 0.83984375 0.090625 0.3203125 0.18125
0 0.6577501454386754 0.6152784253599096 0.0016900457576344507 0.0016626295496493526
0 0.43203125 0.6328125 0.4953125 0.328125
0 0.7765625 0.8796875 0.19375 0.240625
0 0.77109375 0.63046875 0.1828125 0.3234375