0 0.10234375 0.140625 0.2046875 0.28125
0 0.52421875 0.08828125 0.1890625 0.1765625
0 0.3150336057789776 0.4911680071212854 0.003134090359079522 0.00163523518236115
0 0.31333929557232326 0.5137878895301048 0.004742042154477844 0.009484102773541636
0 0.31107735880403986 0.499670838143334 0.004742042154477844 0.009484102773541636
0 0.234375 0.540625 0.390625 0.203125
0 0.05546875 0.4765625 0.1109375 0.075
0 0.06328125 0.60390625 0.1265625 0.2296875
0 0.8984375 0.65390625 0.203125 0.2296875
0 0.51484375 0.478125 0.1703125 0.078125
0 0.49296875 0.73046875 0.1265625 0.2296875