0 0.29375 0.07890625 0.246875 0.1578125
0 0.10078125 0.0890625 0.2015625 0.178125
0 0.0703125 0.3171875 0.140625 0.184375
0 0.04921875 0.290625 0.0984375 0.20625
0 0.0265625 0.35859375 0.053125 0.1359375
0 0.0640625 0.48359375 0.128125 0.1328125
0 0.615625 0.28984375 0.1125 0.2515625
0 0.17112699028792439 0.9156555325908929 0.0016900457576344507 0.0016900457576344507
0 0.16522780559039632 0.9301166453179892 0.0016900457576345396 0.0016900457576344507
0 0.7349351724003786 0.8031872256233706 0.1762110400077587 0.2192596672787225
0 0.940625 0.90546875 0.11875 0.1890625
0 0.5984375 0.82734375 0.078125 0.3453125