0 0.11923235268140839 0.03479008480502448 0.0031431813335455415 0.0017262743102595124
0 0.00078125 0.1453125 0.0015625 0.003125
0 0.134375 0.103125 0.26875 0.20625
0 0.04609375 0.253125 0.0921875 0.1875
0 0.0625 0.584375 0.125 0.13125
0 0.814040154081769 0.40368392695767985 0.0031431813335455415 0.0017262743102595124
0 0.36306690539463354 0.27644523405748356 0.0031431813335454526 0.0017262743102595124
0 0.5859375 0.24140625 0.634375 0.4140625
0 0.18087421276254112 0.8898028906616327 0.0031431813335455415 0.0017262743102595124
0 0.1543298940960865 0.8927574722988385 0.0031431813335455415 0.0017262743102595124
0 0.13875034742995015 0.8974825938501361 0.0031795440006362695 0.0048512743102595126
0 0.134375 0.79140625 0.26875 0.2828125
0 0.7686549287475872 0.9923569233396353 0.003143181333545364 0.0017262743102595124
0 0.734506100731997 0.87923280359736 0.0031431813335455415 0.0017262743102595124
0 0.7189089200747694 0.9496238687262224 0.0031431813335455415 0.0017262743102595124
0 0.6992049474060875 0.9358037081653443 0.003143181333545364 0.0017262743102595124
0 0.6952259720719057 0.9297584260531686 0.0031431813335455415 0.0017262743102595124
0 0.7796875 0.69140625 0.203125 0.0828125
0 0.60703125 0.93125 0.4640625 0.1375
0 0.33828125 0.9140625 0.1390625 0.171875