0 0.009676376715534651 0.16317150305435896 0.0033435212873234475 0.0033070105233436566
0 0.109375 0.1734375 0.21875 0.346875
0 0.2046875 0.4078125 0.234375 0.04375
0 0.40625 0.40234375 0.1875 0.0546875
0 0.7773241545360206 0.1850843004094056 0.0033435212873234475 0.0033070105233436566
0 0.7802306332486971 0.18802728988606193 0.0033435212873234475 0.003307010523343834
0 0.9829243084909633 0.26025308745287 0.0033435212873236253 0.003307010523343834
0 0.9852516329965955 0.24922458219119825 0.006577781930985083 0.005051521046687313
0 0.9778708217325152 0.2768868506070497 0.0033435212873234475 0.003307010523343834
0 0.00078125 0.66484375 0.0015625 0.0046875
0 0.0859375 0.79296875 0.171875 0.3890625
0 0.1921875 0.55703125 0.384375 0.2546875
0 0.29670222124798257 0.6340461741998684 0.18458208565349707 0.16947658404557514
0 0.4234375 0.48125 0.153125 0.103125
0 0.33828125 0.959375 0.2421875 0.08125
0 0.8025969421669888 0.5579016321770808 0.22084736758448215 0.1762572050640278
0 0.90703125 0.50625 0.1859375 0.153125
0 0.82734375 0.89609375 0.3453125 0.1796875