0 0.30111841073144896 0.45034803804926116 0.2693866972845417 0.31548059601642037
0 0.778621786335423 0.46408730942108745 0.001817591515269079 0.003134090359079522
0 0.7806466719413366 0.46800719495970694 0.0016900457576344507 0.001571590359079522
0 0.7819540804260676 0.47114128531878663 0.0016900457576344507 0.001571590359079522
0 0.7830063973955295 0.47740037567786614 0.0016900457576344507 0.001571590359079522
0 0.7850950558802603 0.4805390112164856 0.0016900457576344507 0.001571590359079522
0 0.7780638058802605 0.4804981046006274 0.001817591515269079 0.003134090359079522
0 0.7871837143649912 0.48367764675510505 0.0016900457576344507 0.001571590359079522
0 0.7890810542132705 0.4891600322937245 0.0016900457576344507 0.001571590359079522
0 0.7903246898191842 0.49307537265280404 0.0016900457576344507 0.001571590359079522
0 0.7820020067886461 0.4992799208574061 0.0016900457576344507 0.001571590359079522
0 0.7935294381521942 0.5016918485505032 0.0016900457576344507 0.001571590359079522
0 0.7955543237581079 0.5056117340891225 0.0016900457576344507 0.001571590359079522
0 0.7975154364852042 0.5103128696277419 0.0016900457576344507 0.001571590359079522
0 0.7786378907275697 0.5117662853187867 0.005452774545807238 0.009402271077238922
0 0.7987590720911178 0.5142282099868215 0.0016900457576344507 0.001571590359079522
0 0.7803280654231581 0.5485123063960256 0.0016900457576344507 0.001571590359079522
0 0.7836603595138028 0.5555662822937244 0.0016900457576344507 0.001571590359079522
0 0.7825602451197163 0.5594679871141846 0.0016900457576344507 0.001571590359079522
0 0.7922222875433711 0.575156619627742 0.0016900457576344507 0.001571590359079522
0 0.794310946028102 0.5782952551663614 0.0016900457576344507 0.001571590359079522
0 0.7956183545128329 0.5814293455254411 0.0016900457576344507 0.001571590359079522
0 0.7901496045128329 0.5813975292686624 0.003380091515269079 0.003143180718159044
0 0.7968619901187466 0.5853446858845206 0.0016900457576344507 0.001571590359079522
0 0.7988868757246601 0.5892645714231401 0.0016900457576344507 0.001571590359079522
0 0.8001305113305739 0.5931799117822198 0.0016900457576344507 0.001571590359079522
0 0.78515625 0.40078125 0.4296875 0.5984375
0 0.20390625 0.70078125 0.0046875 0.0015625
0 0.290625 0.70078125 0.003125 0.0015625
0 0.284375 0.85 0.56875 0.3