0 0.09068131196921421 0.044883168124930074 0.0016992010367591348 0.0015988675911806638
0 0.06877691767139016 0.036816748197048096 0.0016992010367591348 0.0015988675911806638
0 0.14296875 0.159375 0.2859375 0.31875
0 0.6609375 0.10390625 0.24375 0.2078125
0 0.1789809772850474 0.8514670085493747 0.27997719180046243 0.2949904173624308
0 0.4765625 0.6515625 0.125 0.36875
0 0.8114141855318533 0.8648001970946178 0.001835902073518536 0.003161367591180486
0 0.806697291234029 0.8563337336637498 0.0016992010367593124 0.0015988675911806638
0 0.8030644433075477 0.853299652641701 0.0016992010367593124 0.0015988675911806638
0 0.7918528327043994 0.7943065123490969 0.001835902073518536 0.003161367591180486
0 0.8630928456638902 0.7731569045415622 0.21323945966092542 0.2450982137152085
0 0.6421875 0.37890625 0.153125 0.1203125