0 0.09140625 0.0796875 0.1828125 0.159375
0 0.94375 0.05739614517300247 0.003125 0.0016898339923887562
0 0.775 0.02265625 0.115625 0.0453125
0 0.6078125 0.2656157993547966 0.003125 0.0016898339923887562
0 0.6515625 0.29977062346135364 0.134375 0.11016286167271758
0 0.4109375 0.025 0.11875 0.05
0 0.36171875 0.215625 0.0640625 0.1
0 0.35859375 0.02109375 0.0578125 0.0421875
0 0.16484375 0.84453125 0.3296875 0.3078125
0 0.81171875 0.8693854450964528 0.003125 0.0016898339923887562
0 0.83359375 0.8161503571497313 0.309375 0.12354356524648953
0 0.37578125 0.72421875 0.0921875 0.2046875