0 0.22421875 0.07578125 0.1296875 0.1515625
0 0.5507479620164825 0.2378607332027678 0.0016992010367593124 0.0016808991701630304
0 0.6589801270494917 0.2232556267738534 0.31390384099925883 0.23487744316081152
0 0.91640625 0.3875 0.1671875 0.103125
0 0.95703125 0.128125 0.0859375 0.25
0 0.2015625 0.56953125 0.175 0.2046875
0 0.29140625 0.48359375 0.0046875 0.0890625
0 0.7180023954756025 0.5904915935803744 0.003398402073518625 0.0033617983403260608
0 0.7248285939204637 0.593368139846108 0.0016992010367591348 0.0016808991701630304
0 0.68828125 0.58515625 0.3921875 0.2921875
0 0.93359375 0.50703125 0.1328125 0.1359375
0 0.7265625 0.90078125 0.546875 0.1984375