0 0.2556742913875031 0.29933288892222515 0.003307010523343834 0.003234127404661713
0 0.27023732032669834 0.30841771224320275 0.0016535052616717394 0.0016170637023307677
0 0.2771243571584012 0.31957346705252626 0.0033070105233436566 0.003234127404661713
0 0.25427141510737866 0.2618601707733905 0.0016535052616717394 0.0016170637023307677
0 0.26809099140162046 0.2849529303920374 0.005051521046687313 0.006413691106992659
0 0.25317935196731656 0.24311017077339053 0.001653505261671917 0.0016170637023307677
0 0.277739007186636 0.2899678126060225 0.0016535052616717394 0.0016170637023307677
0 0.26460967563072246 0.26533983483854107 0.008176521046687313 0.0065228185116541935
0 0.2573586177523321 0.24793408002921763 0.0016535052616717394 0.0016170637023307677
0 0.27227796246242536 0.27652287149903004 0.004960515785015574 0.004851191106992658
0 0.25088880987394174 0.23055560707105976 0.004960515785015574 0.004851191106992658
0 0.2767834519390817 0.2735615626060225 0.0016535052616717394 0.0016170637023307677
0 0.2845882466632924 0.28708834926651133 0.001653505261671917 0.0016170637023307677
0 0.28050769141573795 0.2705729718618496 0.001653505261671917 0.0016170637023307677
0 0.2905652308782768 0.28261910407583474 0.0016535052616717394 0.0016170637023307677
0 0.27991615721487095 0.2604167218618497 0.0033070105233436566 0.003234127404661713
0 0.2831699598315895 0.27612356741534594 0.018279563140062294 0.01935020072563933
0 0.2801513756448399 0.2510690037130151 0.003307010523343834 0.003234127404661713
0 0.36875 0.17109375 0.340625 0.3171875
0 0.8643263524614268 0.19104667376861542 0.24250383134415218 0.2548413005403049
0 0.3765625 0.78984375 0.325 0.4203125
0 0.9171875 0.4125 0.165625 0.165625