0 0.08153516793111164 0.6306456285963215 0.028415940729444422 0.013318353919208192
0 0.06591016793111164 0.6311002696625483 0.003161367591180486 0.0016534282132454337
0 0.06105901377079914 0.6242054119824163 0.003161367591180575 0.0016534282132454337
0 0.054881748953160246 0.6275122684089072 0.003161367591180486 0.0016534282132454337
0 0.028137410997257462 0.6204726582214926 0.003161367591180486 0.0016534282132454337
0 0.1421875 0.3625 0.284375 0.553125
0 0.0078125 0.003125 0.015625 0.00625
0 0.88359375 0.3796875 0.2328125 0.51875
0 0.7765625 0.2609375 0.275 0.521875
0 0.21565428837208386 0.8653148306287501 0.003161367591180664 0.0016534282132454337
0 0.1328125 0.8375 0.265625 0.325
0 0.7265625 0.74609375 0.175 0.2140625
0 0.678125 0.9234375 0.078125 0.153125