0 0.45703125 0.07421875 0.1453125 0.1484375
0 0.6546875 0.009375 0.0125 0.01875
0 0.65234375 0.00078125 0.0015625 0.0015625
0 0.65859375 0.00078125 0.0015625 0.0015625
0 0.65546875 0.00078125 0.0015625 0.0015625
0 0.66015625 0.00078125 0.0015625 0.0015625
0 0.796875 0.159375 0.40625 0.31875
0 0.13984375 0.65 0.2796875 0.521875
0 0.60078125 0.85234375 0.1421875 0.2515625
0 0.9038795895506635 0.7960318614535928 0.1715894742194024 0.18100605913900925
0 0.8254082722740946 0.5032407398658056 0.23046650723608925 0.20401121960192584
0 0.9 0.45703125 0.2 0.1359375