0 0.47241555317027595 0.29950149030007456 0.0031522735389504673 0.0016534282132454337
0 0.4858740811734531 0.2897316852063673 0.0015897735389502898 0.0016079641066227169
0 0.49764737825135386 0.2869476660060375 0.0031522735389504673 0.0016534282132454337
0 0.43905362825135386 0.28524276200768683 0.0015897735389504674 0.0016079641066227169
0 0.46490306209872967 0.2820866697669612 0.0031795470779005797 0.0032159282132454337
0 0.42118033563768 0.27925117478152606 0.0015897735389502898 0.0016079641066227169
0 0.4712894297934813 0.27445602619345183 0.0015897735389504674 0.0016079641066227169
0 0.4454399959461055 0.27761211843417766 0.003234094155801337 0.0063409282132454335
0 0.4274848827155807 0.27630803120801684 0.0015897735389504674 0.0016079641066227169
0 0.45722692979348134 0.27404684923384776 0.0031795470779005797 0.0032159282132454337
0 0.4095024959461055 0.2765664439818559 0.0031795470779007575 0.0032159282132454337
0 0.45730875041033237 0.26935934923384774 0.0015897735389502898 0.0016079641066227169
0 0.4706309107187579 0.26740204414014046 0.0015897735389502898 0.0016079641066227169
0 0.4550468210271834 0.26460365307391365 0.0015897735389502898 0.0016079641066227169
0 0.4692047784135096 0.25954408003351787 0.0015897735389502898 0.0016079641066227169
0 0.4457400048745592 0.26042461843417763 0.0031522735389504673 0.0016534282132454337
0 0.4605292077966586 0.2639815274470931 0.017432961850553142 0.014562605172849529
0 0.43641955195245996 0.2570268337944416 0.0031522735389504673 0.0016534282132454337
0 0.41171875 0.15078125 0.1953125 0.3015625
0 0.09765625 0.065625 0.1828125 0.13125
0 0.63359375 0.175 0.2484375 0.35
0 0.04765625 0.9375 0.0953125 0.125
0 0.378125 0.890625 0.2625 0.21875
0 0.0546875 0.6328125 0.109375 0.203125
0 0.365625 0.48046875 0.196875 0.2609375
0 0.18671875 0.37265625 0.0828125 0.0453125
0 0.75390625 0.8625 0.2171875 0.275
0 0.5606770324706993 0.5727534707040333 0.0015897735389502898 0.0016079641066227169
0 0.5451747633959758 0.5652675796378064 0.0015897735389504674 0.0016079641066227169
0 0.55703125 0.6234375 0.0953125 0.221875
0 0.5515625 0.6078125 0.084375 0.221875
0 0.89375 0.40703125 0.16875 0.1140625
0 0.59296875 0.38125 0.0984375 0.0625
0 0.546875 0.4015625 0.075 0.103125