0 0.3234375 0.36953125 0.190625 0.0796875
0 0.06484375 0.10546875 0.1296875 0.2109375
0 0.729618446196579 0.380637009838081 0.0032523339923887563 0.0032887743102595125
0 0.7324569447137044 0.37344198552782154 0.0016261669961943781 0.0016443871551297562
0 0.69375 0.31015625 0.38125 0.1984375
0 0.5776633794672148 0.07151871664462894 0.0032523339923887563 0.0032887743102595125
0 0.5720036284786316 0.0671178216875831 0.006377333992388756 0.0034525486205190248
0 0.5640956279843401 0.06518350746323183 0.003188666996194378 0.0017262743102595124
0 0.5588762287826429 0.14844638681644548 0.22935321345960355 0.233421088873295
0 0.115625 0.60234375 0.23125 0.3859375
0 0.72109375 0.575 0.3046875 0.33125