0 0.2 0.1140625 0.4 0.228125
0 0.9398442160360376 0.3537253000769688 0.0034350804095257814 0.003234127404661713
0 0.9585166959336562 0.3535988145049391 0.00515262061428885 0.004851191106992658
0 0.78671875 0.3234375 0.4265625 0.3125
0 0.00078125 0.48046875 0.0015625 0.0015625
0 0.1015625 0.6109375 0.203125 0.2625
0 0.13917454681947286 0.6832490758528664 0.0034350804095257814 0.003234127404661713
0 0.1375 0.77109375 0.275 0.4578125
0 0.35703125 0.52578125 0.0859375 0.0921875
0 0.81328125 0.8578125 0.3390625 0.284375
0 0.896875 0.63984375 0.20625 0.3203125