0 0.21737582954200949 0.1318601059269242 0.28150691882984213 0.19860468993316047
0 0.73984375 0.125 0.2203125 0.25
0 0.8146872061652148 0.42773825284596434 0.36184898376465036 0.23749564041962792
0 0.0984375 0.68046875 0.196875 0.1421875
0 0.23984375 0.91328125 0.4015625 0.1734375
0 0.5047566473161915 0.8750320385597794 0.0031522735389504673 0.0016170470779005796
0 0.5027850442319364 0.8516218120987297 0.00315227353895029 0.0016170470779005796
0 0.5339083591667444 0.888589978089198 0.0031522735389504673 0.0016170470779005796
0 0.54453125 0.8125 0.1703125 0.375
0 0.4453125 0.68984375 0.36875 0.1609375
0 0.81484375 0.84921875 0.3703125 0.3015625