0 0.10539915009654507 0.3404448286919079 0.0033435212873234475 0.0031613626670909055
0 0.234375 0.346875 0.46875 0.40625
0 0.071875 0.04453125 0.11875 0.0890625
0 0.56953125 0.15078125 0.2015625 0.3015625
0 0.234375 0.715625 0.46875 0.33125
0 0.02109375 0.59140625 0.0421875 0.0828125
0 0.815625 0.6015625 0.171875 0.103125
0 0.6629552879599445 0.6708334047183158 0.0033435212873234475 0.003161362667090728
0 0.8 0.55078125 0.003125 0.0015625
0 0.55703125 0.61484375 0.1765625 0.1296875
0 0.509375 0.76640625 0.08125 0.2015625