0 0.3888014939677319 0.019746018205824046 0.001835902073518625 0.003206887155129756
0 0.29375 0.11328125 0.259375 0.2265625
0 0.66640625 0.01484375 0.0734375 0.0296875
0 0.4865994047118994 0.9543246568312919 0.001835902073518625 0.003206887155129756
0 0.48671875 0.828125 0.2859375 0.2875
0 0.1312542511777785 0.6782113726829513 0.11021291300675884 0.17530761646291496
0 0.2918103338356951 0.6208039071699761 0.1725762119699997 0.17702060266810493
0 0.53125 0.540625 0.084375 0.0625
0 0.08828125 0.56875 0.1765625 0.11875
0 0.7859375 0.896875 0.20625 0.20625
0 0.97890625 0.8421875 0.0421875 0.228125