0 0.33359375 0.00078125 0.0015625 0.0015625
0 0.24921875 0.00078125 0.0015625 0.0015625
0 0.36796875 0.00078125 0.0015625 0.0015625
0 0.21875 0.00078125 0.003125 0.0015625
0 0.4733433582687331 0.009019056517673141 0.0017627590992987051 0.003161367591180575
0 0.4039425161960125 0.02077548052961764 0.0017627590992987051 0.003161367591180575
0 0.41597214682539596 0.03999760600458293 0.0017627590992987051 0.003161367591180486
0 0.42114050817644805 0.044557819435450965 0.0017627590992987051 0.003161367591180575
0 0.328125 0.18125 0.34375 0.3625
0 0.37734375 0.5328125 0.2046875 0.2125
0 0.8203125 0.40703125 0.18125 0.3421875
0 0.73046875 0.846875 0.0015625 0.003125
0 0.8850516162882975 0.856579161856666 0.17874197100406092 0.20854246466513898
0 0.815625 0.88203125 0.171875 0.2359375