0 0.18359375 0.06640625 0.2390625 0.1328125
0 0.51484375 0.0953125 0.2703125 0.190625
0 0.3125 0.075 0.2625 0.15
0 0.6265625 0.30078125 0.046875 0.0921875
0 0.9078125 0.175 0.184375 0.35
0 0.20909163622599047 0.4881444768647915 0.003143180718159222 0.0031795470779005797
0 0.18951038925105257 0.4963973076279122 0.006277271077238833 0.004796594155801337
0 0.2515625 0.71796875 0.478125 0.5640625
0 0.575 0.65390625 0.15 0.6078125
0 0.93515625 0.44453125 0.1296875 0.1890625
0 0.825 0.7578125 0.35 0.484375
0 0.79375 0.9140625 0.2875 0.171875