0 0.11328125 0.2484375 0.2265625 0.378125
0 0.6516562897178946 0.22160710866978714 0.0032525457576345397 0.0016898339923887562
0 0.650157304720804 0.29926919365075905 0.23067539940087514 0.19316104547482596
0 0.8203125 0.0015625 0.00625 0.003125
0 0.89921875 0.0890625 0.2015625 0.178125
0 0.00078125 0.80390625 0.0015625 0.0015625
0 0.00078125 0.7984375 0.0015625 0.003125
0 0.00078125 0.79453125 0.0015625 0.0015625
0 0.00078125 0.77890625 0.0015625 0.0015625
0 0.06328125 0.8484375 0.1265625 0.196875
0 0.30703125 0.59296875 0.1046875 0.1390625
0 0.8368768283485274 0.8783678087463368 0.23979530788560605 0.19041804745199226