0 0.21328125 0.0328125 0.1578125 0.065625
0 0.01484375 0.15859375 0.0296875 0.0984375
0 0.71015625 0.05546875 0.2796875 0.1109375
0 0.6328125 0.34375 0.1875 0.23125
0 0.4568556860642971 0.6893385389930491 0.0032159282132454337 0.0033617983403260608
0 0.4522818463308539 0.6935999865035382 0.0032159282132454337 0.0033617983403260608
0 0.44694948865072187 0.6987018835991088 0.0016079641066227169 0.0016808991701630304
0 0.4423529168639673 0.7021820811095978 0.0016079641066227169 0.0016808991701630304
0 0.43777907713052394 0.7064435286200869 0.0016079641066227169 0.0016808991701630304
0 0.4332052373970807 0.7107049761305759 0.0016079641066227169 0.0016808991701630304
0 0.42938991561032597 0.7141259740559835 0.0016079641066227169 0.0016808991701630304
0 0.42481607587688275 0.7183874215664726 0.0016079641066227169 0.0016808991701630304
0 0.41705138849243734 0.6398955686620432 0.24069451082055265 0.2349473755244535
0 0.6328125 0.5078125 0.1875 0.096875