0 0.36015625 0.1453125 0.2171875 0.290625
0 0.34453125 0.41796875 0.2078125 0.1015625
0 0.03046875 0.4945393468530826 0.003125 0.0033252590992986163
0 0.01640625 0.4991069309062387 0.0015625 0.0016626295496493082
0 0.003125 0.5029433297342194 0.0015625 0.0016626295496493082
0 0.37265625 0.46953125 0.0046875 0.0015625
0 0.30078125 0.4703125 0.0046875 0.003125
0 0.2109375 0.46953125 0.003125 0.0015625
0 0.19296875 0.4703125 0.0046875 0.003125
0 0.0234375 0.4995575138796607 0.0015625 0.0016626295496493526
0 0.2 0.46953125 0.003125 0.0015625
0 0.02890625 0.4991267173034332 0.0015625 0.0016626295496493082
0 0.0140625 0.5044254865817648 0.0015625 0.0016626295496493526
0 0.29296875 0.47109375 0.0109375 0.0046875
0 0.0078125 0.5071499683831674 0.0046875 0.004987888648947969
0 0.00078125 0.509375 0.0015625 0.00625
0 0.43828125 0.4703125 0.0234375 0.003125
0 0.1921875 0.46953125 0.003125 0.0015625
0 0.01484375 0.5076005513565894 0.0015625 0.0016626295496493526
0 0.40546875 0.471875 0.0359375 0.00625
0 0.20703125 0.46953125 0.0046875 0.0015625
0 0.0296875 0.5054267820782579 0.0015625 0.0016626295496493082
0 0.42890625 0.46953125 0.0046875 0.0015625
0 0.33046875 0.4765625 0.0546875 0.015625
0 0.40390625 0.8184703092192702 0.0015625 0.0016626295496493526
0 0.428125 0.8390625 0.08125 0.15625
0 0.8234375 0.7203125 0.353125 0.503125