0 0.00546875 0.09921875 0.0109375 0.1296875
0 0.7486469860358607 0.15209998990436321 0.0032525457576344508 0.0016534282132454337
0 0.7327668945205916 0.1547703488381364 0.0032525457576344508 0.0016534282132454337
0 0.478125 0.46171875 0.1375 0.0140625
0 0.475 0.134375 0.13125 0.26875
0 0.2640625 0.89296875 0.265625 0.2140625
0 0.12109375 0.56171875 0.2421875 0.1859375
0 0.00078125 0.596875 0.0015625 0.003125
0 0.059375 0.63046875 0.11875 0.1421875
0 0.07265625 0.9140625 0.1453125 0.171875
0 0.02890625 0.59921875 0.0578125 0.1515625
0 0.52109375 0.625 0.2234375 0.15625
0 0.50234375 0.5421875 0.1859375 0.146875
0 0.4859375 0.94921875 0.153125 0.1015625