0 0.7188746497752084 0.18965287319385454 0.0016079641066227169 0.0015988675911806638
0 0.7685480408414354 0.20642345231604206 0.1403929824490227 0.1562889804327085
0 0.24453125 0.6296875 0.2796875 0.3
0 0.0890625 0.83515625 0.178125 0.3296875
0 0.7864843839400908 0.5265177467689588 0.0016079641066227169 0.0015988675911805749
0 0.9195863889546558 0.48589535961048663 0.0032159282132454337 0.0031977351823611498
0 0.701720590524866 0.5916868454584379 0.0016079641066227169 0.0015988675911805749
0 0.76629155588513 0.583821100492431 0.0032159282132454337 0.0031977351823611498
0 0.7606780533778477 0.6055506301277087 0.0016079641066227169 0.0015988675911804862
0 0.7577349098043383 0.6117278949453476 0.0016079641066227169 0.0015988675911805749
0 0.5203125 0.63828125 0.103125 0.2265625
0 0.82578125 0.69375 0.3484375 0.428125