0 0.16875 0.02265625 0.296875 0.0453125
0 0.47109375 0.284375 0.1953125 0.209375
0 0.34140625 0.12890625 0.4546875 0.2578125
0 0.05173268626413223 0.47700526039156016 0.0032704703647222335 0.006468521287323448
0 0.05522070896555582 0.4587633587824058 0.0015988675911805749 0.0016717606436617237
0 0.057983339474514194 0.5102165981387441 0.0016352351823611055 0.0032342606436618127
0 0.05891005983923643 0.5164119678169132 0.0015988675911805749 0.0016717606436618127
0 0.0890625 0.39140625 0.0125 0.0046875
0 0.17578125 0.490625 0.2734375 0.203125
0 0.92890625 0.4375 0.1421875 0.096875
0 0.834375 0.86015625 0.33125 0.2796875