0 0.08203125 0.4796875 0.1640625 0.159375
0 0.1243890867387778 0.2509407072608331 0.0033435212873236253 0.0032887743102595125
0 0.12724093512962345 0.25468318295057363 0.0033435212873236253 0.0032887743102595125
0 0.12908765839441827 0.2950625214851844 0.0033435212873234475 0.0032887743102595125
0 0.209375 0.253125 0.41875 0.409375
0 0.48515625 0.0515625 0.1328125 0.103125
0 0.46875 0.4921875 0.1 0.134375
0 0.4671875 0.14140625 0.096875 0.1828125
0 0.4859375 0.47109375 0.134375 0.1765625
0 0.6453125 0.1046875 0.228125 0.209375
0 0.846215902190232 0.25352903946386574 0.2495072351689643 0.3399986374938141
0 0.48515625 0.6109375 0.1328125 0.103125
0 0.46875 0.91171875 0.1 0.1765625
0 0.4671875 0.6046875 0.096875 0.090625
0 0.48984375 0.890625 0.1421875 0.21875
0 0.653125 0.6203125 0.228125 0.121875
0 0.853125 0.690625 0.25 0.2625