0 0.009533876212873072 0.3083873047645961 0.0015897735389502898 0.0016808991701630304
0 0.4258270779171564 0.31517437550123156 0.18465128408896198 0.29799090456874777
0 0.08828125 0.20390625 0.1765625 0.3078125
0 0.29140625 0.04375 0.1078125 0.0875
0 0.13671875 0.0453125 0.1640625 0.090625
0 0.0203125 0.03125 0.040625 0.0625
0 0.29765625 0.04140625 0.1703125 0.0828125
0 0.72265625 0.084375 0.1671875 0.16875
0 0.304172851459402 0.6898372916923414 0.0015897735389502898 0.0016808991701630304
0 0.3976461619299833 0.7116987910676416 0.24726037824476316 0.30897687137526864
0 0.740625 0.7671875 0.203125 0.240625
0 0.9671875 0.5734375 0.065625 0.109375
0 0.72109375 0.5859375 0.1640625 0.134375