0 0.41640625 0.23515625 0.4453125 0.3703125
0 0.81953125 0.31640625 0.3609375 0.3109375
0 0.26504893401402724 0.916590800047725 0.0016808991701630304 0.0015806813335455417
0 0.31775953691845665 0.9226777153882703 0.0033617983403260608 0.003161362667090728
0 0.34078263982288604 0.9284191853914517 0.006605197510489091 0.0047602253341818114
0 0.3667647993660113 0.9467061087284971 0.0033617983403260608 0.0031613626670909055
0 0.31328125 0.96015625 0.1859375 0.0796875
0 0.3805089132681029 0.8788373560629971 0.0016808991701630304 0.0015806813335455417
0 0.4048558726014466 0.9909379140674514 0.0032433991701630305 0.0015988626670909057
0 0.49613391326810286 0.8801827747453601 0.0016808991701630304 0.0015806813335455417
0 0.49637071160842894 0.8770577747453601 0.0032433991701630305 0.001598862667090728
0 0.5012358103636735 0.8747685687459963 0.0016808991701630304 0.0015806813335455417
0 0.55078125 0.90078125 0.1765625 0.1578125