0 0.05234375 0.04609375 0.1046875 0.0921875
0 0.2828125 0.22265625 0.2125 0.1734375
0 0.38984375 0.08203125 0.0015625 0.0015625
0 0.496875 0.109375 0.215625 0.21875
0 0.6634288374701687 0.16374170801998938 0.25092045285270287 0.19878006410140792
0 0.3406762340793465 0.40847631926869443 0.0016352746071058633 0.0016352746071058633
0 0.3362969491331585 0.41845063275092975 0.006395549214211727 0.003416098428423453
0 0.343784117453958 0.39217923117935316 0.0016352746071058633 0.0016352746071058633
0 0.2703125 0.9375 0.2375 0.125
0 0.34140625 0.52578125 0.0953125 0.2734375
0 0.559375 0.45625 0.340625 0.134375
0 0.8601646346174657 0.6267061267550738 0.0016352746071058633 0.0016352746071058633
0 0.8656868885464071 0.6426222251834972 0.0016352746071058633 0.0016352746071058633
0 0.8046016852794196 0.6765755401134745 0.22443072745980874 0.19910539578060843
0 0.78984375 0.9515625 0.2234375 0.096875