0 0.1796875 0.11875 0.359375 0.2375
0 0.87734375 0.28515625 0.2453125 0.3671875
0 0.39468332884638363 0.6853512736888152 0.0016079641066227169 0.0016261669961943781
0 0.430918694048363 0.6134789322820525 0.0016079641066227169 0.0016261669961943781
0 0.4291780007914229 0.7418267667687329 0.0016079641066227169 0.0016261669961943781
0 0.4879044799417403 0.6095925869209573 0.003215928213245345 0.0032523339923887563
0 0.4206644703083218 0.8524605192401908 0.0016079641066227169 0.0016261669961943781
0 0.4565959586298393 0.7970262613315254 0.003215928213245345 0.0032523339923887563
0 0.46966425996262284 0.8160481753619703 0.0016079641066227169 0.0016261669961943781
0 0.47218986638911353 0.8222026748676787 0.0016079641066227169 0.0016261669961943781
0 0.59375 0.77734375 0.46875 0.4140625
0 0.890625 0.95078125 0.21875 0.0984375