0 0.4765625 0.00078125 0.003125 0.0015625
0 0.47890625 0.0015625 0.0015625 0.003125
0 0.36953125 0.1265625 0.2203125 0.253125
0 0.64296875 0.21875 0.3265625 0.3625
0 0.2843319189444813 0.776229281999137 0.21564223242220742 0.2699317466803503
0 0.09609375 0.690625 0.1921875 0.40625
0 0.30817410318593436 0.41533268861499517 0.0016352746071058633 0.0015715903590796999
0 0.03125 0.54296875 0.0625 0.1703125
0 0.36328125 0.48515625 0.2328125 0.1703125
0 0.04921875 0.48515625 0.0984375 0.1703125
0 0.87109375 0.55546875 0.2578125 0.3109375
0 0.55 0.54765625 0.140625 0.2953125