0 0.27421875 0.00078125 0.0046875 0.0015625
0 0.3703125 0.10078125 0.365625 0.2015625
0 0.884375 0.1953125 0.23125 0.246875
0 0.8046875 0.1140625 0.390625 0.228125
0 0.5015625 0.37578125 0.215625 0.1140625
0 0.8674409690194782 0.6467954203754623 0.0032887743102595125 0.0033435212873234475
0 0.8715109933297377 0.643397268766308 0.0032887743102595125 0.0033435212873234475
0 0.8747997676399972 0.6400537474789846 0.0032887743102595125 0.0033435212873234475
0 0.8804732355278215 0.6357650852261685 0.0032887743102595125 0.0033435212873234475
0 0.8837210662605163 0.633202813938845 0.0032887743102595125 0.0033435212873234475
0 0.8856553804848672 0.6408514229733524 0.0032887743102595125 0.0033435212873234475
0 0.8870098405707758 0.6298592926515215 0.0032887743102595125 0.0033435212873234475
0 0.8926833084586001 0.6255706303987054 0.0032887743102595125 0.0033435212873234475
0 0.8959311391912947 0.623008359111382 0.0032887743102595125 0.0033435212873234475
0 0.9034160905707758 0.6287120558930732 0.0032887743102595125 0.0033435212873234475
0 0.9048524378118137 0.6161574255712424 0.0032887743102595125 0.0033435212873234475
0 0.9081002685445082 0.613595154283919 0.0032887743102595125 0.0033435212873234475
0 0.9122112364323327 0.6094157526747647 0.0032887743102595125 0.0033435212873234475
0 0.9166973405707758 0.6277833404219486 0.01134693577564878 0.008577324505632155
0 0.9154590671650272 0.6068534813874412 0.0032887743102595125 0.0033435212873234475
0 0.9549343249669434 0.6110985849740669 0.0032887743102595125 0.0033435212873234475
0 0.9614709300098976 0.6051927923994199 0.0032887743102595125 0.0033435212873234475
0 0.9653771800098976 0.6049196407902657 0.0032887743102595125 0.0033435212873234475
0 0.980258551561195 0.5883112949973099 0.0032887743102595125 0.0033435212873234475
0 0.9835063822938898 0.5857490237099865 0.0032887743102595125 0.0033435212873234475
0 0.9860139066041492 0.582460132744494 0.0032887743102595125 0.0033435212873234475
0 0.9872898015611952 0.5878196221008322 0.004933161465389446 0.005015281930985172
0 0.9900429873368438 0.5798432311353396 0.0032887743102595125 0.0033435212873234475
0 0.9932908180695386 0.5772809598480162 0.0032887743102595125 0.0033435212873234475
0 0.996579592379798 0.5739374385606927 0.0032887743102595125 0.0033435212873234475
0 0.8046875 0.6296875 0.390625 0.621875