0 0.2484375 0.18984375 0.496875 0.3796875
0 0.24921875 0.009375 0.1640625 0.01875
0 0.871875 0.14453125 0.25625 0.2890625
0 0.8875 0.0609375 0.225 0.121875
0 0.3799183616122622 0.825667069732295 0.0016170470779005796 0.003188666996194378
0 0.4570536059302194 0.79597425254582 0.0016170470779005796 0.003188666996194556
0 0.3243774736249712 0.7827500578692967 0.0016170470779005796 0.003188666996194556
0 0.4650939768713821 0.7384482540286947 0.0031795470779005797 0.0032523339923887563
0 0.2095337236249712 0.778070533649009 0.0016170470779005796 0.003188666996194556
0 0.2710576047124034 0.7469597965005902 0.0016170470779005796 0.003188666996194378
0 0.25177181656295655 0.7321014590481603 0.0016170470779005796 0.003188666996194556
0 0.24478147687138208 0.7294712075652856 0.0016170470779005796 0.003188666996194378
0 0.0484375 0.88671875 0.096875 0.2265625
0 0.29921875 0.63125 0.3796875 0.503125
0 0.09375 0.45546875 0.1875 0.1515625
0 0.67421875 0.5921875 0.2296875 0.425