0 0.0515625 0.078125 0.103125 0.15625
0 0.0359375 0.0421875 0.071875 0.084375
0 0.91484375 0.20546875 0.1703125 0.2015625
0 0.7109375 0.065625 0.3375 0.13125
0 0.52734375 0.4 0.1171875 0.11875
0 0.30390625 0.8578125 0.3296875 0.284375
0 0.02890625 0.9484375 0.0578125 0.103125
0 0.15234375 0.540625 0.3046875 0.1625
0 0.8620331956185018 0.68670658943345 0.012645549214211727 0.0032704506683636225
0 0.89609375 0.66484375 0.2078125 0.3265625
0 0.4703125 0.61875 0.003125 0.003125
0 0.50546875 0.63828125 0.0734375 0.0828125
0 0.55234375 0.521875 0.1671875 0.125
0 0.54609375 0.90859375 0.1546875 0.1828125