0 0.1703125 0.33203125 0.1375 0.3359375
0 0.11953125 0.1109375 0.2390625 0.221875
0 0.8599945429036231 0.43639264200503397 0.005124542574646895 0.006359102773541636
0 0.853323925823344 0.4537074285741659 0.0016717606436618127 0.0015988675911804862
0 0.8607811467423503 0.4028352595962145 0.0017810212873236252 0.003161367591180486
0 0.8596010589951664 0.39740287718739503 0.0016717606436618127 0.0015988675911806638
0 0.7234375 0.39921875 0.321875 0.2015625
0 0.3191060070373655 0.05119294519475668 0.0033435212873234475 0.0031977351823611498
0 0.321875 0.0484375 0.165625 0.096875
0 0.3171875 0.4359375 0.15625 0.128125
0 0.2 0.85546875 0.078125 0.2796875
0 0.11015625 0.67265625 0.2203125 0.1984375
0 0.05546875 0.8890625 0.1109375 0.134375
0 0.2515625 0.53359375 0.025 0.0671875