0 0.38359375 0.00078125 0.0046875 0.0015625
0 0.2973489352866491 0.24834068612803312 0.0032433991701630305 0.001671627404661713
0 0.28551178611648603 0.24718741389551457 0.0016808991701630304 0.0016170637023307677
0 0.28184233445681206 0.25044882315134165 0.0033617983403260608 0.003234127404661713
0 0.24296875 0.36484375 0.2921875 0.3296875
0 0.20703125 0.0765625 0.3640625 0.153125
0 0.10078125 0.071875 0.2015625 0.14375
0 0.53046875 0.0140625 0.2515625 0.028125
0 0.6484375 0.44375 0.51875 0.271875
0 0.20859375 0.78984375 0.3609375 0.4203125
0 0.5528866950349113 0.9925074146133047 0.0016808991701630304 0.0016170637023307677
0 0.5346928020885257 0.9798263653389441 0.0016808991701630304 0.0016170637023307677
0 0.559375 0.96015625 0.340625 0.0796875