0 0.036838803817730345 0.27743256818997253 0.0016992010367593124 0.001653505261671917
0 0.43159281215907264 0.46287359940706774 0.2042936866166663 0.2917156050922628
0 0.09453125 0.1578125 0.1890625 0.296875
0 0.39609375 0.06953125 0.1171875 0.1390625
0 0.24921875 0.04453125 0.1734375 0.0890625
0 0.0421875 0.03046875 0.084375 0.0609375
0 0.4578125 0.0609375 0.1875 0.121875
0 0.7390625 0.025 0.140625 0.05
0 0.2953125 0.9609375 0.146875 0.078125
0 0.06171875 0.7921875 0.1234375 0.284375
0 0.85625 0.7296875 0.246875 0.159375