0 0.2921875 0.16484375 0.459375 0.3296875
0 0.58984375 0.221875 0.0015625 0.003125
0 0.58984375 0.228125 0.0015625 0.003125
0 0.58984375 0.25234375 0.0015625 0.0046875
0 0.58984375 0.24921875 0.0015625 0.0046875
0 0.58984375 0.2421875 0.0015625 0.003125
0 0.58984375 0.240625 0.0015625 0.003125
0 0.58984375 0.2359375 0.0015625 0.003125
0 0.58984375 0.228125 0.0015625 0.003125
0 0.58984375 0.2234375 0.0015625 0.003125
0 0.58984375 0.215625 0.0015625 0.003125
0 0.590625 0.209375 0.003125 0.003125
0 0.590625 0.20390625 0.003125 0.0046875
0 0.58984375 0.203125 0.0015625 0.003125
0 0.6187521585247132 0.16539634308680506 0.0032887743102595125 0.0031977351823611498
0 0.628621803481759 0.15969120374413145 0.0032887743102595125 0.0031977351823611498
0 0.652185456240721 0.14662750608083286 0.0032887743102595125 0.0031977351823611498
0 0.6612738511977669 0.1409405505337495 0.0032887743102595125 0.0031977351823611498
0 0.73671875 0.12890625 0.2953125 0.2578125
0 0.23828125 0.92890625 0.2703125 0.1421875
0 0.43828125 0.56640625 0.3015625 0.1328125
0 0.8625 0.7671875 0.275 0.465625