0 0.21484375 0.24453125 0.4296875 0.4890625
0 0.38671875 0.0359375 0.0859375 0.071875
0 0.7265625 0.24453125 0.421875 0.4890625
0 0.53515625 0.04765625 0.2109375 0.0953125
0 0.21484375 0.81484375 0.4296875 0.3703125
0 0.37890625 0.5640625 0.1015625 0.15
0 0.7027925292680088 0.978553062902918 0.0033617983403260608 0.0031795470779005797
0 0.8955128255337425 0.9889389581938097 0.0033617983403260608 0.0031795470779005797
0 0.729590904992955 0.9306473969124497 0.0033617983403260608 0.0031795470779005797
0 0.8973470900558894 0.9616633920411857 0.006960395020978183 0.009484094155801337
0 0.7436175161957542 0.9098263823019529 0.005161096680652122 0.006331820616851047
0 0.8989212454498297 0.9515480523496113 0.0033617983403260608 0.0031795470779005797
0 0.7735651253239609 0.8931843530809598 0.0033617983403260608 0.0031795470779005797
0 0.81328125 0.93203125 0.2078125 0.1359375
0 0.7087679968997224 0.8514820482924215 0.0033617983403260608 0.0031795470779007575
0 0.8337446861118416 0.8739491578694982 0.0033617983403260608 0.0031795470779005797
0 0.7548715570629031 0.7391553721556833 0.0033617983403260608 0.0031795470779007575
0 0.7523502083076585 0.7367707118472577 0.0033617983403260608 0.0031795470779006686
0 0.7512137607971694 0.7320695750777826 0.0033617983403260608 0.0031795470779006686
0 0.97109375 0.80390625 0.0578125 0.2140625
0 0.8048230902563821 0.6776099460189452 0.19974358133331246 0.22662850405718976