0 0.209375 0.184375 0.41875 0.36875
0 0.42109375 0.059375 0.0046875 0.021875
0 0.42109375 0.18828125 0.0046875 0.0171875
0 0.41953125 0.06640625 0.0015625 0.0046875
0 0.43046875 0.1265625 0.0234375 0.10625
0 0.6390625 0.32109375 0.440625 0.0953125
0 0.7671875 0.17265625 0.465625 0.3453125
0 0.07525473760552925 0.46134500351604135 0.0016261669961943781 0.001571590359079522
0 0.175 0.5140625 0.35 0.290625
0 0.38046875 0.73125 0.0765625 0.284375
0 0.7127826180241461 0.7282279764868742 0.0016261669961943781 0.001571590359079522
0 0.717756619507021 0.7211694554096354 0.0016261669961943781 0.001571590359079522
0 0.7460553744499367 0.6975728741257421 0.0032523339923887563 0.003143180718159222
0 0.7514604574537425 0.6991035578689634 0.0032523339923887563 0.003143180718159222
0 0.7621751229670621 0.7045086753554062 0.0016261669961943781 0.001571590359079522
0 0.7652682894689649 0.705271744637247 0.0016261669961943781 0.001571590359079522
0 0.7744522884803817 0.709904702482769 0.0016261669961943781 0.001571590359079522
0 0.7866976204956042 0.7160819796101322 0.0032523339923887563 0.003143180718159222
0 0.7966628695070209 0.7207103922761148 0.0016261669961943781 0.001571590359079522
0 0.8096894515222435 0.726883124223938 0.0032523339923887563 0.003143180718159222
0 0.8189052840317574 0.7307348320694602 0.006377333992388756 0.0031613614363184437
0 0.8296517830431742 0.7353586995559029 0.007939833992388757 0.0031704517953981435
0 0.8389949495450771 0.7360854074014253 0.0016261669961943781 0.001571590359079522
0 0.8877216096211893 0.7670445159108775 0.0016261669961943781 0.001571590359079522
0 0.8969056086326059 0.7716774737563997 0.0032523339923887563 0.003143180718159222
0 0.9199292731573425 0.7816973683702055 0.0032523339923887563 0.003143180718159222
0 0.9291132721687593 0.7863303262157277 0.0016261669961943781 0.001571590359079522
0 0.8390625 0.8234375 0.321875 0.2625