0 0.4497840039973447 0.23820540184228028 0.2869820212241095 0.46858741529826115
0 0.109375 0.16484375 0.21875 0.3296875
0 0.7251523409926661 0.20587469087350002 0.1800316410905795 0.16189198770335986
0 0.63203125 0.0953125 0.0640625 0.178125
0 0.41488451020923095 0.8656082391762979 0.0017175402047628907 0.001571590359079522
0 0.4205858205163754 0.8632326729195192 0.003280040204762891 0.0015806807181592219
0 0.4325250328711487 0.8452048355855016 0.0037451608190515627 0.0062681807181594
0 0.4270562828711488 0.8452366518422803 0.0034350804095257814 0.003143180718159222
0 0.41875 0.7515625 0.328125 0.303125
0 0.07734375 0.73828125 0.1546875 0.2765625
0 0.6578125 0.7046875 0.115625 0.209375