0 0.07421875 0.21328125 0.1484375 0.2515625
0 0.7086087738387853 0.19138598575845228 0.0016352351823609723 0.003134090359079522
0 0.710280376612327 0.1960643953993726 0.0015988675911804862 0.001571590359079522
0 0.712696861794688 0.19917575986075323 0.0015988675911806638 0.0015715903590796999
0 0.7144048321594104 0.20541666950167362 0.0015988675911806638 0.001571590359079522
0 0.7168395011373617 0.20930928396305415 0.0015988675911806638 0.001571590359079522
0 0.7090270011373618 0.2093547357584523 0.00163523518236115 0.003134090359079522
0 0.7184929201153132 0.21320644360397462 0.0015988675911806638 0.001571590359079522
0 0.7201827066844452 0.21866610324489494 0.0015988675911806638 0.001571590359079522
0 0.7218361256623964 0.2225632628858154 0.0015988675911806638 0.001571590359079522
0 0.7141690960271188 0.22885871468121338 0.0015988675911806638 0.001571590359079522
0 0.7259605812094799 0.23191553698811623 0.0015988675911806638 0.001571590359079522
0 0.7283952501874312 0.23580815144949696 0.0015988675911806638 0.001571590359079522
0 0.7300850367565632 0.24126781109041726 0.0015988675911806638 0.001571590359079522
0 0.7113350367565632 0.2413768953993726 0.006468205547083272 0.009411361436318443
0 0.7325197057345146 0.2451604255517978 0.0015988675911806638 0.001571590359079522
0 0.7153510427404868 0.2796399646812134 0.0015988675911806638 0.001571590359079522
0 0.7186396969007994 0.28665303396305414 0.0015988675911806638 0.001571590359079522
0 0.7179675496743411 0.2913450791425941 0.0015988675911806638 0.001571590359079522
0 0.7292687255861466 0.3069064466290367 0.0015988675911806638 0.001571590359079522
0 0.7301408945640979 0.31080815144949697 0.0015988675911806638 0.001571590359079522
0 0.7317943135420494 0.3147053110904173 0.0015988675911806638 0.001571590359079522
0 0.7271068135420494 0.314732582167656 0.0031977351823609724 0.003143180718159044
0 0.7342289825200007 0.3185979255517978 0.0015988675911806638 0.001571590359079522
0 0.7358824014979521 0.3224950851927183 0.0015988675911806638 0.001571590359079522
0 0.7383170704759034 0.32638769965409864 0.0015988675911806638 0.001571590359079522
0 0.76171875 0.16953125 0.4765625 0.3390625
0 0.23125 0.896875 0.290625 0.20625
0 0.95390625 0.87890625 0.0921875 0.2203125
0 0.5234375 0.75078125 0.209375 0.4984375