0 0.45703125 0.0625 0.1453125 0.125
0 0.13515625 0.26953125 0.2703125 0.5390625
0 0.95234375 0.05546875 0.0953125 0.1109375
0 0.26640625 0.7515625 0.0015625 0.0015625
0 0.27421875 0.746875 0.0015625 0.0015625
0 0.29765625 0.71953125 0.003125 0.003125
0 0.296875 0.715625 0.003125 0.003125
0 0.2921875 0.70390625 0.0015625 0.0015625
0 0.29140625 0.7 0.0015625 0.0015625
0 0.2875 0.6921875 0.0015625 0.0015625
0 0.28203125 0.67890625 0.003125 0.003125
0 0.278125 0.66953125 0.0015625 0.0015625
0 0.27265625 0.65703125 0.003125 0.003125
0 0.26953125 0.64765625 0.003125 0.00625
0 0.26484375 0.63671875 0.0046875 0.0078125
0 0.265625 0.628125 0.0015625 0.0015625
0 0.23828125 0.5796875 0.0015625 0.0015625
0 0.234375 0.5703125 0.003125 0.003125
0 0.225 0.54765625 0.003125 0.003125
0 0.1828125 0.6578125 0.29375 0.2375
0 0.82734375 0.8359375 0.3453125 0.328125