0 0.3546875 0.53671875 0.109375 0.2390625
0 0.41015625 0.1703125 0.0015625 0.003125
0 0.82265625 0.33984375 0.315625 0.3078125
0 0.4984375 0.3125 0.178125 0.421875
0 0.93984375 0.7125 0.0015625 0.003125
0 0.41015625 0.6015625 0.0015625 0.00625
0 0.41015625 0.62265625 0.0015625 0.0046875
0 0.509375 0.70625 0.2 0.2875
0 0.88828125 0.75390625 0.2234375 0.1921875
0 0.7734375 0.8625 0.015625 0.025
0 0.77578125 0.8765625 0.0015625 0.003125
0 0.76953125 0.88046875 0.0015625 0.003125
0 0.7734375 0.8875 0.003125 0.0046875
0 0.76796875 0.91484375 0.003125 0.0046875
0 0.63046875 0.925 0.4421875 0.15