0 0.57421875 0.63828125 0.1921875 0.1421875
0 0.15390625 0.43828125 0.0046875 0.0046875
0 0.17421875 0.39453125 0.1796875 0.2453125
0 0.453125 0.1875 0.30625 0.3125
0 0.078125 0.18359375 0.15625 0.2546875
0 0.85 0.4171875 0.3 0.321875
0 0.50078125 0.95390625 0.3984375 0.0921875
0 0.07265625 0.95 0.1453125 0.1
0 0.2203125 0.9046875 0.215625 0.190625
0 0.41796875 0.7453125 0.1140625 0.071875
0 0.059375 0.80859375 0.11875 0.1984375
0 0.80859375 0.965625 0.2171875 0.06875
0 0.7546875 0.79453125 0.109375 0.1703125