0 0.0640625 0.40390625 0.128125 0.1921875
0 0.2625 0.15546875 0.39375 0.3109375
0 0.03671875 0.07578125 0.0734375 0.1515625
0 0.05 0.05390625 0.1 0.1078125
0 0.08046875 0.02890625 0.1078125 0.0578125
0 0.0546875 0.06484375 0.109375 0.1296875
0 0.56171875 0.40234375 0.2046875 0.1953125
0 0.7125 0.33671875 0.190625 0.246875
0 0.87265625 0.1578125 0.2546875 0.315625
0 0.41953125 0.628125 0.0796875 0.25625
0 0.2125 0.771875 0.425 0.45625
0 0.09921875 0.73203125 0.1984375 0.4171875
0 0.16484375 0.5578125 0.2046875 0.115625
0 0.65 0.75 0.38125 0.5