0 0.51328125 0.10625 0.003125 0.0015625
0 0.50390625 0.1078125 0.003125 0.0015625
0 0.11640625 0.1265625 0.2328125 0.253125
0 0.8421875 0.42734375 0.003125 0.0015625
0 0.8390625 0.4140625 0.003125 0.003125
0 0.61015625 0.1015625 0.1203125 0.18125
0 0.459375 0.8984375 0.18125 0.203125
0 0.32890625 0.4984375 0.3453125 0.1375
0 0.1421875 0.89453125 0.2640625 0.1921875
0 0.02734375 0.46640625 0.0546875 0.0734375
0 0.921875 0.55546875 0.15625 0.2515625
0 0.68671875 0.47265625 0.2734375 0.0859375
0 0.640625 0.63828125 0.18125 0.1109375
0 0.640625 0.93359375 0.18125 0.1328125