0 0.38203125 0.2671875 0.1140625 0.325
0 0.08359375 0.25 0.1671875 0.359375
0 0.33984375 0.07109375 0.1984375 0.1421875
0 0.04140625 0.0421875 0.0828125 0.084375
0 0.553125 0.0515625 0.190625 0.103125
0 0.484375 0.03984375 0.090625 0.0796875
0 0.05703125 0.81640625 0.1140625 0.2609375
0 0.3015625 0.67578125 0.275 0.4203125
0 0.0640625 0.51640625 0.128125 0.1734375
0 0.21015625 0.51015625 0.2578125 0.1609375
0 0.02421875 0.44609375 0.0484375 0.0328125
0 0.59140625 0.79921875 0.3046875 0.3203125
0 0.7203125 0.5 0.146875 0.140625
0 0.91796875 0.48828125 0.1640625 0.1171875
0 0.60234375 0.48671875 0.1703125 0.1140625