0 0.25546875 0.29921875 0.003125 0.003125
0 0.2703125 0.30859375 0.0015625 0.0015625
0 0.27734375 0.31953125 0.003125 0.003125
0 0.25390625 0.26171875 0.0015625 0.0015625
0 0.26796875 0.28515625 0.0046875 0.00625
0 0.253125 0.24296875 0.0015625 0.0015625
0 0.278125 0.28984375 0.0015625 0.0015625
0 0.26484375 0.265625 0.0078125 0.00625
0 0.25703125 0.24765625 0.0015625 0.0015625
0 0.27265625 0.2765625 0.0046875 0.0046875
0 0.25078125 0.23046875 0.0046875 0.0046875
0 0.2765625 0.2734375 0.0015625 0.0015625
0 0.284375 0.28671875 0.0015625 0.0015625
0 0.28046875 0.2703125 0.0015625 0.0015625
0 0.290625 0.2828125 0.0015625 0.0015625
0 0.2796875 0.26015625 0.003125 0.003125
0 0.2828125 0.27578125 0.01875 0.01875
0 0.28046875 0.25078125 0.003125 0.003125
0 0.36875 0.17109375 0.340625 0.3171875
0 0.8640625 0.19140625 0.2421875 0.2546875
0 0.3765625 0.78984375 0.325 0.4203125
0 0.9171875 0.4125 0.165625 0.165625