0 0.1453125 0.2359375 0.290625 0.365625
0 0.43046875 0.1296875 0.1390625 0.259375
0 0.0984375 0.08359375 0.196875 0.1671875
0 0.70546875 0.17578125 0.4109375 0.3515625
0 0.44296875 0.9265625 0.1140625 0.146875
0 0.10859375 0.8140625 0.2171875 0.2125
0 0.44375 0.63515625 0.1125 0.2234375
0 0.3265625 0.4734375 0.346875 0.109375
0 0.96875 0.7609375 0.0625 0.2625
0 0.57265625 0.90546875 0.1453125 0.1890625
0 0.6859375 0.70703125 0.1953125 0.196875
0 0.5796875 0.56875 0.159375 0.2125
0 0.71875 0.47421875 0.259375 0.1109375
0 0.6015625 0.459375 0.203125 0.08125