0 0.41328125 0.359375 0.003125 0.0015625
0 0.4140625 0.3546875 0.003125 0.0015625
0 0.40390625 0.33984375 0.003125 0.0015625
0 0.24765625 0.36015625 0.359375 0.2609375
0 0.81328125 0.05078125 0.00625 0.0046875
0 0.690625 0.003125 0.009375 0.00625
0 0.8265625 0.1125 0.315625 0.225
0 0.18125 0.86640625 0.025 0.0109375
0 0.16796875 0.871875 0.003125 0.0015625
0 0.16171875 0.8671875 0.003125 0.0015625
0 0.1578125 0.871875 0.003125 0.0015625
0 0.1328125 0.87421875 0.003125 0.0015625
0 0.1421875 0.796875 0.284375 0.334375
0 0.66953125 0.67109375 0.0015625 0.0015625
0 0.79375 0.81484375 0.25 0.3703125