0 0.00078125 0.15234375 0.0015625 0.0046875
0 0.00234375 0.14921875 0.0046875 0.0140625
0 0.109375 0.18828125 0.21875 0.3765625
0 0.82734375 0.2640625 0.0015625 0.003125
0 0.5359375 0.303125 0.053125 0.246875
0 0.82109375 0.2765625 0.3578125 0.30625
0 0.02734375 0.66796875 0.0546875 0.1359375
0 0.08046875 0.603125 0.1609375 0.15625
0 0.37890625 0.76875 0.2609375 0.234375
0 0.61328125 0.5125 0.2078125 0.165625
0 0.584375 0.63671875 0.15 0.3328125
0 0.58515625 0.76328125 0.1453125 0.1921875
0 0.56171875 0.8390625 0.1046875 0.20625
0 0.66640625 0.93515625 0.2015625 0.1296875