0 0.36484375 0.44921875 0.25625 0.2625
0 0.0625 0.4421875 0.125 0.3
0 0.04453125 0.3078125 0.0890625 0.2375
0 0.21015625 0.13125 0.4109375 0.2625
0 0.88359375 0.39921875 0.0078125 0.0140625
0 0.83515625 0.45625 0.3296875 0.30625
0 0.7703125 0.0015625 0.003125 0.003125
0 0.7890625 0.03984375 0.11875 0.0796875
0 0.63828125 0.09296875 0.2765625 0.1859375
0 0.42578125 0.884375 0.1484375 0.23125
0 0.16015625 0.91640625 0.3203125 0.1671875
0 0.09765625 0.9125 0.1953125 0.175
0 0.196875 0.68515625 0.196875 0.1515625
0 0.58125 0.8046875 0.1625 0.390625