0 0.3671875 0.3171875 0.0015625 0.003125
0 0.334375 0.4859375 0.0015625 0.003125
0 0.37734375 0.4578125 0.1953125 0.3359375
0 0.090625 0.46484375 0.18125 0.4296875
0 0.56328125 0.0109375 0.0015625 0.003125
0 0.565625 0.01953125 0.0015625 0.003125
0 0.65 0.55625 0.3 0.246875
0 0.37265625 0.7484375 0.2546875 0.1375
0 0.22734375 0.68046875 0.0015625 0.0015625
0 0.21015625 0.68046875 0.0015625 0.0015625
0 0.159375 0.74453125 0.240625 0.1296875
0 0.05390625 0.74375 0.1078125 0.128125
0 0.31328125 0.87578125 0.1234375 0.146875
0 0.08203125 0.91640625 0.1640625 0.1671875
0 0.54453125 0.91015625 0.0890625 0.1796875