0 0.04921875 0.45625 0.0984375 0.165625
0 0.21875 0.04765625 0.2 0.0953125
0 0.35078125 0.44375 0.0015625 0.00625
0 0.35390625 0.31640625 0.0078125 0.0109375
0 0.434375 0.225 0.16875 0.45
0 0.2140625 0.76953125 0.271875 0.4609375
0 0.4515625 0.59609375 0.003125 0.003125
0 0.45703125 0.58984375 0.0015625 0.003125
0 0.48828125 0.696875 0.2765625 0.315625
0 0.4140625 0.53984375 0.003125 0.0015625
0 0.41015625 0.53984375 0.0078125 0.0015625
0 0.40234375 0.53984375 0.0046875 0.0015625
0 0.42421875 0.60390625 0.1484375 0.1296875
0 0.83125 0.7390625 0.3375 0.4