0 0.37734375 0.18203125 0.2640625 0.3640625
0 0.125 0.2359375 0.25 0.471875
0 0.51015625 0.6296875 0.0015625 0.003125
0 0.51015625 0.62890625 0.0015625 0.0046875
0 0.54765625 0.553125 0.0015625 0.003125
0 0.54921875 0.53046875 0.0015625 0.003125
0 0.5796875 0.49765625 0.140625 0.2828125
0 0.759375 0.1609375 0.228125 0.2765625
0 0.1484375 0.95390625 0.296875 0.0921875
0 0.40390625 0.88125 0.2109375 0.2375
0 0.2453125 0.77890625 0.1671875 0.1765625
0 0.4484375 0.7078125 0.121875 0.1375
0 0.2734375 0.63984375 0.003125 0.0015625
0 0.02421875 0.70625 0.0484375 0.134375
0 0.30234375 0.71171875 0.3015625 0.1453125
0 0.8125 0.66640625 0.140625 0.0546875