0 0.27109375 0.04296875 0.0015625 0.003125
0 0.26875 0.03828125 0.0015625 0.003125
0 0.2671875 0.03359375 0.0015625 0.003125
0 0.265625 0.028125 0.0015625 0.003125
0 0.26328125 0.02421875 0.0015625 0.003125
0 0.2703125 0.025 0.0015625 0.003125
0 0.26171875 0.02109375 0.0015625 0.003125
0 0.259375 0.015625 0.0015625 0.003125
0 0.2578125 0.01171875 0.0015625 0.003125
0 0.265625 0.00390625 0.0015625 0.003125
0 0.25390625 0.00234375 0.0015625 0.003125
0 0.25078125 0.00078125 0.0015625 0.0015625
0 0.24921875 0.00078125 0.0015625 0.0015625
0 0.26875 0.00234375 0.00625 0.0046875
0 0.246875 0.00078125 0.003125 0.0015625
0 0.26484375 0.00078125 0.0015625 0.0015625
0 0.2609375 0.00078125 0.003125 0.0015625
0 0.26328125 0.00078125 0.0015625 0.0015625
0 0.25234375 0.00078125 0.0015625 0.0015625
0 0.25078125 0.00078125 0.0015625 0.0015625
0 0.24765625 0.00078125 0.0015625 0.0015625
0 0.253125 0.00078125 0.003125 0.0015625
0 0.24609375 0.00078125 0.0015625 0.0015625
0 0.24453125 0.00078125 0.0015625 0.0015625
0 0.24296875 0.00078125 0.0015625 0.0015625
0 0.234375 0.2265625 0.46875 0.453125
0 0.67734375 0.3265625 0.4171875 0.30625
0 0.70859375 0.1375 0.4796875 0.275
0 0.20625 0.621875 0.303125 0.284375
0 0.6765625 0.7328125 0.1515625 0.1859375