0 0.00078125 0.00078125 0.0015625 0.0015625
0 0.00078125 0.00078125 0.0015625 0.0015625
0 0.07734375 0.13125 0.1546875 0.2625
0 0.24765625 0.3640625 0.2171875 0.090625
0 0.96640625 0.16640625 0.0671875 0.2015625
0 0.14296875 0.6015625 0.0015625 0.0015625
0 0.140625 0.60546875 0.0015625 0.0015625
0 0.0984375 0.8125 0.0015625 0.0015625
0 0.109375 0.8125 0.0046875 0.00625
0 0.08125 0.8109375 0.0015625 0.0015625
0 0.171875 0.88515625 0.34375 0.2296875
0 0.94765625 0.540625 0.0015625 0.0015625
0 0.57578125 0.47109375 0.1328125 0.1234375
0 0.88828125 0.57109375 0.2234375 0.3078125
0 0.71796875 0.7625 0.003125 0.0015625
0 0.6859375 0.7890625 0.1515625 0.2171875
0 0.57421875 0.84765625 0.1296875 0.2734375
0 0.7125 0.94765625 0.175 0.1046875