0 0.453125 0.26640625 0.0015625 0.003125
0 0.55234375 0.26171875 0.096875 0.1890625
0 0.2703125 0.24375 0.15625 0.2078125
0 0.6671875 0.31640625 0.0015625 0.003125
0 0.646875 0.26171875 0.003125 0.003125
0 0.63046875 0.253125 0.0015625 0.009375
0 0.63671875 0.2375 0.003125 0.00625
0 0.63046875 0.2421875 0.0015625 0.003125
0 0.63046875 0.2109375 0.0015625 0.003125
0 0.6703125 0.27890625 0.08125 0.1796875
0 0.68125 0.1859375 0.0015625 0.003125
0 0.65234375 0.06171875 0.0015625 0.003125
0 0.65546875 0.06015625 0.0015625 0.003125
0 0.65703125 0.0546875 0.0015625 0.003125
0 0.66328125 0.08046875 0.0671875 0.1609375
0 0.66640625 0.0515625 0.0734375 0.103125
0 0.0578125 0.765625 0.115625 0.284375
0 0.30234375 0.6390625 0.30625 0.3546875
0 0.81328125 0.6109375 0.0015625 0.003125
0 0.765625 0.57578125 0.1140625 0.15