0 0.121875 0.0890625 0.24375 0.178125
0 0.39140625 0.8484375 0.0015625 0.0015625
0 0.24921875 0.66953125 0.4984375 0.3921875
0 0.9125 0.9765625 0.0078125 0.00625
0 0.89921875 0.978125 0.003125 0.003125
0 0.890625 0.978125 0.00625 0.003125
0 0.85 0.984375 0.0140625 0.00625
0 0.8203125 0.9875 0.0078125 0.003125
0 0.81015625 0.9921875 0.0015625 0.0015625
0 0.8109375 0.98515625 0.0015625 0.0015625
0 0.76015625 0.9765625 0.00625 0.003125
0 0.74453125 0.98125 0.0015625 0.0015625
0 0.7390625 0.96640625 0.009375 0.0046875
0 0.76484375 0.8859375 0.4703125 0.228125
0 0.58125 0.7234375 0.103125 0.234375