0 0.3671875 0.14609375 0.2296875 0.184375
0 0.58984375 0.00546875 0.0015625 0.0015625
0 0.83828125 0.1828125 0.1859375 0.1453125
0 0.75625 0.0859375 0.334375 0.171875
0 0.26875 0.96484375 0.003125 0.0046875
0 0.28359375 0.95546875 0.003125 0.0015625
0 0.3546875 0.95390625 0.315625 0.0921875
0 0.42109375 0.7125 0.3359375 0.225
0 0.55546875 0.9203125 0.0671875 0.159375
0 0.58984375 0.87578125 0.0015625 0.0015625
0 0.58984375 0.871875 0.0015625 0.003125
0 0.58984375 0.86796875 0.0015625 0.0015625
0 0.59140625 0.85703125 0.003125 0.0015625
0 0.65859375 0.9171875 0.1390625 0.165625