0 0.05234375 0.11484375 0.1046875 0.2296875
0 0.76015625 0.00078125 0.0015625 0.0015625
0 0.76015625 0.00078125 0.0015625 0.0015625
0 0.76171875 0.00078125 0.0015625 0.0015625
0 0.76171875 0.00078125 0.0015625 0.0015625
0 0.76328125 0.00078125 0.0015625 0.0015625
0 0.75390625 0.00078125 0.0015625 0.0015625
0 0.76328125 0.00078125 0.0015625 0.0015625
0 0.76328125 0.00078125 0.0015625 0.0015625
0 0.76484375 0.00078125 0.0015625 0.0015625
0 0.75234375 0.00078125 0.0015625 0.0015625
0 0.76484375 0.00078125 0.0015625 0.0015625
0 0.76640625 0.00078125 0.0015625 0.0015625
0 0.76640625 0.00078125 0.0015625 0.0015625
0 0.7453125 0.00234375 0.00625 0.0046875
0 0.76640625 0.00078125 0.0015625 0.0015625
0 0.73671875 0.00078125 0.0015625 0.0015625
0 0.73828125 0.00078125 0.0015625 0.0015625
0 0.73515625 0.00078125 0.0015625 0.0015625
0 0.74140625 0.00078125 0.0015625 0.0015625
0 0.74296875 0.00078125 0.0015625 0.0015625
0 0.7375 0.00078125 0.003125 0.0015625
0 0.784375 0.1359375 0.43125 0.271875
0 0.23828125 0.92734375 0.4765625 0.1453125
0 0.165625 0.63125 0.33125 0.484375
0 0.6 0.578125 0.1 0.378125