0 0.31796875 0.4125 0.003125 0.003125
0 0.0671875 0.24453125 0.134375 0.2765625
0 0.3265625 0.2859375 0.30625 0.3734375
0 0.365625 0.028125 0.003125 0.003125
0 0.3453125 0.01875 0.0015625 0.0015625
0 0.3890625 0.0109375 0.003125 0.003125
0 0.38203125 0.08984375 0.3546875 0.1796875
0 0.10078125 0.0875 0.2015625 0.175
0 0.26796875 0.76171875 0.5359375 0.3859375
0 0.56015625 0.69765625 0.0015625 0.0046875
0 0.62578125 0.82890625 0.003125 0.003125
0 0.63125 0.81796875 0.0015625 0.0015625
0 0.6359375 0.81640625 0.0046875 0.0046875
0 0.7578125 0.84375 0.3421875 0.30625
0 0.64140625 0.67734375 0.1640625 0.2171875
0 0.66171875 0.66953125 0.2046875 0.2015625