0 0.05078125 0.5953125 0.0296875 0.0171875
0 0.03515625 0.5953125 0.003125 0.003125
0 0.03046875 0.5875 0.003125 0.003125
0 0.025 0.590625 0.003125 0.003125
0 0.00078125 0.58046875 0.0015625 0.0046875
0 0.17421875 0.33359375 0.3484375 0.6671875
0 0.0109375 0.0046875 0.021875 0.009375
0 0.62578125 0.5640625 0.003125 0.003125
0 0.61171875 0.55546875 0.0109375 0.0078125
0 0.66953125 0.3859375 0.5015625 0.565625
0 0.38359375 0.8515625 0.003125 0.003125
0 0.3859375 0.846875 0.003125 0.003125
0 0.38359375 0.828125 0.003125 0.003125
0 0.21328125 0.80546875 0.4109375 0.2734375
0 0.82265625 0.74140625 0.3546875 0.1453125
0 0.63828125 0.81171875 0.3171875 0.2859375