0 0.22421875 0.115625 0.0015625 0.0015625
0 0.2 0.11640625 0.0015625 0.0015625
0 0.18515625 0.11953125 0.003125 0.003125
0 0.153125 0.0890625 0.30625 0.178125
0 0.95390625 0.11484375 0.0015625 0.0015625
0 0.7953125 0.16484375 0.409375 0.2546875
0 0.553125 0.57421875 0.071875 0.0890625
0 0.4234375 0.85625 0.0015625 0.0015625
0 0.4640625 0.890625 0.134375 0.1078125
0 0.23515625 0.37421875 0.1203125 0.0484375
0 0.0578125 0.790625 0.115625 0.096875
0 0.0359375 0.509375 0.071875 0.084375
0 0.8234375 0.9609375 0.0015625 0.0015625
0 0.79765625 0.44453125 0.190625 0.1265625
0 0.734375 0.92421875 0.2 0.1515625
0 0.625 0.37734375 0.071875 0.0546875
0 0.621875 0.76796875 0.065625 0.1140625
0 0.6171875 0.4515625 0.05625 0.08125