0 0.07265625 0.45703125 0.0015625 0.003125
0 0.075 0.47578125 0.003125 0.003125
0 0.06015625 0.54921875 0.0015625 0.0015625
0 0.121875 0.32265625 0.24375 0.4546875
0 0.60390625 0.41875 0.1703125 0.2625
0 0.234375 0.78984375 0.003125 0.003125
0 0.22890625 0.7921875 0.003125 0.003125
0 0.22265625 0.7953125 0.0015625 0.003125
0 0.2171875 0.796875 0.0015625 0.003125
0 0.21171875 0.80078125 0.0015625 0.003125
0 0.20546875 0.803125 0.0015625 0.003125
0 0.2 0.8046875 0.0015625 0.003125
0 0.19453125 0.8078125 0.0015625 0.003125
0 0.26484375 0.8515625 0.253125 0.275
0 0.7 0.60234375 0.2625 0.1046875
0 0.5875 0.61015625 0.1375 0.1203125
0 0.86875 0.84296875 0.2625 0.3140625