0 0.04375 0.3875 0.0875 0.084375
0 0.41875 0.25234375 0.1 0.2328125
0 0.08046875 0.1015625 0.1609375 0.203125
0 0.4859375 0.00234375 0.0015625 0.003125
0 0.4953125 0.0015625 0.0015625 0.003125
0 0.53125 0.00078125 0.003125 0.0015625
0 0.53046875 0.00078125 0.0015625 0.0015625
0 0.53203125 0.00078125 0.0015625 0.0015625
0 0.53359375 0.00078125 0.0015625 0.0015625
0 0.53359375 0.00078125 0.0015625 0.0015625
0 0.53515625 0.00078125 0.0015625 0.0015625
0 0.53828125 0.00078125 0.0015625 0.0015625
0 0.53984375 0.00078125 0.0015625 0.0015625
0 0.540625 0.0015625 0.003125 0.003125
0 0.5421875 0.0015625 0.003125 0.003125
0 0.54765625 0.00078125 0.0015625 0.0015625
0 0.54765625 0.00078125 0.0015625 0.0015625
0 0.54765625 0.00078125 0.0015625 0.0015625
0 0.55078125 0.00078125 0.0015625 0.0015625
0 0.55234375 0.00078125 0.0015625 0.0015625
0 0.55078125 0.12109375 0.1640625 0.2421875
0 0.05625 0.6953125 0.1125 0.29375
0 0.31953125 0.72578125 0.2984375 0.3484375
0 0.1765625 0.51484375 0.003125 0.009375
0 0.18359375 0.475 0.003125 0.009375
0 0.2171875 0.5078125 0.11875 0.15625
0 0.7421875 0.8578125 0.34375 0.284375
0 0.521875 0.52421875 0.10625 0.1890625