0 0.38515625 0.05234375 0.1453125 0.1046875
0 0.31328125 0.40234375 0.1796875 0.1328125
0 0.03671875 0.23125 0.0734375 0.2
0 0.6328125 0.36015625 0.2875 0.2171875
0 0.7625 0.096875 0.475 0.19375
0 0.41015625 0.53203125 0.1390625 0.1265625
0 0.15234375 0.61796875 0.003125 0.0015625
0 0.14296875 0.63359375 0.003125 0.0015625
0 0.19609375 0.684375 0.2390625 0.2109375
0 0.1265625 0.96171875 0.234375 0.0765625
0 0.059375 0.49453125 0.11875 0.0515625
0 0.0328125 0.52578125 0.065625 0.1078125
0 0.05546875 0.76015625 0.1109375 0.1640625
0 0.75625 0.5453125 0.4875 0.153125