0 0.246875 0.0125 0.14375 0.025
0 0.18515625 0.475 0.2671875 0.509375
0 0.7203125 0.18984375 0.003125 0.003125
0 0.72421875 0.18671875 0.003125 0.003125
0 0.72734375 0.18359375 0.003125 0.003125
0 0.7328125 0.1796875 0.003125 0.003125
0 0.73515625 0.17578125 0.003125 0.003125
0 0.7375 0.1828125 0.003125 0.003125
0 0.73828125 0.1734375 0.003125 0.003125
0 0.74453125 0.16953125 0.003125 0.003125
0 0.74765625 0.165625 0.003125 0.003125
0 0.75546875 0.171875 0.003125 0.003125
0 0.75546875 0.15859375 0.003125 0.003125
0 0.75859375 0.15625 0.003125 0.003125
0 0.76328125 0.1515625 0.003125 0.003125
0 0.76875 0.1703125 0.0109375 0.0078125
0 0.76640625 0.14921875 0.003125 0.003125
0 0.80625 0.153125 0.003125 0.003125
0 0.8125 0.146875 0.003125 0.003125
0 0.81640625 0.14609375 0.003125 0.003125
0 0.83046875 0.13125 0.003125 0.003125
0 0.83359375 0.12734375 0.003125 0.003125
0 0.83671875 0.12421875 0.003125 0.003125
0 0.83828125 0.1296875 0.0046875 0.0046875
0 0.83984375 0.12109375 0.003125 0.003125
0 0.84296875 0.11875 0.003125 0.003125
0 0.846875 0.11484375 0.003125 0.003125
0 0.659375 0.24296875 0.68125 0.4859375
0 0.09609375 0.8140625 0.1921875 0.16875
0 0.74140625 0.771875 0.3078125 0.084375