0 0.31328125 0.32421875 0.0015625 0.003125
0 0.3046875 0.32421875 0.0015625 0.003125
0 0.271875 0.30625 0.003125 0.003125
0 0.27265625 0.3 0.0015625 0.003125
0 0.27421875 0.2875 0.0015625 0.003125
0 0.2734375 0.28359375 0.0015625 0.003125
0 0.275 0.2734375 0.0015625 0.003125
0 0.2765625 0.2578125 0.0015625 0.003125
0 0.27734375 0.24765625 0.0015625 0.003125
0 0.27734375 0.2328125 0.0015625 0.003125
0 0.27890625 0.221875 0.0015625 0.00625
0 0.28046875 0.20859375 0.0015625 0.0078125
0 0.2765625 0.2 0.0015625 0.003125
0 0.28984375 0.140625 0.0015625 0.003125
0 0.29140625 0.1296875 0.0015625 0.003125
0 0.29375 0.10390625 0.0015625 0.003125
0 0.2953125 0.0921875 0.0015625 0.003125
0 0.33671875 0.16328125 0.1984375 0.3265625
0 0.79375 0.121875 0.3875 0.24375
0 0.21015625 0.828125 0.4203125 0.34375
0 0.6640625 0.79140625 0.1984375 0.359375
0 0.90078125 0.6703125 0.1984375 0.1625
0 0.51484375 0.66484375 0.1296875 0.1515625