0 0.33359375 0.00078125 0.0015625 0.0015625
0 0.24921875 0.00078125 0.0015625 0.0015625
0 0.36796875 0.00078125 0.0015625 0.0015625
0 0.21875 0.00078125 0.003125 0.0015625
0 0.4734375 0.009375 0.0015625 0.003125
0 0.40390625 0.02109375 0.0015625 0.003125
0 0.415625 0.03984375 0.0015625 0.003125
0 0.42109375 0.04453125 0.0015625 0.003125
0 0.328125 0.18125 0.34375 0.3625
0 0.37734375 0.5328125 0.2046875 0.2125
0 0.8203125 0.40703125 0.18125 0.3421875
0 0.73046875 0.846875 0.0015625 0.003125
0 0.88515625 0.85625 0.178125 0.2078125
0 0.815625 0.88203125 0.171875 0.2359375