0 0.3578125 0.47421875 0.0015625 0.0015625
0 0.03984375 0.5625 0.0796875 0.175
0 0.2953125 0.3578125 0.146875 0.259375
0 0.02265625 0.209375 0.0453125 0.159375
0 0.14296875 0.159375 0.1484375 0.1609375
0 0.33984375 0.028125 0.0578125 0.05625
0 0.0375 0.05078125 0.075 0.1015625
0 0.928125 0.5828125 0.14375 0.134375
0 0.6515625 0.4265625 0.140625 0.16875
0 0.55390625 0.03984375 0.003125 0.003125
0 0.54296875 0.1265625 0.2234375 0.253125
0 0.24921875 0.67421875 0.0640625 0.0484375
0 0.33203125 0.68984375 0.0734375 0.0796875
0 0.7 0.71015625 0.321875 0.1203125