0 0.2921875 0.16484375 0.459375 0.3296875
0 0.58984375 0.221875 0.0015625 0.003125
0 0.58984375 0.228125 0.0015625 0.003125
0 0.58984375 0.25234375 0.0015625 0.0046875
0 0.58984375 0.24921875 0.0015625 0.0046875
0 0.58984375 0.2421875 0.0015625 0.003125
0 0.58984375 0.240625 0.0015625 0.003125
0 0.58984375 0.2359375 0.0015625 0.003125
0 0.58984375 0.228125 0.0015625 0.003125
0 0.58984375 0.2234375 0.0015625 0.003125
0 0.58984375 0.215625 0.0015625 0.003125
0 0.590625 0.209375 0.003125 0.003125
0 0.590625 0.20390625 0.003125 0.0046875
0 0.58984375 0.203125 0.0015625 0.003125
0 0.61875 0.165625 0.003125 0.003125
0 0.62890625 0.159375 0.003125 0.003125
0 0.65234375 0.146875 0.003125 0.003125
0 0.6609375 0.140625 0.003125 0.003125
0 0.73671875 0.12890625 0.2953125 0.2578125
0 0.23828125 0.92890625 0.2703125 0.1421875
0 0.43828125 0.56640625 0.3015625 0.1328125
0 0.8625 0.7671875 0.275 0.465625