0 0.00234375 0.4734375 0.0046875 0.00625
0 0.00234375 0.47265625 0.0046875 0.0046875
0 0.0703125 0.37265625 0.140625 0.3734375
0 0.03828125 0.06171875 0.0765625 0.1234375
0 0.0640625 0.0703125 0.128125 0.140625
0 0.665625 0.4171875 0.1125 0.1328125
0 0.52265625 0.38203125 0.0671875 0.1546875
0 0.86875 0.0390625 0.121875 0.078125
0 0.51875 0.03671875 0.059375 0.0734375
0 0.64765625 0.03203125 0.1046875 0.0640625
0 0.0796875 0.91953125 0.159375 0.1609375
0 0.16328125 0.59765625 0.1390625 0.0765625
0 0.459375 0.590625 0.059375 0.0625
0 0.63125 0.834375 0.284375 0.33125
0 0.81796875 0.60546875 0.1984375 0.0921875