0 0.28984375 0.49609375 0.3671875 0.1078125
0 0.67734375 0.240625 0.0015625 0.003125
0 0.72265625 0.28046875 0.128125 0.1640625
0 0.24140625 0.6375 0.0015625 0.003125
0 0.43125 0.6953125 0.0015625 0.003125
0 0.25703125 0.6953125 0.003125 0.003125
0 0.4265625 0.72265625 0.0046875 0.009375
0 0.265625 0.7203125 0.003125 0.00625
0 0.4265625 0.73359375 0.003125 0.003125
0 0.29140625 0.7484375 0.003125 0.003125
0 0.346875 0.68828125 0.1828125 0.2
0 0.21796875 0.7671875 0.0015625 0.003125
0 0.346875 0.7875 0.0015625 0.003125
0 0.2390625 0.89453125 0.0015625 0.003125
0 0.234375 0.89609375 0.0015625 0.003125
0 0.23359375 0.90078125 0.0015625 0.003125
0 0.5265625 0.91015625 0.15625 0.1796875
0 0.27265625 0.93046875 0.1703125 0.1390625
0 0.65625 0.5953125 0.075 0.090625
0 0.67734375 0.771875 0.1171875 0.209375