0 0.55859375 0.471875 0.2390625 0.115625
0 0.175 0.17421875 0.28125 0.3484375
0 0.1234375 0.0765625 0.246875 0.153125
0 0.634375 0.0515625 0.209375 0.103125
0 0.871875 0.33671875 0.184375 0.3859375
0 0.90625 0.31328125 0.1875 0.3171875
0 0.8203125 0.0109375 0.08125 0.021875
0 0.47890625 0.7375 0.2015625 0.2140625
0 0.7046875 0.60390625 0.15 0.1484375
0 0.49765625 0.58828125 0.1921875 0.1171875
0 0.8171875 0.5859375 0.075 0.1125
0 0.94375 0.6703125 0.1125 0.171875
0 0.8078125 0.5546875 0.05625 0.05