0 0.38515625 0.5234375 0.0015625 0.0015625
0 0.071875 0.440625 0.14375 0.21875
0 0.965625 0.203125 0.06875 0.2875
0 0.6609375 0.196875 0.378125 0.39375
0 0.828125 0.4546875 0.1296875 0.153125
0 0.54453125 0.47890625 0.1515625 0.1421875
0 0.28515625 0.6203125 0.1703125 0.140625
0 0.30703125 0.71640625 0.0984375 0.165625
0 0.23671875 0.91484375 0.1578125 0.1703125
0 0.9203125 0.65078125 0.15625 0.2015625
0 0.5 0.70078125 0.1234375 0.1703125
0 0.4046875 0.95859375 0.03125 0.0828125
0 0.64921875 0.9421875 0.1265625 0.115625