0 0.32421875 0.00078125 0.0078125 0.0015625
0 0.215625 0.003125 0.009375 0.00625
0 0.1625 0.059375 0.325 0.11875
0 0.59453125 0.18828125 0.0015625 0.0015625
0 0.47578125 0.2796875 0.2921875 0.396875
0 0.690625 0.82421875 0.003125 0.003125
0 0.6875 0.828125 0.003125 0.003125
0 0.6828125 0.83359375 0.0015625 0.0015625
0 0.6796875 0.8375 0.0015625 0.0015625
0 0.67578125 0.8421875 0.0015625 0.0015625
0 0.671875 0.84609375 0.0015625 0.0015625
0 0.66875 0.85078125 0.0015625 0.0015625
0 0.665625 0.85546875 0.0015625 0.0015625
0 0.64140625 0.78125 0.215625 0.184375