0 0.31484375 0.03671875 0.1703125 0.0734375
0 0.32265625 0.07109375 0.1546875 0.1421875
0 0.35546875 0.21171875 0.0890625 0.3140625
0 0.0671875 0.16796875 0.134375 0.3359375
0 0.68203125 0.203125 0.5640625 0.40625
0 0.46015625 0.37265625 0.1203125 0.1921875
0 0.8578125 0.41953125 0.284375 0.0984375
0 0.00078125 0.7671875 0.0015625 0.00625
0 0.08984375 0.85859375 0.1796875 0.2828125
0 0.5640625 0.5359375 0.328125 0.134375
0 0.8203125 0.940625 0.003125 0.003125
0 0.8640625 0.93203125 0.2125 0.1359375
0 0.4578125 0.88515625 0.115625 0.2296875