0 0.196875 0.3546875 0.003125 0.003125
0 0.2453125 0.321875 0.1640625 0.14375
0 0.54453125 0.20859375 0.0046875 0.0046875
0 0.56171875 0.2046875 0.003125 0.003125
0 0.6359375 0.30859375 0.234375 0.3015625
0 0.81328125 0.09453125 0.3734375 0.1890625
0 0.88125 0.3171875 0.2375 0.20625
0 0.259375 0.6265625 0.51875 0.334375
0 0.51953125 0.46015625 0.0015625 0.0015625
0 0.5203125 0.46171875 0.003125 0.0046875
0 0.5203125 0.46171875 0.003125 0.0046875
0 0.63203125 0.5390625 0.2265625 0.159375
0 0.9375 0.57421875 0.125 0.2296875