0 0.1859375 0.17578125 0.371875 0.3515625
0 0.11640625 0.66171875 0.2328125 0.2546875
0 0.9578125 0.6609375 0.084375 0.2125
0 0.3078125 0.89453125 0.403125 0.2109375
0 0.51015625 0.78984375 0.0015625 0.0015625
0 0.65390625 0.78984375 0.0046875 0.0015625
0 0.51640625 0.790625 0.0046875 0.003125
0 0.65234375 0.790625 0.0046875 0.003125
0 0.51953125 0.78984375 0.0046875 0.0015625
0 0.63671875 0.78984375 0.0046875 0.0015625
0 0.58828125 0.8375 0.1578125 0.096875
0 0.6 0.78984375 0.003125 0.0015625
0 0.71875 0.78984375 0.003125 0.0015625
0 0.54921875 0.8390625 0.0796875 0.1
0 0.7046875 0.8421875 0.175 0.10625