0 0.03203125 0.03984375 0.0640625 0.0796875
0 0.33984375 0.1515625 0.1984375 0.303125
0 0.48828125 0.31328125 0.003125 0.0015625
0 0.49296875 0.309375 0.0015625 0.0015625
0 0.5421875 0.284375 0.003125 0.003125
0 0.53125 0.21328125 0.184375 0.3484375
0 0.9125 0.115625 0.175 0.23125
0 0.565625 0.0546875 0.2 0.109375
0 0.00078125 0.790625 0.0015625 0.003125
0 0.00078125 0.77109375 0.0015625 0.0078125
0 0.00078125 0.771875 0.0015625 0.003125
0 0.09375 0.696875 0.1875 0.334375
0 0.31015625 0.69921875 0.2578125 0.3390625