0 0.0921875 0.4875 0.184375 0.29375
0 0.8625 0.2921875 0.275 0.525
0 0.80390625 0.1296875 0.3390625 0.259375
0 0.48828125 0.984375 0.003125 0.0015625
0 0.50390625 0.97890625 0.0015625 0.0015625
0 0.515625 0.98046875 0.003125 0.0015625
0 0.46015625 0.9609375 0.0015625 0.0015625
0 0.48515625 0.965625 0.003125 0.003125
0 0.4453125 0.94921875 0.0015625 0.0015625
0 0.49375 0.9609375 0.0015625 0.0015625
0 0.46875 0.95546875 0.0046875 0.00625
0 0.45078125 0.9484375 0.0015625 0.0015625
0 0.48125 0.95625 0.003125 0.003125
0 0.43515625 0.94296875 0.003125 0.003125
0 0.48125 0.9515625 0.0015625 0.0015625
0 0.4953125 0.953125 0.0015625 0.0015625
0 0.48125 0.94609375 0.0015625 0.0015625
0 0.49609375 0.9453125 0.0015625 0.0015625
0 0.47265625 0.9390625 0.003125 0.0015625
0 0.48671875 0.946875 0.01875 0.015625
0 0.465625 0.934375 0.003125 0.0015625
0 0.44921875 0.834375 0.1796875 0.33125
0 0.28203125 0.73203125 0.2171875 0.1265625
0 0.80625 0.834375 0.3875 0.33125
0 0.54140625 0.671875 0.0046875 0.00625