0 0.2453125 0.25625 0.490625 0.384375
0 0.5265625 0.5125 0.165625 0.2125
0 0.6859375 0.1203125 0.153125 0.240625
0 0.88828125 0.059375 0.0015625 0.0015625
0 0.8046875 0.1234375 0.390625 0.246875
0 0.8546875 0.5421875 0.290625 0.153125
0 0.14765625 0.7046875 0.003125 0.003125
0 0.14609375 0.7125 0.0125 0.00625
0 0.1671875 0.75078125 0.334375 0.2640625
0 0.68046875 0.73828125 0.1421875 0.1640625
0 0.7078125 0.70234375 0.196875 0.1671875
0 0.884375 0.70703125 0.1671875 0.0921875
0 0.9109375 0.65625 0.171875 0.075