0 0.209375 0.184375 0.41875 0.36875
0 0.42109375 0.059375 0.0046875 0.021875
0 0.42109375 0.18828125 0.0046875 0.0171875
0 0.41953125 0.06640625 0.0015625 0.0046875
0 0.43046875 0.1265625 0.0234375 0.10625
0 0.6390625 0.32109375 0.440625 0.0953125
0 0.7671875 0.17265625 0.465625 0.3453125
0 0.075 0.46171875 0.0015625 0.0015625
0 0.175 0.5140625 0.35 0.290625
0 0.38046875 0.73125 0.0765625 0.284375
0 0.7125 0.728125 0.0015625 0.0015625
0 0.71796875 0.72109375 0.0015625 0.0015625
0 0.74609375 0.69765625 0.003125 0.003125
0 0.7515625 0.69921875 0.003125 0.003125
0 0.7625 0.7046875 0.0015625 0.0015625
0 0.765625 0.70546875 0.0015625 0.0015625
0 0.77421875 0.71015625 0.0015625 0.0015625
0 0.78671875 0.71640625 0.003125 0.003125
0 0.796875 0.72109375 0.0015625 0.0015625
0 0.809375 0.7265625 0.003125 0.003125
0 0.81875 0.73046875 0.00625 0.003125
0 0.8296875 0.73515625 0.0078125 0.003125
0 0.8390625 0.7359375 0.0015625 0.0015625
0 0.8875 0.7671875 0.0015625 0.0015625
0 0.896875 0.771875 0.003125 0.003125
0 0.9203125 0.78203125 0.003125 0.003125
0 0.92890625 0.78671875 0.0015625 0.0015625
0 0.8390625 0.8234375 0.321875 0.2625