0 0.09140625 0.4015625 0.1828125 0.15625
0 0.3171875 0.23515625 0.0015625 0.003125
0 0.3359375 0.23203125 0.0015625 0.003125
0 0.33828125 0.303125 0.2015625 0.275
0 0.06875 0.06875 0.1375 0.1375
0 0.36171875 0.03828125 0.1296875 0.0765625
0 0.4796875 0.40703125 0.08125 0.1359375
0 0.75703125 0.45078125 0.1765625 0.0578125
0 0.68515625 0.05234375 0.1859375 0.1046875
0 0.021875 0.86875 0.04375 0.2625
0 0.05859375 0.91328125 0.1171875 0.1734375
0 0.39453125 0.74140625 0.0859375 0.1015625
0 0.04375 0.5890625 0.0875 0.21875
0 0.3375 0.54921875 0.125 0.1390625
0 0.8109375 0.8140625 0.290625 0.328125
0 0.49140625 0.5640625 0.1046875 0.16875