0 0.2671875 0.00078125 0.003125 0.0015625
0 0.26328125 0.00078125 0.0046875 0.0015625
0 0.25859375 0.0015625 0.0078125 0.003125
0 0.259375 0.00078125 0.003125 0.0015625
0 0.2515625 0.00078125 0.00625 0.0015625
0 0.25546875 0.00078125 0.0046875 0.0015625
0 0.246875 0.00078125 0.003125 0.0015625
0 0.21484375 0.00234375 0.0109375 0.0046875
0 0.2015625 0.00078125 0.003125 0.0015625
0 0.1953125 0.00078125 0.003125 0.0015625
0 0.196875 0.00078125 0.003125 0.0015625
0 0.1265625 0.00625 0.05625 0.0125
0 0.2390625 0.08828125 0.478125 0.1765625
0 0.825 0.20390625 0.35 0.4078125
0 0.46328125 0.56796875 0.003125 0.003125
0 0.27265625 0.56875 0.4296875 0.3
0 0.6859375 0.9171875 0.09375 0.165625