0 0.01953125 0.5515625 0.0390625 0.134375
0 0.3625 0.54453125 0.003125 0.003125
0 0.36484375 0.53828125 0.003125 0.003125
0 0.46640625 0.46171875 0.2953125 0.3140625
0 0.66796875 0.2328125 0.1015625 0.403125
0 0.346875 0.05078125 0.2375 0.1015625
0 0.75546875 0.5625 0.0734375 0.1125
0 0.7734375 0.35390625 0.109375 0.2421875
0 0.76875 0.22578125 0.1 0.2171875
0 0.71953125 0.00078125 0.0015625 0.0015625
0 0.79765625 0.08359375 0.1578125 0.1671875
0 0.31640625 0.9625 0.003125 0.003125
0 0.028125 0.85 0.05625 0.259375
0 0.3453125 0.88203125 0.40625 0.2359375
0 0.2203125 0.61953125 0.003125 0.0015625
0 0.20625 0.67890625 0.16875 0.1203125
0 0.07265625 0.68828125 0.1453125 0.1390625
0 0.3546875 0.68046875 0.196875 0.1234375
0 0.74140625 0.87421875 0.0453125 0.2515625
0 0.878125 0.83359375 0.24375 0.2703125