0 0.32265625 0.5 0.0015625 0.003125
0 0.321875 0.49375 0.0015625 0.003125
0 0.234375 0.3796875 0.2 0.259375
0 0.0671875 0.128125 0.134375 0.25625
0 0.72734375 0.3359375 0.4546875 0.346875
0 0.81640625 0.10234375 0.2203125 0.2046875
0 0.56484375 0.08203125 0.1296875 0.1640625
0 0.00078125 0.7546875 0.0015625 0.003125
0 0.00078125 0.7546875 0.0015625 0.003125
0 0.096875 0.646875 0.19375 0.275
0 0.27890625 0.6796875 0.3671875 0.340625
0 0.5390625 0.92265625 0.078125 0.1546875
0 0.8578125 0.55859375 0.140625 0.0984375
0 0.55859375 0.59453125 0.1171875 0.1703125
0 0.53515625 0.55078125 0.0703125 0.0828125