0 0.09296875 0.53984375 0.003125 0.0015625
0 0.12734375 0.05 0.2421875 0.1
0 0.13359375 0.46953125 0.2671875 0.1796875
0 0.48046875 0.0703125 0.3609375 0.140625
0 0.59375 0.22265625 0.36875 0.3328125
0 0.8484375 0.05859375 0.28125 0.1171875
0 0.98125 0.34296875 0.0375 0.1546875
0 0.36171875 0.60859375 0.1234375 0.0984375
0 0.43125 0.62734375 0.003125 0.0015625
0 0.4375 0.62890625 0.003125 0.0015625
0 0.4828125 0.7203125 0.365625 0.24375
0 0.784375 0.915625 0.359375 0.16875
0 0.9640625 0.6078125 0.071875 0.096875