0 0.409375 0.1296875 0.003125 0.003125
0 0.0703125 0.16484375 0.140625 0.3296875
0 0.165625 0.259375 0.33125 0.51875
0 0.47578125 0.1015625 0.2140625 0.203125
0 0.746875 0.00703125 0.075 0.0140625
0 0.50859375 0.93203125 0.003125 0.003125
0 0.51015625 0.928125 0.003125 0.003125
0 0.5890625 0.70234375 0.003125 0.003125
0 0.578125 0.70234375 0.0046875 0.00625
0 0.60703125 0.70390625 0.003125 0.003125
0 0.07421875 0.61484375 0.1484375 0.1921875
0 0.53203125 0.6359375 0.3546875 0.234375
0 0.7984375 0.87421875 0.178125 0.2515625
0 0.9109375 0.86171875 0.178125 0.2765625
0 0.75390625 0.5453125 0.0890625 0.053125