0 0.40234375 0.0859375 0.1734375 0.171875
0 0.14375 0.22109375 0.003125 0.0015625
0 0.13515625 0.23828125 0.003125 0.0015625
0 0.1984375 0.28828125 0.271875 0.2375
0 0.06328125 0.01328125 0.1265625 0.0265625
0 0.0375 0.1515625 0.075 0.121875
0 0.04765625 0.4078125 0.0953125 0.18125
0 0.8828125 0.0640625 0.003125 0.0015625
0 0.865625 0.06328125 0.003125 0.0015625
0 0.57578125 0.225 0.1734375 0.4375
0 0.40625 0.89921875 0.165625 0.2015625
0 0.12578125 0.63515625 0.1796875 0.1109375
0 0.609375 0.7328125 0.240625 0.30625