0 0.52421875 0.57265625 0.2515625 0.2328125
0 0.0765625 0.22578125 0.153125 0.2296875
0 0.75859375 0.01015625 0.003125 0.003125
0 0.93515625 0.37265625 0.1296875 0.2515625
0 0.74296875 0.109375 0.1859375 0.21875
0 0.69765625 0.46640625 0.0953125 0.1453125
0 0.703125 0.3296875 0.10625 0.203125
0 0.66953125 0.171875 0.0390625 0.10625
0 0.70390625 0.58828125 0.1078125 0.2015625
0 0.503125 0.74140625 0.29375 0.1046875
0 0.51953125 0.9453125 0.2609375 0.109375
0 0.8859375 0.76875 0.228125 0.159375
0 0.7265625 0.7421875 0.003125 0.003125
0 0.72578125 0.7609375 0.003125 0.003125
0 0.8 0.8015625 0.2875 0.225
0 0.7 0.74453125 0.1 0.1109375
0 0.68984375 0.8140625 0.0796875 0.1375