0 0.15 0.471875 0.3 0.115625
0 0.465625 0.36796875 0.2875 0.3234375
0 0.26171875 0.26015625 0.1578125 0.1734375
0 0.50546875 0.109375 0.1921875 0.21875
0 0.00078125 0.175 0.0015625 0.009375
0 0.29609375 0.00078125 0.0046875 0.0015625
0 0.0296875 0.19765625 0.059375 0.2484375
0 0.325 0.06796875 0.2875 0.1359375
0 0.74921875 0.35546875 0.2796875 0.3484375
0 0.6640625 0.1046875 0.109375 0.209375
0 0.89453125 0.1015625 0.2109375 0.203125
0 0.54609375 0.678125 0.1265625 0.296875
0 0.05234375 0.60859375 0.1046875 0.1578125
0 0.8859375 0.9484375 0.16875 0.103125
0 0.971875 0.6875 0.05625 0.228125
0 0.653125 0.65234375 0.0875 0.1484375