0 0.39140625 0.0078125 0.003125 0.0015625
0 0.38671875 0.1359375 0.1453125 0.271875
0 0.125 0.1375 0.25 0.275
0 0.2234375 0.353125 0.1375 0.15
0 0.03984375 0.38046875 0.0796875 0.1984375
0 0.959375 0.08203125 0.0015625 0.0015625
0 0.903125 0.228125 0.0015625 0.0015625
0 0.93125 0.22109375 0.1375 0.3078125
0 0.53828125 0.171875 0.1578125 0.34375
0 0.2640625 0.90703125 0.0015625 0.0015625
0 0.2640625 0.9109375 0.0015625 0.0015625
0 0.91953125 0.80625 0.134375 0.1921875
0 0.58671875 0.7921875 0.2546875 0.2375