0 0.06796875 0.19296875 0.1359375 0.2921875
0 0.03671875 0.059375 0.0734375 0.11875
0 0.19453125 0.03203125 0.1515625 0.0640625
0 0.403125 0.22734375 0.128125 0.3359375
0 0.9234375 0.06953125 0.153125 0.1390625
0 0.046875 0.903125 0.09375 0.19375
0 0.2640625 0.92265625 0.15 0.1546875
0 0.025 0.553125 0.05 0.0875
0 0.1109375 0.553125 0.165625 0.0875
0 0.0265625 0.52734375 0.053125 0.0359375
0 0.64765625 0.76328125 0.2140625 0.378125
0 0.51953125 0.5546875 0.2640625 0.090625
0 0.88671875 0.5484375 0.1765625 0.078125