0 0.065625 0.384375 0.0015625 0.003125
0 0.07109375 0.3609375 0.0015625 0.003125
0 0.06328125 0.3140625 0.1265625 0.23125
0 0.3390625 0.053125 0.2125 0.10625
0 0.684375 0.38828125 0.109375 0.0828125
0 0.93046875 0.1640625 0.0015625 0.003125
0 0.92890625 0.1578125 0.0015625 0.003125
0 0.9328125 0.1328125 0.134375 0.265625
0 0.6828125 0.06328125 0.10625 0.1265625
0 0.18984375 0.88515625 0.3796875 0.2296875
0 0.45 0.43046875 0.003125 0.0015625
0 0.4890625 0.4953125 0.228125 0.13125
0 0.0625 0.52734375 0.125 0.1953125
0 0.81484375 0.690625 0.3703125 0.521875