0 0.12734375 0.50390625 0.003125 0.003125
0 0.1953125 0.39765625 0.390625 0.3421875
0 0.71953125 0.1703125 0.0015625 0.003125
0 0.71953125 0.15859375 0.0015625 0.0046875
0 0.7203125 0.15078125 0.003125 0.0078125
0 0.71953125 0.1390625 0.0015625 0.003125
0 0.71953125 0.14296875 0.0015625 0.0046875
0 0.71953125 0.13359375 0.0015625 0.0046875
0 0.71953125 0.1359375 0.0015625 0.003125
0 0.7203125 0.0875 0.003125 0.009375
0 0.71953125 0.071875 0.0015625 0.003125
0 0.71953125 0.0609375 0.0015625 0.003125
0 0.71953125 0.0515625 0.0015625 0.003125
0 0.7265625 0.0125 0.015625 0.025
0 0.82421875 0.1859375 0.2109375 0.371875
0 0.878125 0.72265625 0.24375 0.3078125
0 0.82734375 0.5734375 0.0421875 0.009375