0 0.17578125 0.4640625 0.003125 0.003125
0 0.17109375 0.459375 0.003125 0.003125
0 0.165625 0.4546875 0.0015625 0.003125
0 0.1609375 0.45078125 0.0015625 0.003125
0 0.15625 0.446875 0.0015625 0.003125
0 0.15234375 0.44140625 0.0015625 0.003125
0 0.14765625 0.4375 0.0015625 0.003125
0 0.14296875 0.43359375 0.0015625 0.003125
0 0.2234375 0.41640625 0.196875 0.2203125
0 0.5578125 0.34765625 0.0015625 0.003125
0 0.57265625 0.23515625 0.2453125 0.2609375
0 0.36171875 0.77890625 0.1765625 0.2453125
0 0.06484375 0.74375 0.1296875 0.2125
0 0.621875 0.7796875 0.34375 0.421875