0 0.01328125 0.00078125 0.0046875 0.0015625
0 0.00390625 0.00078125 0.0015625 0.0015625
0 0.11953125 0.1125 0.2390625 0.225
0 0.065625 0.20546875 0.13125 0.4078125
0 0.04765625 0.3421875 0.0953125 0.175
0 0.0171875 0.415625 0.034375 0.015625
0 0.00078125 0.42109375 0.0015625 0.0015625
0 0.90703125 0.225 0.0015625 0.003125
0 0.946875 0.20390625 0.10625 0.2265625
0 0.18515625 0.74453125 0.3703125 0.3265625
0 0.48828125 0.43046875 0.0015625 0.0015625
0 0.59375 0.50703125 0.103125 0.1296875
0 0.46953125 0.615625 0.0609375 0.15
0 0.8375 0.896875 0.1140625 0.134375