0 0.22578125 0.225 0.4265625 0.45
0 0.43984375 0.00078125 0.0015625 0.0015625
0 0.43984375 0.00078125 0.0015625 0.0015625
0 0.70078125 0.253125 0.5234375 0.43125
0 0.00078125 0.82265625 0.0015625 0.0046875
0 0.00078125 0.81953125 0.0015625 0.0046875
0 0.00078125 0.8171875 0.0015625 0.00625
0 0.16640625 0.778125 0.003125 0.003125
0 0.18125 0.79453125 0.003125 0.003125
0 0.11875 0.86171875 0.2375 0.2765625
0 0.51640625 0.70234375 0.1546875 0.4671875
0 0.703125 0.63515625 0.1546875 0.203125
0 0.6859375 0.90546875 0.2 0.1890625