0 0.51171875 0.06328125 0.0015625 0.003125
0 0.51015625 0.06796875 0.0015625 0.003125
0 0.46328125 0.0609375 0.1421875 0.121875
0 0.1421875 0.35390625 0.103125 0.0703125
0 0.3640625 0.659375 0.003125 0.003125
0 0.35859375 0.66171875 0.003125 0.003125
0 0.35234375 0.66484375 0.0015625 0.003125
0 0.34609375 0.66796875 0.0015625 0.003125
0 0.340625 0.6703125 0.0015625 0.003125
0 0.33515625 0.67265625 0.0015625 0.003125
0 0.3296875 0.675 0.0015625 0.003125
0 0.32421875 0.67734375 0.0015625 0.003125
0 0.396875 0.721875 0.246875 0.2765625
0 0.95625 0.95703125 0.0875 0.0859375