0 0.13515625 0.04375 0.1921875 0.0875
0 0.528125 0.0875 0.121875 0.175
0 0.62578125 0.028125 0.0734375 0.05625
0 0.75859375 0.03203125 0.1609375 0.0640625
0 0.94609375 0.0484375 0.1078125 0.096875
0 0.63046875 0.12890625 0.0828125 0.1234375
0 0.0390625 0.3546875 0.078125 0.25
0 0.3515625 0.48203125 0.1328125 0.178125
0 0.578125 0.7875 0.021875 0.090625
0 0.12265625 0.77890625 0.1375 0.25625
0 0.4671875 0.93828125 0.096875 0.1234375
0 0.6375 0.32265625 0.096875 0.1859375
0 0.82421875 0.55 0.0015625 0.003125
0 0.8234375 0.55625 0.0015625 0.003125
0 0.89609375 0.6265625 0.2078125 0.359375