0 0.684375 0.25859375 0.003125 0.003125
0 0.6875 0.26171875 0.003125 0.003125
0 0.69375 0.265625 0.0015625 0.0015625
0 0.69765625 0.26953125 0.0015625 0.0015625
0 0.703125 0.27265625 0.0015625 0.0015625
0 0.70703125 0.27578125 0.0015625 0.0015625
0 0.71171875 0.2796875 0.0015625 0.0015625
0 0.71640625 0.2828125 0.0015625 0.0015625
0 0.6421875 0.24765625 0.2125 0.1046875
0 0.1203125 0.44765625 0.240625 0.2609375
0 0.0140625 0.6890625 0.0015625 0.0015625
0 0.13984375 0.65078125 0.2796875 0.2515625
0 0.04140625 0.890625 0.0828125 0.165625
0 0.5765625 0.47734375 0.20625 0.3421875
0 0.36953125 0.78984375 0.1796875 0.3109375
0 0.7890625 0.7984375 0.246875 0.290625