0 0.30390625 0.08359375 0.1328125 0.125
0 0.48125 0.3609375 0.003125 0.003125
0 0.4171875 0.453125 0.14375 0.153125
0 0.846875 0.43359375 0.30625 0.5328125
0 0.48984375 0.70078125 0.0015625 0.0015625
0 0.48984375 0.70078125 0.0015625 0.0015625
0 0.49140625 0.7015625 0.0046875 0.003125
0 0.48984375 0.70078125 0.0015625 0.0015625
0 0.48984375 0.70078125 0.0015625 0.0015625
0 0.48984375 0.70078125 0.0015625 0.0015625
0 0.675 0.81640625 0.371875 0.2328125
0 0.86953125 0.79296875 0.2546875 0.1859375
0 0.94609375 0.7609375 0.1078125 0.121875