0 0.2328125 0.4375 0.465625 0.384375
0 0.9703125 0.0796875 0.003125 0.003125
0 0.88515625 0.14765625 0.003125 0.003125
0 0.80390625 0.33515625 0.3921875 0.5890625
0 0.0875 0.63046875 0.003125 0.0015625
0 0.54296875 0.63046875 0.0015625 0.0015625
0 0.55 0.63046875 0.003125 0.0015625
0 0.0796875 0.7265625 0.159375 0.19375
0 0.42734375 0.8859375 0.1171875 0.228125
0 0.6828125 0.74609375 0.0015625 0.0015625
0 0.6875 0.74609375 0.0015625 0.003125
0 0.70390625 0.75390625 0.0015625 0.0015625
0 0.70625 0.87109375 0.209375 0.2578125