0 0.04765625 0.4671875 0.0953125 0.1875
0 0.21796875 0.49765625 0.3515625 0.1640625
0 0.45234375 0.34140625 0.1734375 0.2265625
0 0.15625 0.046875 0.2375 0.09375
0 0.59140625 0.43125 0.1046875 0.24375
0 0.60234375 0.23671875 0.1265625 0.2203125
0 0.75859375 0.00078125 0.0046875 0.0015625
0 0.75 0.07109375 0.303125 0.1421875
0 0.415625 0.91328125 0.246875 0.1734375
0 0.0421875 0.871875 0.084375 0.25625
0 0.4640625 0.66015625 0.15 0.1609375
0 0.1609375 0.64765625 0.321875 0.1359375
0 0.715625 0.63203125 0.2 0.1046875