0 0.20546875 0.00078125 0.0046875 0.0015625
0 0.225 0.0015625 0.00625 0.003125
0 0.2140625 0.00078125 0.003125 0.0015625
0 0.2625 0.00078125 0.003125 0.0015625
0 0.2109375 0.00390625 0.01875 0.0078125
0 0.2 0.1890625 0.4 0.378125
0 0.54609375 0.36875 0.1265625 0.121875
0 0.6625 0.05546875 0.10625 0.1109375
0 0.78984375 0.0875 0.2421875 0.175
0 0.9328125 0.184375 0.134375 0.34375
0 0.66015625 0.36484375 0.1015625 0.1296875
0 0.06171875 0.48515625 0.1234375 0.1109375
0 0.48203125 0.5171875 0.2421875 0.175
0 0.23125 0.9 0.203125 0.2
0 0.6625 0.56875 0.10625 0.225
0 0.65859375 0.70390625 0.0015625 0.0015625
0 0.66015625 0.71015625 0.0015625 0.0015625
0 0.74296875 0.75546875 0.2421875 0.35
0 0.90859375 0.940625 0.1828125 0.11875