0 0.09921875 0.2296875 0.1984375 0.459375
0 0.7125 0.32734375 0.446875 0.2640625
0 0.046875 0.74609375 0.09375 0.2046875
0 0.1953125 0.978125 0.1875 0.04375
0 0.59765625 0.5328125 0.0046875 0.0046875
0 0.59140625 0.5359375 0.0046875 0.0046875
0 0.584375 0.53984375 0.003125 0.003125
0 0.5796875 0.54375 0.003125 0.003125
0 0.5734375 0.5453125 0.003125 0.003125
0 0.56796875 0.54921875 0.003125 0.003125
0 0.5625 0.55234375 0.003125 0.003125
0 0.55625 0.5546875 0.003125 0.003125
0 0.6359375 0.59921875 0.2875 0.2796875