0 0.00234375 0.29296875 0.0046875 0.0265625
0 0.19921875 0.19609375 0.3984375 0.3921875
0 0.50234375 0.090625 0.0671875 0.18125
0 0.3765625 0.5171875 0.184375 0.115625
0 0.78671875 0.92109375 0.003125 0.003125
0 0.7828125 0.91484375 0.0015625 0.003125
0 0.81015625 0.86796875 0.3796875 0.2640625
0 0.89609375 0.55703125 0.003125 0.003125
0 0.90078125 0.55078125 0.00625 0.003125
0 0.90859375 0.54765625 0.0046875 0.003125
0 0.9015625 0.63046875 0.196875 0.2421875
0 0.559375 0.7703125 0.18125 0.459375