0 0.08125 0.63046875 0.028125 0.0140625
0 0.065625 0.63125 0.003125 0.0015625
0 0.0609375 0.62421875 0.003125 0.0015625
0 0.0546875 0.62734375 0.003125 0.0015625
0 0.028125 0.6203125 0.003125 0.0015625
0 0.1421875 0.3625 0.284375 0.553125
0 0.0078125 0.003125 0.015625 0.00625
0 0.88359375 0.3796875 0.2328125 0.51875
0 0.7765625 0.2609375 0.275 0.521875
0 0.215625 0.865625 0.003125 0.0015625
0 0.1328125 0.8375 0.265625 0.325
0 0.7265625 0.74609375 0.175 0.2140625
0 0.678125 0.9234375 0.078125 0.153125