0 0.15546875 0.27734375 0.2671875 0.3984375
0 0.05859375 0.06953125 0.1171875 0.1390625
0 0.05390625 0.084375 0.1078125 0.16875
0 0.18515625 0.0578125 0.1921875 0.115625
0 0.03046875 0.034375 0.0609375 0.06875
0 0.0453125 0.0484375 0.090625 0.096875
0 0.84609375 0.1453125 0.3078125 0.290625
0 0.44296875 0.128125 0.3078125 0.25625
0 0.25 0.81328125 0.078125 0.3734375
0 0.08984375 0.64375 0.1796875 0.25
0 0.875 0.90234375 0.2 0.1953125
0 0.34609375 0.6390625 0.1140625 0.240625
0 0.68984375 0.5984375 0.3140625 0.159375
0 0.4796875 0.55703125 0.115625 0.0765625