0 0.40078125 0.06015625 0.2359375 0.1203125
0 0.09140625 0.446875 0.1828125 0.15
0 0.9390625 0.5859375 0.0125 0.00625
0 0.875 0.4953125 0.25 0.1875
0 0.54375 0.1984375 0.05 0.109375
0 0.5296875 0.01796875 0.021875 0.0359375
0 0.253125 0.62890625 0.209375 0.0796875
0 0.83359375 0.8453125 0.003125 0.003125
0 0.8234375 0.859375 0.003125 0.0015625
0 0.82109375 0.87265625 0.003125 0.003125
0 0.8171875 0.80625 0.003125 0.0015625
0 0.81484375 0.83515625 0.003125 0.0046875
0 0.80859375 0.7875 0.003125 0.0015625
0 0.80625 0.84296875 0.003125 0.0015625
0 0.80859375 0.81484375 0.00625 0.0046875
0 0.80703125 0.79375 0.003125 0.0015625
0 0.80546875 0.828125 0.003125 0.003125
0 0.80546875 0.77421875 0.003125 0.003125
0 0.8 0.8265625 0.003125 0.0015625
0 0.7984375 0.8421875 0.003125 0.0015625
0 0.79375 0.825 0.003125 0.0015625
0 0.790625 0.840625 0.003125 0.0015625
0 0.78984375 0.81484375 0.003125 0.003125
0 0.79375 0.83125 0.015625 0.01875
0 0.78515625 0.80390625 0.003125 0.003125
0 0.671875 0.83359375 0.30625 0.3328125
0 0.575 0.6375 0.1125 0.096875