0 0.4359375 0.0984375 0.046875 0.165625
0 0.89453125 0.21328125 0.2109375 0.4265625
0 0.51953125 0.003125 0.0140625 0.00625
0 0.5234375 0.0015625 0.01875 0.003125
0 0.07265625 0.7796875 0.1453125 0.440625
0 0.0046875 0.5609375 0.009375 0.003125
0 0.74609375 0.6390625 0.003125 0.0046875
0 0.7515625 0.6359375 0.003125 0.0046875
0 0.7578125 0.63203125 0.0015625 0.003125
0 0.7640625 0.62890625 0.0015625 0.003125
0 0.76796875 0.62578125 0.0015625 0.003125
0 0.7734375 0.62265625 0.0015625 0.003125
0 0.77890625 0.6203125 0.0015625 0.003125
0 0.78359375 0.61640625 0.0015625 0.003125
0 0.7015625 0.63671875 0.246875 0.1546875