0 0.04921875 0.59375 0.0984375 0.171875
0 0.0609375 0.12421875 0.121875 0.2484375
0 0.17421875 0.1875 0.18125 0.2359375
0 0.4921875 0.60234375 0.23125 0.1546875
0 0.89765625 0.5703125 0.2046875 0.21875
0 0.646875 0.3109375 0.1328125 0.1921875
0 0.809375 0.33203125 0.1921875 0.2109375
0 0.64609375 0.10859375 0.1921875 0.184375
0 0.103125 0.80546875 0.1171875 0.1421875
0 0.03125 0.7171875 0.0625 0.075
0 0.165625 0.71484375 0.1125 0.0703125
0 0.38671875 0.72421875 0.0734375 0.0890625
0 0.93671875 0.75078125 0.1265625 0.1421875
0 0.6390625 0.71328125 0.109375 0.0671875