0 0.09453125 0.40390625 0.0015625 0.003125
0 0.11171875 0.36875 0.0015625 0.0015625
0 0.1125 0.3953125 0.003125 0.0046875
0 0.11953125 0.3515625 0.0015625 0.0015625
0 0.11953125 0.403125 0.0015625 0.0015625
0 0.11875 0.3765625 0.00625 0.0046875
0 0.12109375 0.3578125 0.0015625 0.0015625
0 0.12109375 0.3890625 0.003125 0.003125
0 0.12265625 0.3390625 0.003125 0.003125
0 0.1265625 0.38828125 0.0015625 0.0015625
0 0.12734375 0.403125 0.0015625 0.0015625
0 0.13203125 0.3859375 0.0015625 0.0015625
0 0.13515625 0.4015625 0.0015625 0.0015625
0 0.1359375 0.37734375 0.0015625 0.003125
0 0.13125 0.3921875 0.0140625 0.015625
0 0.140625 0.36875 0.0015625 0.003125
0 0.28046875 0.33125 0.3578125 0.15625
0 0.7796875 0.03515625 0.203125 0.0703125
0 0.859375 0.32890625 0.0015625 0.0015625
0 0.859375 0.32109375 0.0015625 0.003125
0 0.86015625 0.315625 0.0015625 0.0046875
0 0.90546875 0.125 0.0015625 0.0015625
0 0.92734375 0.1140625 0.0015625 0.0015625
0 0.92734375 0.240625 0.1453125 0.26875
0 0.00390625 0.5796875 0.0015625 0.0015625
0 0.07734375 0.56484375 0.1546875 0.3109375
0 0.27421875 0.77734375 0.0015625 0.003125
0 0.3078125 0.80390625 0.20625 0.1046875
0 0.7640625 0.68671875 0.2046875 0.1640625