0 0.54453125 0.60234375 0.003125 0.0015625
0 0.328125 0.52421875 0.465625 0.1890625
0 0.11796875 0.15078125 0.2359375 0.3015625
0 0.05390625 0.05234375 0.1078125 0.1046875
0 0.0578125 0.48203125 0.115625 0.2734375
0 0.625 0.17578125 0.003125 0.0015625
0 0.60859375 0.16328125 0.003125 0.003125
0 0.58984375 0.13125 0.0015625 0.003125
0 0.7640625 0.2796875 0.35 0.496875
0 0.075 0.6828125 0.15 0.128125
0 0.00234375 0.7734375 0.0046875 0.00625
0 0.00234375 0.7578125 0.0046875 0.00625
0 0.0296875 0.81015625 0.059375 0.1140625
0 0.71015625 0.8578125 0.2421875 0.284375