0 0.28046875 0.07421875 0.003125 0.003125
0 0.27109375 0.0578125 0.003125 0.0015625
0 0.27109375 0.04375 0.003125 0.003125
0 0.2578125 0.109375 0.003125 0.0015625
0 0.25859375 0.08046875 0.0046875 0.0046875
0 0.246875 0.1265625 0.003125 0.0015625
0 0.2515625 0.0703125 0.003125 0.0015625
0 0.25078125 0.09921875 0.0078125 0.00625
0 0.2453125 0.11953125 0.003125 0.0015625
0 0.24921875 0.08515625 0.003125 0.003125
0 0.2421875 0.13984375 0.003125 0.003125
0 0.24375 0.0859375 0.003125 0.0015625
0 0.24375 0.06875 0.003125 0.0015625
0 0.23671875 0.0859375 0.003125 0.0015625
0 0.234375 0.06875 0.003125 0.0015625
0 0.23125 0.09453125 0.003125 0.003125
0 0.2375 0.0796875 0.0203125 0.021875
0 0.225 0.1046875 0.003125 0.003125
0 0.159375 0.1171875 0.31875 0.234375
0 0.03984375 0.3609375 0.0796875 0.221875
0 0.77578125 0.18828125 0.4484375 0.3765625
0 0.55234375 0.065625 0.2828125 0.13125
0 0.46171875 0.23359375 0.221875 0.3015625
0 0.171875 0.96171875 0.29375 0.0765625
0 0.071875 0.56640625 0.14375 0.0953125
0 0.83125 0.96015625 0.20625 0.0796875
0 0.571875 0.60546875 0.19375 0.1734375