0 0.06171875 0.1328125 0.1234375 0.2125
0 0.1734375 0.11953125 0.33125 0.2390625
0 0.04296875 0.3421875 0.0859375 0.20625
0 0.24765625 0.78046875 0.1828125 0.2890625
0 0.06953125 0.7921875 0.1390625 0.334375
0 0.0234375 0.96484375 0.046875 0.0703125
0 0.9390625 0.82890625 0.0015625 0.003125
0 0.953125 0.8390625 0.003125 0.003125
0 0.9578125 0.84609375 0.0046875 0.00625
0 0.978125 0.85390625 0.0015625 0.003125
0 0.96171875 0.85390625 0.003125 0.003125
0 0.98203125 0.85859375 0.003125 0.003125
0 0.96640625 0.86171875 0.0015625 0.003125
0 0.9921875 0.90625 0.00625 0.009375
0 0.99765625 0.921875 0.0015625 0.003125
0 0.875 0.8234375 0.25 0.353125