0 0.09140625 0.09921875 0.1828125 0.1984375
0 0.4984375 0.1265625 0.08125 0.23125
0 0.0484375 0.33984375 0.096875 0.2859375
0 0.13046875 0.4234375 0.128125 0.2328125
0 0.4421875 0.48125 0.19375 0.1375
0 0.971875 0.0453125 0.05625 0.090625
0 0.7140625 0.11796875 0.06875 0.0921875
0 0.8328125 0.32421875 0.0953125 0.1796875
0 0.43828125 0.59921875 0.1953125 0.0984375
0 0.034375 0.678125 0.0015625 0.003125
0 0.034375 0.684375 0.0015625 0.003125
0 0.05078125 0.74140625 0.1015625 0.3703125
0 0.815625 0.96796875 0.175 0.0640625