0 0.0578125 0.16875 0.115625 0.3375
0 0.71328125 0.38984375 0.0015625 0.003125
0 0.75703125 0.22734375 0.4859375 0.4546875
0 0.82734375 0.69609375 0.0015625 0.003125
0 0.8359375 0.69296875 0.0015625 0.003125
0 0.86328125 0.67109375 0.003125 0.003125
0 0.86171875 0.665625 0.0015625 0.003125
0 0.85703125 0.653125 0.0015625 0.003125
0 0.85625 0.6484375 0.0015625 0.003125
0 0.85234375 0.63828125 0.0015625 0.003125
0 0.8484375 0.6234375 0.0015625 0.003125
0 0.8453125 0.61328125 0.0015625 0.003125
0 0.840625 0.596875 0.0015625 0.003125
0 0.8375 0.58671875 0.003125 0.00625
0 0.83359375 0.57421875 0.003125 0.0078125
0 0.834375 0.5640625 0.0015625 0.003125
0 0.80703125 0.53046875 0.0015625 0.0015625
0 0.80234375 0.53046875 0.0015625 0.0015625
0 0.79453125 0.53046875 0.0015625 0.0015625
0 0.79140625 0.53046875 0.0015625 0.0015625
0 0.75 0.653125 0.228125 0.246875