0 0.00078125 0.03046875 0.0015625 0.0015625
0 0.00078125 0.07890625 0.0015625 0.0015625
0 0.00078125 0.00078125 0.0015625 0.0015625
0 0.00078125 0.1953125 0.0015625 0.003125
0 0.00078125 0.12890625 0.0015625 0.0015625
0 0.00078125 0.1453125 0.0015625 0.003125
0 0.00078125 0.15078125 0.0015625 0.0015625
0 0.12265625 0.1296875 0.2453125 0.259375
0 0.371875 0.2453125 0.2859375 0.2109375
0 0.8984375 0.0953125 0.203125 0.190625
0 0.1640625 0.6515625 0.003125 0.0046875
0 0.1828125 0.64453125 0.003125 0.0015625
0 0.22109375 0.75 0.3140625 0.275
0 0.37421875 0.47734375 0.2890625 0.1765625
0 0.465625 0.7046875 0.10625 0.178125
0 0.56953125 0.7625 0.1015625 0.153125
0 0.571875 0.42109375 0.10625 0.0640625
0 0.896875 0.46015625 0.146875 0.1359375
0 0.9375 0.803125 0.125 0.1