0 0.03046875 0.11875 0.0609375 0.2375
0 0.70625 0.41015625 0.003125 0.003125
0 0.71015625 0.4078125 0.003125 0.003125
0 0.715625 0.403125 0.0015625 0.0015625
0 0.71953125 0.39921875 0.0015625 0.0015625
0 0.7234375 0.3953125 0.0015625 0.0015625
0 0.72890625 0.3921875 0.0015625 0.0015625
0 0.7328125 0.38828125 0.0015625 0.0015625
0 0.7375 0.38515625 0.0015625 0.0015625
0 0.66484375 0.3640625 0.1765625 0.2046875
0 0.10078125 0.8140625 0.09375 0.225
0 0.05234375 0.7984375 0.1046875 0.196875
0 0.51875 0.87421875 0.0015625 0.003125
0 0.51875 0.86953125 0.0015625 0.0015625
0 0.56640625 0.8890625 0.09375 0.1375
0 0.76484375 0.7296875 0.0796875 0.059375