0 0.41640625 0.23515625 0.4453125 0.3703125
0 0.81953125 0.31640625 0.3609375 0.3109375
0 0.26484375 0.91640625 0.0015625 0.0015625
0 0.31796875 0.92265625 0.003125 0.003125
0 0.340625 0.928125 0.00625 0.0046875
0 0.36640625 0.946875 0.003125 0.003125
0 0.31328125 0.96015625 0.1859375 0.0796875
0 0.38046875 0.87890625 0.0015625 0.0015625
0 0.4046875 0.990625 0.003125 0.0015625
0 0.49609375 0.88046875 0.0015625 0.0015625
0 0.49609375 0.87734375 0.003125 0.0015625
0 0.5015625 0.875 0.0015625 0.0015625
0 0.55078125 0.90078125 0.1765625 0.1578125