0 0.071875 0.24296875 0.0015625 0.0015625
0 0.07890625 0.21875 0.0015625 0.0015625
0 0.08046875 0.203125 0.0046875 0.0046875
0 0.2875 0.178125 0.471875 0.35625
0 0.88671875 0.31953125 0.0015625 0.0015625
0 0.88984375 0.31953125 0.0015625 0.003125
0 0.8921875 0.3140625 0.0015625 0.0015625
0 0.74921875 0.24609375 0.0796875 0.1984375
0 0.87578125 0.24453125 0.175 0.2109375
0 0.14140625 0.60234375 0.10625 0.1234375
0 0.41015625 0.40546875 0.0015625 0.0015625
0 0.49453125 0.44921875 0.1265625 0.1390625
0 0.2625 0.43203125 0.18125 0.1046875