0 0.5046875 0.25390625 0.0015625 0.0046875
0 0.50625 0.24921875 0.0015625 0.0015625
0 0.5078125 0.2453125 0.0015625 0.0015625
0 0.509375 0.23984375 0.0015625 0.0015625
0 0.51015625 0.2359375 0.0015625 0.0015625
0 0.503125 0.23671875 0.0015625 0.0046875
0 0.51171875 0.23203125 0.0015625 0.0015625
0 0.51328125 0.2265625 0.0015625 0.0015625
0 0.51484375 0.2234375 0.0015625 0.0015625
0 0.50625 0.21796875 0.0015625 0.0015625
0 0.5171875 0.2140625 0.0015625 0.0015625
0 0.51875 0.21015625 0.0015625 0.0015625
0 0.5203125 0.2046875 0.0015625 0.0015625
0 0.50234375 0.20625 0.0046875 0.009375
0 0.521875 0.20078125 0.0015625 0.0015625
0 0.50234375 0.16953125 0.0015625 0.0015625
0 0.5046875 0.16171875 0.0015625 0.0015625
0 0.503125 0.15859375 0.0015625 0.0015625
0 0.51171875 0.14140625 0.0015625 0.0015625
0 0.51328125 0.13828125 0.0015625 0.0015625
0 0.51484375 0.134375 0.0015625 0.0015625
0 0.509375 0.13515625 0.003125 0.0046875
0 0.515625 0.13046875 0.0015625 0.0015625
0 0.5171875 0.1265625 0.0015625 0.0015625
0 0.51875 0.1234375 0.0015625 0.0015625
0 0.5703125 0.28671875 0.4125 0.5734375