0 0.0953125 0.2796875 0.003125 0.0125
0 0.1578125 0.32421875 0.315625 0.2515625
0 0.08203125 0.259375 0.1640625 0.38125
0 0.02265625 0.0375 0.0453125 0.075
0 0.1484375 0.08515625 0.25625 0.1703125
0 0.06875 0.0921875 0.1375 0.184375
0 0.678125 0.43203125 0.19375 0.0359375
0 0.85234375 0.03828125 0.2046875 0.0765625
0 0.428125 0.50625 0.0015625 0.0015625
0 0.3703125 0.5234375 0.1375 0.146875
0 0.0015625 0.453125 0.003125 0.00625
0 0.76171875 0.65078125 0.003125 0.0015625
0 0.78203125 0.646875 0.0046875 0.003125
0 0.7515625 0.58359375 0.421875 0.2671875
0 0.53828125 0.61640625 0.1984375 0.3328125