0 0.20859375 0.4765625 0.4015625 0.10625
0 0.56796875 0.07109375 0.2265625 0.1421875
0 0.946875 0.15234375 0.10625 0.1921875
0 0.71171875 0.946875 0.0015625 0.0015625
0 0.7109375 0.93671875 0.0015625 0.0015625
0 0.7234375 0.90234375 0.0015625 0.003125
0 0.728125 0.90234375 0.003125 0.0015625
0 0.740625 0.90078125 0.0015625 0.0015625
0 0.74453125 0.9 0.0015625 0.0015625
0 0.7546875 0.89921875 0.0015625 0.0015625
0 0.76875 0.89765625 0.003125 0.0015625
0 0.7796875 0.8953125 0.0015625 0.0015625
0 0.79453125 0.89375 0.003125 0.0015625
0 0.80546875 0.89375 0.00625 0.003125
0 0.81796875 0.89140625 0.0078125 0.003125
0 0.825 0.88671875 0.0015625 0.0015625
0 0.8859375 0.88828125 0.0015625 0.0015625
0 0.89765625 0.8875 0.003125 0.0015625
0 0.9234375 0.884375 0.003125 0.0015625
0 0.93359375 0.88359375 0.0015625 0.0015625
0 0.85234375 0.896875 0.2953125 0.20625