0 0.35859375 0.3515625 0.003125 0.0015625
0 0.353125 0.353125 0.003125 0.0015625
0 0.26796875 0.28828125 0.3953125 0.2578125
0 0.0984375 0.1734375 0.196875 0.31875
0 0.85703125 0.165625 0.2859375 0.33125
0 0.7640625 0.38984375 0.1796875 0.1578125
0 0.68046875 0.12265625 0.1234375 0.1890625
0 0.61953125 0.32890625 0.0015625 0.0046875
0 0.6890625 0.29140625 0.140625 0.2828125
0 0.16640625 0.5984375 0.3328125 0.159375
0 0.35703125 0.73125 0.5234375 0.425
0 0.89296875 0.78125 0.003125 0.003125
0 0.8875 0.7984375 0.003125 0.0015625
0 0.88984375 0.8109375 0.003125 0.003125
0 0.865625 0.75078125 0.003125 0.0015625
0 0.87109375 0.778125 0.0046875 0.0046875
0 0.85234375 0.73515625 0.003125 0.0015625
0 0.86640625 0.7875 0.003125 0.0015625
0 0.86015625 0.76015625 0.0078125 0.00625
0 0.85234375 0.74140625 0.003125 0.0015625
0 0.86171875 0.7734375 0.003125 0.003125
0 0.8453125 0.7234375 0.003125 0.003125
0 0.85625 0.7734375 0.003125 0.0015625
0 0.859375 0.7890625 0.003125 0.0015625
0 0.85078125 0.775 0.003125 0.0015625
0 0.85078125 0.790625 0.003125 0.0015625
0 0.84296875 0.76640625 0.003125 0.003125
0 0.85234375 0.7796875 0.01875 0.0203125
0 0.83671875 0.7578125 0.003125 0.003125
0 0.78359375 0.82265625 0.3296875 0.3546875
0 0.6828125 0.6046875 0.128125 0.171875