0 0.29140625 0.075 0.003125 0.003125
0 0.28984375 0.08359375 0.0015625 0.003125
0 0.215625 0.12890625 0.1875 0.2578125
0 0.10078125 0.28125 0.2015625 0.5625
0 0.83828125 0.2875 0.003125 0.003125
0 0.83671875 0.29609375 0.0015625 0.003125
0 0.834375 0.24921875 0.33125 0.4421875
0 0.94296875 0.49765625 0.1140625 0.1421875
0 0.46953125 0.31484375 0.3203125 0.5078125
0 0.09921875 0.8234375 0.0015625 0.003125
0 0.1109375 0.83046875 0.0015625 0.003125
0 0.1546875 0.84609375 0.309375 0.3078125
0 0.95625 0.8125 0.0875 0.15625
0 0.56953125 0.859375 0.2453125 0.1765625