0 0.24140625 0.2484375 0.0015625 0.003125
0 0.22734375 0.2375 0.0015625 0.003125
0 0.16875 0.284375 0.2359375 0.26875
0 0.0515625 0.16875 0.103125 0.2625
0 0.33359375 0.03671875 0.0515625 0.0734375
0 0.1359375 0.05390625 0.190625 0.1078125
0 0.41328125 0.21875 0.1078125 0.25625
0 0.021875 0.6765625 0.04375 0.23125
0 0.26171875 0.77890625 0.0015625 0.003125
0 0.25390625 0.7765625 0.003125 0.003125
0 0.2484375 0.77578125 0.0046875 0.003125
0 0.0640625 0.6859375 0.0015625 0.003125
0 0.05859375 0.6625 0.0015625 0.003125
0 0.35546875 0.6203125 0.0015625 0.003125
0 0.1984375 0.64375 0.3171875 0.303125
0 0.0515625 0.51484375 0.103125 0.1296875
0 0.4375 0.90078125 0.15625 0.1984375
0 0.78203125 0.96640625 0.2609375 0.0671875
0 0.41484375 0.64296875 0.1109375 0.3015625
0 0.4328125 0.64296875 0.146875 0.2421875
0 0.81875 0.62578125 0.3625 0.3515625