0 0.4296875 0.02734375 0.159375 0.0546875
0 0.94765625 0.13203125 0.1046875 0.2203125
0 0.51015625 0.16484375 0.0015625 0.0015625
0 0.51015625 0.16484375 0.0015625 0.0015625
0 0.58046875 0.08828125 0.1421875 0.1765625
0 0.61640625 0.06015625 0.1859375 0.1203125
0 0.365625 0.92109375 0.14375 0.1578125
0 0.04609375 0.9265625 0.0921875 0.146875
0 0.48515625 0.45 0.0484375 0.140625
0 0.03125 0.4953125 0.0625 0.1375
0 0.23359375 0.4078125 0.0921875 0.05625
0 0.53359375 0.85390625 0.0484375 0.1109375
0 0.55078125 0.5734375 0.0828125 0.196875