0 0.00859375 0.5859375 0.0171875 0.146875
0 0.4234375 0.3953125 0.171875 0.528125
0 0.51015625 0.1203125 0.0015625 0.003125
0 0.690625 0.10625 0.0015625 0.003125
0 0.6921875 0.11796875 0.0015625 0.0015625
0 0.6953125 0.12109375 0.003125 0.003125
0 0.81640625 0.12578125 0.2890625 0.2390625
0 0.57265625 0.28046875 0.1265625 0.3734375
0 0.5609375 0.51328125 0.103125 0.2921875
0 0.2296875 0.72421875 0.1875 0.1296875
0 0.0859375 0.75546875 0.171875 0.1921875
0 0.02890625 0.7 0.0578125 0.08125
0 0.35625 0.746875 0.271875 0.175
0 0.0390625 0.81640625 0.078125 0.3140625
0 0.54921875 0.7125 0.0796875 0.10625
0 0.70078125 0.71484375 0.1390625 0.1109375
0 0.94609375 0.89453125 0.1078125 0.1421875
0 0.590625 0.940625 0.1625 0.11875