0 0.0359375 0.06015625 0.0015625 0.003125
0 0.03828125 0.078125 0.0015625 0.003125
0 0.15 0.07890625 0.003125 0.0046875
0 0.1734375 0.225 0.346875 0.45
0 0.865625 0.371875 0.26875 0.15625
0 0.23359375 0.6625 0.003125 0.003125
0 0.17734375 0.8109375 0.3546875 0.353125
0 0.48203125 0.69140625 0.1953125 0.4828125
0 0.490625 0.96875 0.16875 0.0625
0 0.63515625 0.45390625 0.0046875 0.0078125
0 0.71484375 0.52421875 0.2703125 0.1484375
0 0.65390625 0.5890625 0.1484375 0.278125
0 0.7890625 0.92890625 0.003125 0.009375
0 0.76875 0.934375 0.1125 0.13125
0 0.8984375 0.81796875 0.203125 0.3640625
0 0.65859375 0.89375 0.1578125 0.2125