0 0.509375 0.00078125 0.003125 0.0015625
0 0.5171875 0.0015625 0.00625 0.003125
0 0.5234375 0.00078125 0.003125 0.0015625
0 0.525 0.00078125 0.003125 0.0015625
0 0.5703125 0.0015625 0.009375 0.003125
0 0.45859375 0.0828125 0.3015625 0.165625
0 0.8046875 0.06328125 0.20625 0.1265625
0 0.9203125 0.26640625 0.159375 0.1671875
0 0.50234375 0.815625 0.003125 0.0015625
0 0.5078125 0.81640625 0.003125 0.0015625
0 0.5125 0.8171875 0.003125 0.0015625
0 0.51875 0.81796875 0.003125 0.0015625
0 0.52265625 0.81875 0.003125 0.0015625
0 0.52109375 0.8109375 0.003125 0.0015625
0 0.52734375 0.81875 0.003125 0.0015625
0 0.53359375 0.81953125 0.003125 0.0015625
0 0.53671875 0.8203125 0.003125 0.0015625
0 0.5421875 0.81015625 0.003125 0.0015625
0 0.54765625 0.821875 0.003125 0.0015625
0 0.55234375 0.82265625 0.003125 0.0015625
0 0.5578125 0.8234375 0.003125 0.0015625
0 0.5546875 0.80390625 0.009375 0.00625
0 0.5625 0.82421875 0.003125 0.0015625
0 0.59453125 0.796875 0.003125 0.0015625
0 0.60390625 0.7984375 0.003125 0.0015625
0 0.6078125 0.79609375 0.003125 0.0015625
0 0.35625 0.81484375 0.50625 0.3703125
0 0.8046875 0.859375 0.390625 0.28125