0 0.43359375 0.4625 0.3515625 0.375
0 0.93671875 0.36796875 0.1109375 0.1203125
0 0.940625 0.60234375 0.11875 0.0953125
0 0.43359375 0.65078125 0.0015625 0.0015625
0 0.51640625 0.65078125 0.0015625 0.0015625
0 0.40703125 0.65078125 0.0015625 0.0015625
0 0.5515625 0.65078125 0.003125 0.0015625
0 0.30703125 0.65078125 0.0015625 0.0015625
0 0.37578125 0.65078125 0.0015625 0.0015625
0 0.36640625 0.65078125 0.0015625 0.0015625
0 0.36171875 0.65078125 0.0015625 0.0015625
0 0.0671875 0.7046875 0.134375 0.109375
0 0.4390625 0.7734375 0.340625 0.246875
0 0.45546875 0.91953125 0.2265625 0.1609375
0 0.65390625 0.6875 0.0890625 0.075