0 0.1984375 0.175 0.334375 0.35
0 0.05859375 0.071875 0.1171875 0.14375
0 0.3296875 0.02734375 0.171875 0.0546875
0 0.5921875 0.2234375 0.125 0.253125
0 0.87578125 0.1265625 0.2484375 0.253125
0 0.58828125 0.071875 0.1171875 0.14375
0 0.01640625 0.86875 0.0328125 0.2625
0 0.07578125 0.7921875 0.146875 0.190625
0 0.42109375 0.50078125 0.078125 0.096875
0 0.03828125 0.46875 0.0765625 0.2375
0 0.3328125 0.39609375 0.109375 0.0921875
0 0.5453125 0.80859375 0.03125 0.3328125
0 0.74921875 0.35078125 0.0015625 0.0015625
0 0.8953125 0.60625 0.209375 0.5125
0 0.70625 0.39296875 0.19375 0.0859375