0 0.1125 0.221875 0.225 0.409375
0 0.30625 0.040625 0.209375 0.08125
0 0.0796875 0.0578125 0.159375 0.115625
0 0.9453125 0.48125 0.109375 0.196875
0 0.96484375 0.190625 0.003125 0.003125
0 0.9515625 0.17734375 0.003125 0.003125
0 0.88515625 0.21953125 0.2296875 0.2671875
0 0.58671875 0.10625 0.1953125 0.2125
0 0.87890625 0.0453125 0.1921875 0.090625
0 0.428125 0.78984375 0.121875 0.4203125
0 0.14375 0.66796875 0.2875 0.1765625
0 0.984375 0.58046875 0.003125 0.0015625
0 0.87109375 0.66171875 0.2578125 0.1640625