0 0.3890625 0.21328125 0.246875 0.13125
0 0.0921875 0.09140625 0.184375 0.1828125
0 0.134375 0.49765625 0.26875 0.2203125
0 0.9015625 0.6515625 0.196875 0.15
0 0.6515625 0.0609375 0.165625 0.121875
0 0.75625 0.115625 0.375 0.23125
0 0.621875 0.3921875 0.10625 0.159375
0 0.0890625 0.97421875 0.178125 0.0515625
0 0.0890625 0.83203125 0.178125 0.1859375
0 0.98515625 0.79296875 0.003125 0.003125
0 0.98671875 0.784375 0.0125 0.00625
0 0.903125 0.84609375 0.19375 0.2140625
0 0.59296875 0.7640625 0.0484375 0.05
0 0.5875 0.7734375 0.0375 0.06875