0 0.578125 0.04609375 0.14375 0.0921875
0 0.18828125 0.05234375 0.2578125 0.1046875
0 0.06875 0.06015625 0.1375 0.1203125
0 0.37734375 0.18828125 0.3140625 0.2234375
0 0.80078125 0.240625 0.3015625 0.11875
0 0.50234375 0.43671875 0.0046875 0.0046875
0 0.38984375 0.48359375 0.0046875 0.0046875
0 0.325 0.65 0.65 0.7
0 0.815625 0.30078125 0.003125 0.0015625
0 0.79453125 0.40234375 0.2890625 0.2046875
0 0.65078125 0.51875 0.0015625 0.003125
0 0.65078125 0.51953125 0.0015625 0.0046875
0 0.65078125 0.5328125 0.0015625 0.00625
0 0.65078125 0.53515625 0.0015625 0.0046875
0 0.73125 0.6765625 0.1625 0.478125
0 0.8609375 0.8375 0.278125 0.325