0 0.07734375 0.10703125 0.1546875 0.2140625
0 0.33828125 0.19453125 0.2609375 0.2890625
0 0.053125 0.26015625 0.10625 0.1578125
0 0.46953125 0.16640625 0.0015625 0.0015625
0 0.46953125 0.17421875 0.0015625 0.0015625
0 0.47109375 0.18671875 0.0015625 0.0015625
0 0.46953125 0.18515625 0.0015625 0.0046875
0 0.48828125 0.196875 0.0015625 0.0015625
0 0.46953125 0.1921875 0.0015625 0.00625
0 0.48203125 0.19765625 0.0015625 0.0015625
0 0.46953125 0.19375 0.0015625 0.003125
0 0.5 0.20078125 0.003125 0.003125
0 0.46953125 0.20859375 0.0015625 0.0015625
0 0.47265625 0.20234375 0.0078125 0.0140625
0 0.47109375 0.2140625 0.003125 0.0015625
0 0.5640625 0.24453125 0.190625 0.1890625
0 0.09453125 0.4234375 0.00625 0.003125
0 0.0765625 0.42421875 0.0015625 0.0015625
0 0.12578125 0.434375 0.003125 0.0015625
0 0.13046875 0.4375 0.0015625 0.0015625
0 0.00234375 0.4375 0.0046875 0.0125
0 0.10546875 0.5265625 0.2109375 0.2875
0 0.81953125 0.6078125 0.278125 0.2734375
0 0.5265625 0.56484375 0.115625 0.2140625
0 0.9296875 0.8796875 0.140625 0.240625
0 0.7375 0.90234375 0.134375 0.1953125
0 0.55234375 0.9078125 0.1671875 0.184375