0 0.1171875 0.3484375 0.234375 0.403125
0 0.8875 0.09296875 0.2125 0.1859375
0 0.66953125 0.03671875 0.1890625 0.0734375
0 0.34140625 0.8671875 0.3765625 0.265625
0 0.03515625 0.79921875 0.0703125 0.1890625
0 0.0890625 0.73125 0.178125 0.209375
0 0.2671875 0.58046875 0.10625 0.0609375
0 0.0515625 0.63046875 0.103125 0.1609375
0 0.6890625 0.73984375 0.003125 0.003125
0 0.6953125 0.71875 0.33125 0.3375
0 0.8265625 0.55078125 0.003125 0.0015625
0 0.84609375 0.60859375 0.1671875 0.1171875
0 0.73671875 0.60859375 0.1890625 0.1171875