0 0.1796875 0.11328125 0.259375 0.2265625
0 0.4953125 0.15390625 0.0015625 0.0015625
0 0.50390625 0.15546875 0.0015625 0.0015625
0 0.5390625 0.146875 0.003125 0.003125
0 0.540625 0.14140625 0.003125 0.003125
0 0.54375 0.1296875 0.0015625 0.0015625
0 0.54453125 0.1265625 0.0015625 0.0015625
0 0.54765625 0.1171875 0.0015625 0.0015625
0 0.5515625 0.103125 0.003125 0.003125
0 0.55390625 0.0921875 0.0015625 0.0015625
0 0.5578125 0.07890625 0.003125 0.003125
0 0.56015625 0.06875 0.003125 0.00625
0 0.5640625 0.05703125 0.0046875 0.0078125
0 0.56953125 0.04921875 0.0015625 0.0015625
0 0.5796875 0.00078125 0.003125 0.0015625
0 0.5875 0.00078125 0.003125 0.0015625
0 0.55 0.1140625 0.28125 0.228125
0 0.24453125 0.646875 0.0015625 0.0015625
0 0.26640625 0.54609375 0.0859375 0.3328125
0 0.52421875 0.4609375 0.3015625 0.1625