0 0.33671875 0.29609375 0.0015625 0.003125
0 0.53046875 0.31875 0.0015625 0.003125
0 0.36484375 0.35 0.003125 0.003125
0 0.5328125 0.34609375 0.0046875 0.009375
0 0.37890625 0.37265625 0.0046875 0.00625
0 0.534375 0.35703125 0.003125 0.003125
0 0.409375 0.3953125 0.003125 0.003125
0 0.4484375 0.3265625 0.1890625 0.2140625
0 0.3453125 0.4265625 0.0015625 0.003125
0 0.47109375 0.4234375 0.0015625 0.003125
0 0.39375 0.546875 0.0015625 0.003125
0 0.390625 0.5484375 0.0015625 0.003125
0 0.390625 0.5546875 0.0015625 0.003125
0 0.44375 0.5390625 0.178125 0.08125
0 0.90390625 0.00390625 0.0421875 0.0078125
0 0.9 0.48828125 0.2 0.1828125
0 0.34609375 0.7171875 0.5078125 0.275
0 0.61953125 0.6296875 0.0015625 0.003125
0 0.703125 0.78984375 0.16875 0.4203125