0 0.3125 0.35234375 0.003125 0.0015625
0 0.26953125 0.175 0.003125 0.0015625
0 0.25859375 0.34140625 0.003125 0.003125
0 0.24296875 0.18125 0.0078125 0.003125
0 0.23515625 0.334375 0.00625 0.003125
0 0.2328125 0.18203125 0.003125 0.003125
0 0.21015625 0.31171875 0.003125 0.003125
0 0.27109375 0.2546875 0.184375 0.1640625
0 0.1875 0.38359375 0.003125 0.0015625
0 0.1765625 0.2625 0.003125 0.0015625
0 0.06640625 0.371875 0.003125 0.0015625
0 0.065625 0.37578125 0.003125 0.0015625
0 0.0609375 0.37734375 0.003125 0.0015625
0 0.0765625 0.0984375 0.153125 0.1375
0 0.053125 0.34375 0.10625 0.146875
0 0.77109375 0.50546875 0.003125 0.0015625
0 0.7078125 0.3828125 0.215625 0.271875
0 0.60234375 0.01875 0.0046875 0.0375
0 0.41015625 0.58515625 0.2234375 0.1328125
0 0.125 0.51953125 0.00625 0.0015625
0 0.10078125 0.5984375 0.2015625 0.159375
0 0.82890625 0.92421875 0.003125 0.0015625
0 0.73671875 0.8328125 0.2734375 0.334375
0 0.60234375 0.5375 0.0046875 0.0375