0 0.41875 0.59921875 0.0109375 0.0125
0 0.36015625 0.48828125 0.4234375 0.2609375
0 0.00078125 0.0203125 0.0015625 0.003125
0 0.04765625 0.07578125 0.0953125 0.1515625
0 0.34140625 0.08046875 0.2046875 0.1609375
0 0.70859375 0.00859375 0.1265625 0.0171875
0 0.3484375 0.975 0.16875 0.05
0 0.36640625 0.69921875 0.2484375 0.1609375
0 0.30234375 0.646875 0.1421875 0.05625
0 0.96015625 0.89765625 0.0796875 0.1140625
0 0.6296875 0.92265625 0.08125 0.1328125
0 0.64296875 0.7390625 0.1078125 0.2
0 0.734375 0.65 0.171875 0.0625