0 0.20546875 0.425 0.0015625 0.003125
0 0.20234375 0.440625 0.00625 0.009375
0 0.190625 0.42109375 0.38125 0.4171875
0 0.57734375 0.13671875 0.1171875 0.1578125
0 0.36484375 0.87265625 0.003125 0.003125
0 0.3703125 0.875 0.003125 0.003125
0 0.37578125 0.8796875 0.0015625 0.003125
0 0.38125 0.8828125 0.0015625 0.003125
0 0.38515625 0.88515625 0.0015625 0.003125
0 0.390625 0.8890625 0.0015625 0.003125
0 0.39609375 0.89140625 0.0015625 0.003125
0 0.4 0.89453125 0.0015625 0.003125
0 0.3203125 0.89921875 0.240625 0.2015625