0 0.13984375 0.1578125 0.2796875 0.315625
0 0.47421875 0.08671875 0.0890625 0.1734375
0 0.95234375 0.05078125 0.0953125 0.1015625
0 0.5984375 0.08125 0.2 0.1625
0 0.91953125 0.171875 0.1609375 0.225
0 0.54296875 0.37421875 0.2265625 0.2296875
0 0.3265625 0.48984375 0.003125 0.0015625
0 0.2234375 0.58359375 0.4125 0.1890625
0 0.04921875 0.85859375 0.003125 0.0015625
0 0.11328125 0.8453125 0.2265625 0.309375
0 0.7375 0.5390625 0.003125 0.003125
0 0.73515625 0.54765625 0.0015625 0.003125
0 0.76171875 0.61796875 0.4765625 0.2578125
0 0.9140625 0.8453125 0.003125 0.003125
0 0.91953125 0.85 0.00625 0.0046875
0 0.9296875 0.85078125 0.0046875 0.0046875
0 0.8921875 0.75859375 0.215625 0.2890625
0 0.54921875 0.74453125 0.2390625 0.5109375