0 0.2734375 0.559375 0.0015625 0.003125
0 0.2828125 0.55859375 0.0015625 0.003125
0 0.31875 0.54140625 0.003125 0.003125
0 0.31953125 0.5359375 0.0015625 0.003125
0 0.31875 0.521875 0.0015625 0.003125
0 0.31953125 0.51796875 0.0015625 0.003125
0 0.31875 0.5078125 0.0015625 0.003125
0 0.31875 0.4921875 0.0015625 0.003125
0 0.31796875 0.48046875 0.0015625 0.003125
0 0.31796875 0.46484375 0.0015625 0.003125
0 0.3171875 0.453125 0.0015625 0.00625
0 0.31640625 0.43984375 0.003125 0.009375
0 0.3203125 0.43046875 0.0015625 0.003125
0 0.31171875 0.36640625 0.0015625 0.003125
0 0.3109375 0.35390625 0.0015625 0.003125
0 0.3109375 0.32734375 0.0015625 0.003125
0 0.31015625 0.315625 0.0015625 0.003125
0 0.265625 0.31640625 0.19375 0.48125
0 0.38984375 0.8296875 0.3953125 0.340625
0 0.825 0.82578125 0.35 0.3328125