0 0.19375 0.03515625 0.003125 0.0015625
0 0.1828125 0.0453125 0.0015625 0.0015625
0 0.1703125 0.0484375 0.003125 0.0015625
0 0.228125 0.046875 0.0015625 0.0015625
0 0.20390625 0.0515625 0.003125 0.003125
0 0.24609375 0.053125 0.0015625 0.0015625
0 0.19765625 0.059375 0.0015625 0.0015625
0 0.221875 0.0546875 0.003125 0.00625
0 0.240625 0.05546875 0.0015625 0.0015625
0 0.2109375 0.05859375 0.003125 0.003125
0 0.25859375 0.0546875 0.003125 0.003125
0 0.2125 0.06328125 0.0015625 0.0015625
0 0.1984375 0.0671875 0.0015625 0.0015625
0 0.2140625 0.06875 0.0015625 0.0015625
0 0.20078125 0.07421875 0.0015625 0.0015625
0 0.2234375 0.071875 0.003125 0.0015625
0 0.20859375 0.06875 0.0171875 0.0125
0 0.23203125 0.075 0.003125 0.0015625
0 0.19296875 0.24375 0.353125 0.415625
0 0.78359375 0.159375 0.4328125 0.31875
0 0.721875 0.396875 0.20625 0.184375
0 0.09765625 0.51328125 0.1359375 0.0484375
0 0.46171875 0.5171875 0.1359375 0.05625
0 0.3328125 0.7265625 0.1546875 0.1078125
0 0.79375 0.49375 0.0015625 0.0015625
0 0.78125 0.496875 0.003125 0.0015625
0 0.8390625 0.4953125 0.0015625 0.0015625
0 0.81484375 0.5 0.003125 0.003125
0 0.85703125 0.5015625 0.0015625 0.0015625
0 0.80859375 0.5078125 0.0015625 0.0015625
0 0.8328125 0.503125 0.003125 0.00625
0 0.8515625 0.50390625 0.0015625 0.0015625
0 0.821875 0.50703125 0.003125 0.003125
0 0.86953125 0.503125 0.003125 0.003125
0 0.8234375 0.51171875 0.0015625 0.0015625
0 0.809375 0.515625 0.0015625 0.0015625
0 0.825 0.5171875 0.0015625 0.0015625
0 0.81171875 0.52265625 0.0015625 0.0015625
0 0.834375 0.5203125 0.003125 0.0015625
0 0.81953125 0.5171875 0.0171875 0.0125
0 0.84296875 0.5234375 0.003125 0.0015625
0 0.803125 0.69375 0.353125 0.409375