0 0.2984375 0.16875 0.596875 0.3375
0 0.884375 0.16875 0.23125 0.3375
0 0.696875 0.11328125 0.15625 0.2265625
0 0.571875 0.70234375 0.09375 0.3234375
0 0.25390625 0.7890625 0.4515625 0.421875
0 0.40859375 0.490625 0.1546875 0.1625
0 0.10078125 0.50234375 0.1828125 0.1859375
0 0.16953125 0.4734375 0.2703125 0.128125
0 0.81875 0.784375 0.2796875 0.3984375
0 0.67734375 0.53203125 0.1171875 0.2453125
0 0.671875 0.5640625 0.10625 0.25625
0 0.884375 0.471875 0.1875 0.125
0 0.64921875 0.4453125 0.0609375 0.071875
0 0.6640625 0.46015625 0.090625 0.1015625