0 0.08046875 0.00390625 0.0015625 0.003125
0 0.4890625 0.1265625 0.121875 0.253125
0 0.32890625 0.2296875 0.3328125 0.459375
0 0.0609375 0.05234375 0.121875 0.1046875
0 0.834375 0.065625 0.18125 0.13125
0 0.06015625 0.65234375 0.1203125 0.3859375
0 0.2015625 0.5078125 0.115625 0.096875
0 0.13046875 0.5140625 0.1609375 0.109375
0 0.7125 0.91328125 0.0015625 0.003125
0 0.7109375 0.90859375 0.0015625 0.003125
0 0.7125 0.67734375 0.0015625 0.003125
0 0.7234375 0.678125 0.003125 0.00625
0 0.69375 0.67578125 0.0015625 0.003125
0 0.80390625 0.57734375 0.3390625 0.2359375