0 0.14296875 0.45625 0.1328125 0.209375
0 0.00546875 0.0390625 0.003125 0.003125
0 0.07734375 0.14765625 0.1546875 0.2953125
0 0.93125 0.0140625 0.121875 0.028125
0 0.35078125 0.03203125 0.2546875 0.0640625
0 0.15546875 0.74921875 0.1078125 0.2796875
0 0.0328125 0.6578125 0.065625 0.096875
0 0.04921875 0.659375 0.0984375 0.1
0 0.18046875 0.63359375 0.0578125 0.0484375
0 0.04765625 0.66015625 0.0953125 0.1015625
0 0.83203125 0.9109375 0.2015625 0.178125
0 0.4890625 0.77578125 0.1875 0.209375
0 0.321875 0.61015625 0.003125 0.0015625
0 0.340625 0.68984375 0.2625 0.1609375