0 0.37890625 0.13984375 0.1421875 0.2796875
0 0.0875 0.17421875 0.175 0.2515625
0 0.75703125 0.178125 0.0015625 0.0015625
0 0.66484375 0.15 0.4296875 0.3
0 0.4296875 0.55 0.003125 0.003125
0 0.415625 0.56015625 0.003125 0.0015625
0 0.32265625 0.48203125 0.2546875 0.2578125
0 0.26953125 0.815625 0.3609375 0.265625
0 0.0984375 0.60546875 0.196875 0.1671875
0 0.01328125 0.98203125 0.0234375 0.0359375
0 0.00234375 0.965625 0.0015625 0.003125
0 0.93046875 0.35546875 0.0015625 0.003125
0 0.75703125 0.38515625 0.4859375 0.1703125
0 0.5203125 0.521875 0.140625 0.19375
0 0.58046875 0.81328125 0.246875 0.153125