0 0.35390625 0.23125 0.0921875 0.4625
0 0.05859375 0.0953125 0.1171875 0.190625
0 0.98203125 0.54140625 0.0359375 0.2859375
0 0.56328125 0.228125 0.3265625 0.45625
0 0.259375 0.79765625 0.225 0.1171875
0 0.04296875 0.7984375 0.0859375 0.11875
0 0.91796875 0.85625 0.1640625 0.234375
0 0.5546875 0.86953125 0.309375 0.2609375
0 0.50859375 0.73984375 0.0015625 0.0015625
0 0.53046875 0.73984375 0.0015625 0.0015625
0 0.48359375 0.73984375 0.0015625 0.0015625
0 0.54375 0.84296875 0.2875 0.2078125
0 0.9234375 0.8140625 0.153125 0.15