0 0.11875 0.3171875 0.2375 0.34375
0 0.3765625 0.11796875 0.10625 0.1921875
0 0.04375 0.14296875 0.0875 0.2859375
0 0.05390625 0.065625 0.1078125 0.13125
0 0.475 0.35859375 0.090625 0.2609375
0 0.50546875 0.09296875 0.1515625 0.1859375
0 0.715625 0.09140625 0.290625 0.1828125
0 0.0640625 0.753125 0.128125 0.303125
0 0.1140625 0.6484375 0.228125 0.31875
0 0.35703125 0.53671875 0.1453125 0.0953125
0 0.04375 0.58203125 0.0875 0.1859375
0 0.05390625 0.5546875 0.1078125 0.13125
0 0.9046875 0.63125 0.190625 0.284375
0 0.8640625 0.51328125 0.203125 0.0484375