0 0.31328125 0.278125 0.2390625 0.2484375
0 0.19765625 0.63671875 0.0015625 0.0015625
0 0.18984375 0.64140625 0.0015625 0.0015625
0 0.1625 0.6640625 0.003125 0.0015625
0 0.1640625 0.66875 0.0015625 0.003125
0 0.1671875 0.68046875 0.0015625 0.0015625
0 0.16796875 0.684375 0.0015625 0.0015625
0 0.171875 0.69375 0.0015625 0.0015625
0 0.175 0.70703125 0.0015625 0.003125
0 0.178125 0.71640625 0.0015625 0.0015625
0 0.18125 0.73046875 0.0015625 0.003125
0 0.184375 0.73984375 0.003125 0.00625
0 0.1875 0.75234375 0.003125 0.0078125
0 0.18671875 0.7609375 0.0015625 0.0015625
0 0.209375 0.81328125 0.0015625 0.0015625
0 0.21328125 0.82421875 0.0015625 0.003125
0 0.21953125 0.846875 0.0015625 0.003125
0 0.22265625 0.85625 0.0015625 0.0015625
0 0.26015625 0.81171875 0.1984375 0.3765625
0 0.5125 0.8921875 0.025 0.19375