0 0.1125 0.50234375 0.225 0.3140625
0 0.32421875 0.5578125 0.3109375 0.203125
0 0.3609375 0.37265625 0.1765625 0.1828125
0 0.078125 0.00234375 0.009375 0.0046875
0 0.10625 0.0921875 0.2125 0.184375
0 0.48046875 0.484375 0.0015625 0.003125
0 0.61796875 0.61875 0.2578125 0.08125
0 0.584375 0.35546875 0.209375 0.3609375
0 0.72734375 0.3125 0.1484375 0.190625
0 0.59375 0.21796875 0.2078125 0.2078125
0 0.50703125 0.02890625 0.0546875 0.0578125
0 0.86015625 0.11796875 0.2171875 0.2359375
0 0.23984375 0.89375 0.4796875 0.2125
0 0.67734375 0.73828125 0.1953125 0.1578125
0 0.93046875 0.84765625 0.1390625 0.3046875