0 0.31796875 0.021875 0.0828125 0.04375
0 0.83671875 0.2671875 0.3265625 0.325
0 0.78515625 0.02890625 0.2171875 0.0578125
0 0.0453125 0.9375 0.090625 0.125
0 0.29921875 0.5796875 0.1203125 0.15625
0 0.39375 0.659375 0.003125 0.003125
0 0.3828125 0.64453125 0.003125 0.003125
0 0.3703125 0.63828125 0.003125 0.003125
0 0.4328125 0.65625 0.003125 0.003125
0 0.40703125 0.64375 0.0046875 0.0046875
0 0.45234375 0.65390625 0.003125 0.003125
0 0.4015625 0.634375 0.003125 0.003125
0 0.42734375 0.6453125 0.00625 0.0078125
0 0.446875 0.65 0.003125 0.003125
0 0.415625 0.6375 0.003125 0.003125
0 0.465625 0.6546875 0.003125 0.003125
0 0.41796875 0.63359375 0.003125 0.003125
0 0.40390625 0.6265625 0.003125 0.003125
0 0.42109375 0.628125 0.003125 0.003125
0 0.4078125 0.61953125 0.003125 0.003125
0 0.43203125 0.628125 0.003125 0.003125
0 0.415625 0.62578125 0.0203125 0.01875
0 0.4421875 0.6265625 0.003125 0.003125
0 0.50859375 0.56328125 0.2984375 0.2671875
0 0.8984375 0.50234375 0.203125 0.1453125