0 0.26640625 0.00078125 0.0046875 0.0015625
0 0.25859375 0.003125 0.0078125 0.00625
0 0.25625 0.1078125 0.40625 0.215625
0 0.440625 0.315625 0.0375 0.11875
0 0.46015625 0.00078125 0.0015625 0.0015625
0 0.5671875 0.190625 0.215625 0.38125
0 0.8609375 0.2015625 0.278125 0.403125
0 0.115625 0.4890625 0.184375 0.1
0 0.359375 0.4953125 0.184375 0.1125
0 0.3125 0.690625 0.1671875 0.2484375
0 0.14921875 0.94375 0.2984375 0.1125
0 0.653125 0.86953125 0.29375 0.2609375
0 0.90390625 0.70234375 0.1921875 0.5265625