0 0.20546875 0.4046875 0.3859375 0.26875
0 0.309375 0.15078125 0.4 0.3015625
0 0.95390625 0.41171875 0.0921875 0.2546875
0 0.728125 0.46171875 0.253125 0.1546875
0 0.940625 0.0609375 0.11875 0.121875
0 0.72890625 0.1171875 0.2296875 0.234375
0 0.33125 0.80078125 0.271875 0.315625
0 0.07109375 0.87109375 0.1421875 0.2578125
0 0.50078125 0.58984375 0.1171875 0.1015625
0 0.24140625 0.58203125 0.1453125 0.0859375
0 0.065625 0.60859375 0.13125 0.1390625
0 0.84375 0.76953125 0.3125 0.4609375
0 0.70390625 0.76953125 0.2890625 0.4609375