0 0.00234375 0.0265625 0.0046875 0.009375
0 0.00078125 0.0265625 0.0015625 0.003125
0 0.0015625 0.0296875 0.003125 0.00625
0 0.00390625 0.03203125 0.0078125 0.0109375
0 0.02265625 0.034375 0.0078125 0.0046875
0 0.03515625 0.03203125 0.003125 0.003125
0 0.0328125 0.0390625 0.003125 0.003125
0 0.08203125 0.05859375 0.00625 0.0046875
0 0.09921875 0.05703125 0.003125 0.003125
0 0.10078125 0.07421875 0.0109375 0.0078125
0 0.2390625 0.1875 0.478125 0.375
0 0.515625 0.4390625 0.0875 0.296875
0 0.63671875 0.1921875 0.003125 0.003125
0 0.634375 0.26171875 0.15 0.2203125
0 0.98515625 0.0015625 0.0078125 0.003125
0 0.97578125 0.02109375 0.003125 0.003125
0 0.31875 0.83984375 0.003125 0.003125
0 0.36640625 0.80859375 0.1609375 0.1390625
0 0.684375 0.85625 0.25 0.234375