0 0.2734375 0.0671875 0.003125 0.003125
0 0.2734375 0.071875 0.003125 0.003125
0 0.2734375 0.078125 0.003125 0.003125
0 0.27265625 0.090625 0.003125 0.003125
0 0.16796875 0.234375 0.3359375 0.46875
0 0.6984375 0.09296875 0.0046875 0.00625
0 0.62265625 0.15859375 0.0078125 0.0140625
0 0.70546875 0.24921875 0.1734375 0.4390625
0 0.35625 0.7375 0.003125 0.003125
0 0.34375 0.75078125 0.0046875 0.0046875
0 0.3140625 0.8171875 0.003125 0.003125
0 0.41640625 0.7328125 0.4046875 0.528125
0 0.62265625 0.471875 0.0078125 0.00625
0 0.70546875 0.734375 0.1734375 0.53125