0 0.00078125 0.2921875 0.0015625 0.00625
0 0.0046875 0.30859375 0.0015625 0.0015625
0 0.00078125 0.259375 0.0015625 0.003125
0 0.06796875 0.39453125 0.015625 0.0125
0 0.1546875 0.271875 0.309375 0.334375
0 0.48046875 0.00078125 0.0046875 0.0015625
0 0.48125 0.059375 0.196875 0.11875
0 0.54453125 0.15234375 0.0703125 0.2703125
0 0.0640625 0.79296875 0.0046875 0.00625
0 0.0734375 0.80859375 0.0015625 0.0015625
0 0.059375 0.76015625 0.003125 0.003125
0 0.059375 0.75546875 0.0015625 0.0015625
0 0.13671875 0.89453125 0.015625 0.0125
0 0.203125 0.80234375 0.35 0.3953125
0 0.54921875 0.43984375 0.0046875 0.0015625
0 0.515625 0.4984375 0.128125 0.11875
0 0.82578125 0.58203125 0.3484375 0.2859375