0 0.62578125 0.13046875 0.2390625 0.2609375
0 0.4828125 0.41640625 0.228125 0.1265625
0 0.8296875 0.4015625 0.15 0.15625
0 0.2015625 0.80859375 0.2296875 0.2578125
0 0.1015625 0.9015625 0.203125 0.196875
0 0.79453125 0.5390625 0.2171875 0.11875
0 0.45234375 0.5875 0.1671875 0.215625
0 0.95390625 0.66953125 0.0015625 0.0015625
0 0.4796875 0.76796875 0.0015625 0.003125
0 0.50078125 0.7671875 0.0015625 0.0015625
0 0.46484375 0.790625 0.0015625 0.003125
0 0.5125 0.87109375 0.2875 0.2578125
0 0.9375 0.809375 0.125 0.38125