0 0.6359375 0.21328125 0.0015625 0.0015625
0 0.6015625 0.14296875 0.0015625 0.0015625
0 0.59609375 0.2734375 0.0015625 0.0015625
0 0.5453125 0.1453125 0.003125 0.003125
0 0.59765625 0.3859375 0.0015625 0.0015625
0 0.5640625 0.33203125 0.003125 0.003125
0 0.55 0.35234375 0.0015625 0.0015625
0 0.5484375 0.36015625 0.0015625 0.0015625
0 0.66796875 0.5484375 0.1421875 0.103125
0 0.44453125 0.32421875 0.534375 0.4265625
0 0.11328125 0.540625 0.2265625 0.11875
0 0.7859375 0.46953125 0.09375 0.1828125
0 0.15 0.67421875 0.3 0.1484375
0 0.28125 0.8 0.5625 0.4
0 0.83203125 0.9203125 0.1859375 0.159375