0 0.03359375 0.196875 0.0671875 0.125
0 0.02109375 0.0265625 0.0421875 0.053125
0 0.92734375 0.3609375 0.1453125 0.175
0 0.83984375 0.0828125 0.2390625 0.165625
0 0.62734375 0.396875 0.0765625 0.18125
0 0.55703125 0.83984375 0.0640625 0.2328125
0 0.26875 0.75546875 0.184375 0.134375
0 0.17578125 0.88828125 0.2046875 0.1921875
0 0.09921875 0.63046875 0.1984375 0.2046875
0 0.840625 0.76328125 0.0046875 0.0046875
0 0.7984375 0.77734375 0.2328125 0.1578125
0 0.65390625 0.93828125 0.1296875 0.1234375
0 0.6625 0.6359375 0.146875 0.18125