0 0.171875 0.13828125 0.00625 0.0140625
0 0.15625 0.12578125 0.3125 0.2515625
0 0.503125 0.1390625 0.153125 0.278125
0 0.36953125 0.64453125 0.1171875 0.0484375
0 0.16328125 0.58671875 0.3078125 0.1640625
0 0.54453125 0.5171875 0.0703125 0.303125
0 0.74453125 0.4734375 0.3296875 0.390625
0 0.05234375 0.7265625 0.1046875 0.115625
0 0.2546875 0.73359375 0.215625 0.1296875
0 0.28203125 0.77578125 0.2015625 0.2140625
0 0.53203125 0.884375 0.0953125 0.23125
0 0.63203125 0.759375 0.1046875 0.18125
0 0.6328125 0.73359375 0.10625 0.1296875
0 0.6390625 0.92734375 0.11875 0.1453125