0 0.0828125 0.31015625 0.0046875 0.0046875
0 0.0796875 0.30390625 0.0046875 0.0046875
0 0.07734375 0.29765625 0.003125 0.003125
0 0.0734375 0.29140625 0.003125 0.003125
0 0.071875 0.28515625 0.003125 0.003125
0 0.06953125 0.27890625 0.003125 0.003125
0 0.065625 0.2734375 0.003125 0.003125
0 0.0640625 0.2671875 0.003125 0.003125
0 0.08125 0.33359375 0.1625 0.2796875
0 0.65859375 0.03203125 0.1984375 0.0640625
0 0.10546875 0.8453125 0.2109375 0.221875
0 0.78125 0.88984375 0.003125 0.003125
0 0.76796875 0.79609375 0.0078125 0.00625
0 0.86640625 0.60625 0.2671875 0.175
0 0.70625 0.759375 0.29375 0.48125