0 0.0546875 0.47890625 0.003125 0.0015625
0 0.0671875 0.4625 0.0046875 0.00625
0 0.09375 0.446875 0.003125 0.003125
0 0.128125 0.44921875 0.165625 0.0609375
0 0.03515625 0.40859375 0.0015625 0.0015625
0 0.14765625 0.43125 0.0015625 0.003125
0 0.0765625 0.30859375 0.0015625 0.0015625
0 0.07421875 0.30703125 0.0015625 0.003125
0 0.07421875 0.30234375 0.0015625 0.0015625
0 0.32734375 0.36953125 0.14375 0.196875
0 0.12109375 0.25390625 0.1578125 0.2109375
0 0.72109375 0.1578125 0.2453125 0.315625
0 0.00078125 0.67265625 0.0015625 0.0015625
0 0.0859375 0.65390625 0.171875 0.3484375
0 0.059375 0.5328125 0.11875 0.10625
0 0.315625 0.54375 0.15 0.128125
0 0.653125 0.9484375 0.0015625 0.0015625
0 0.6796875 0.74296875 0.38125 0.5140625