0 0.1203125 0.46328125 0.13125 0.1921875
0 0.6 0.07421875 0.2 0.1484375
0 0.578125 0.32890625 0.15625 0.4609375
0 0.9328125 0.38359375 0.134375 0.3515625
0 0.5015625 0.56015625 0.003125 0.0015625
0 0.54375 0.5625 0.0015625 0.0015625
0 0.5203125 0.56328125 0.003125 0.00625
0 0.53828125 0.56484375 0.0015625 0.0015625
0 0.50859375 0.56640625 0.003125 0.003125
0 0.55625 0.56484375 0.003125 0.003125
0 0.509375 0.57109375 0.0015625 0.0015625
0 0.509375 0.5765625 0.0015625 0.0015625
0 0.51875 0.5796875 0.003125 0.0015625
0 0.50546875 0.575 0.0109375 0.015625
0 0.528125 0.58359375 0.003125 0.0015625
0 0.58203125 0.7625 0.1640625 0.40625