0 0.34140625 0.2625 0.33125 0.34375
0 0.1140625 0.00625 0.103125 0.0125
0 0.7921875 0.06015625 0.146875 0.1203125
0 0.3875 0.94609375 0.0015625 0.0015625
0 0.3703125 0.771875 0.003125 0.0015625
0 0.340625 0.92421875 0.003125 0.003125
0 0.3453125 0.77109375 0.0078125 0.003125
0 0.31953125 0.91171875 0.00625 0.003125
0 0.3359375 0.76953125 0.003125 0.003125
0 0.3 0.8859375 0.003125 0.003125
0 0.36171875 0.84609375 0.1703125 0.1625
0 0.27109375 0.94609375 0.0015625 0.0015625
0 0.275 0.83125 0.003125 0.0015625
0 0.1625 0.909375 0.0015625 0.0015625
0 0.1609375 0.9125 0.003125 0.0015625
0 0.15625 0.9125 0.0015625 0.0015625
0 0.184375 0.653125 0.1828125 0.1390625
0 0.1 0.8671875 0.1921875 0.1484375
0 0.88828125 0.646875 0.003125 0.0015625
0 0.8796875 0.6421875 0.0015625 0.0015625
0 0.8765625 0.63984375 0.0015625 0.0015625
0 0.81796875 0.628125 0.003125 0.0015625
0 0.81796875 0.69609375 0.1984375 0.1734375
0 0.75546875 0.51953125 0.0734375 0.0609375