0 0.1359375 0.0296875 0.271875 0.059375
0 0.84609375 0.25234375 0.003125 0.003125
0 0.81796875 0.06171875 0.2703125 0.1234375
0 0.71328125 0.2078125 0.38125 0.2640625
0 0.50078125 0.13828125 0.0015625 0.0015625
0 0.50078125 0.11484375 0.0015625 0.0015625
0 0.50078125 0.15390625 0.0015625 0.0015625
0 0.5875 0.13203125 0.175 0.2640625
0 0.61796875 0.0640625 0.2359375 0.128125
0 0.159375 0.55 0.003125 0.0015625
0 0.1046875 0.5046875 0.209375 0.13125
0 0.89140625 0.5109375 0.2171875 0.14375
0 0.6546875 0.43984375 0.003125 0.0015625
0 0.6359375 0.43984375 0.00625 0.0015625
0 0.634375 0.43984375 0.003125 0.0015625
0 0.609375 0.5078125 0.21875 0.1375
0 0.6140625 0.678125 0.228125 0.321875