0 0.31484375 0.3234375 0.0015625 0.003125
0 0.1390625 0.37734375 0.0015625 0.003125
0 0.29921875 0.37578125 0.003125 0.003125
0 0.14296875 0.40234375 0.003125 0.0078125
0 0.29140625 0.39921875 0.003125 0.00625
0 0.14296875 0.4125 0.003125 0.003125
0 0.26796875 0.425 0.003125 0.003125
0 0.2171875 0.36953125 0.1703125 0.1734375
0 0.33515625 0.4421875 0.0015625 0.003125
0 0.2171875 0.46171875 0.0015625 0.003125
0 0.59375 0.22421875 0.3 0.4484375
0 0.16796875 0.7625 0.0015625 0.003125
0 0.19375 0.8203125 0.3875 0.359375