0 0.2796875 0.46953125 0.0015625 0.015625
0 0.23828125 0.5140625 0.3453125 0.23125
0 0.31796875 0.00234375 0.0015625 0.0046875
0 0.34296875 0.03984375 0.0796875 0.0796875
0 0.13515625 0.08984375 0.2359375 0.1796875
0 0.90703125 0.0171875 0.1859375 0.034375
0 0.46484375 0.91015625 0.1390625 0.1796875
0 0.0890625 0.90078125 0.178125 0.1984375
0 0.06640625 0.65625 0.1328125 0.053125
0 0.91796875 0.85078125 0.1640625 0.2984375
0 0.77265625 0.63046875 0.0015625 0.0015625
0 0.75546875 0.63046875 0.0015625 0.0015625
0 0.72890625 0.69140625 0.1578125 0.1234375
0 0.68984375 0.69140625 0.0796875 0.1234375
0 0.84609375 0.6640625 0.1078125 0.06875
0 0.68984375 0.67421875 0.0796875 0.0890625