0 0.359375 0.51953125 0.003125 0.0015625
0 0.359375 0.51484375 0.0015625 0.003125
0 0.35625 0.50234375 0.0015625 0.0015625
0 0.35546875 0.4984375 0.0015625 0.0015625
0 0.3515625 0.48828125 0.0015625 0.0015625
0 0.34921875 0.47265625 0.0015625 0.003125
0 0.346875 0.4625 0.0015625 0.0015625
0 0.34296875 0.44765625 0.0015625 0.003125
0 0.340625 0.43671875 0.003125 0.00625
0 0.33828125 0.42421875 0.003125 0.0078125
0 0.33203125 0.41640625 0.0015625 0.0015625
0 0.3265625 0.35625 0.0015625 0.0015625
0 0.32421875 0.3453125 0.0015625 0.003125
0 0.31796875 0.31953125 0.0015625 0.003125
0 0.31640625 0.30859375 0.0015625 0.0015625
0 0.3375 0.30078125 0.24375 0.4578125
0 0.74140625 0.1125 0.4421875 0.225
0 0.36796875 0.890625 0.1828125 0.21875
0 0.090625 0.578125 0.18125 0.096875
0 0.7296875 0.71953125 0.540625 0.3796875