0 0.00078125 0.278125 0.0015625 0.003125
0 0.00078125 0.278125 0.0015625 0.003125
0 0.00078125 0.278125 0.0015625 0.003125
0 0.00078125 0.2765625 0.0015625 0.003125
0 0.00078125 0.2765625 0.0015625 0.003125
0 0.00078125 0.26953125 0.0015625 0.0046875
0 0.00078125 0.2765625 0.0015625 0.003125
0 0.00078125 0.275 0.0015625 0.003125
0 0.00078125 0.2765625 0.0015625 0.003125
0 0.00078125 0.26484375 0.0015625 0.0046875
0 0.00078125 0.275 0.0015625 0.003125
0 0.00078125 0.275 0.0015625 0.003125
0 0.00078125 0.2734375 0.0015625 0.003125
0 0.00234375 0.25546875 0.0046875 0.0078125
0 0.00078125 0.2734375 0.0015625 0.003125
0 0.00078125 0.2390625 0.0015625 0.003125
0 0.00078125 0.2390625 0.0015625 0.003125
0 0.00078125 0.2375 0.0015625 0.003125
0 0.00078125 0.2390625 0.0015625 0.003125
0 0.00078125 0.2390625 0.0015625 0.003125
0 0.00078125 0.2375 0.0015625 0.003125
0 0.00078125 0.23359375 0.0015625 0.0046875
0 0.00078125 0.2375 0.0015625 0.003125
0 0.00078125 0.2375 0.0015625 0.003125
0 0.00078125 0.2375 0.0015625 0.003125
0 0.1875 0.315625 0.375 0.56875
0 0.746875 0.4109375 0.15625 0.240625
0 0.46953125 0.8765625 0.3265625 0.246875
0 0.34453125 0.684375 0.3203125 0.16875
0 0.9484375 0.6671875 0.103125 0.134375
0 0.7734375 0.74453125 0.196875 0.1953125
0 0.725 0.67734375 0.1125 0.1546875
0 0.7265625 0.75234375 0.115625 0.2609375
0 0.73828125 0.6921875 0.1390625 0.184375