0 0.11484375 0.38515625 0.0015625 0.003125
0 0.11484375 0.3796875 0.0015625 0.0015625
0 0.1140625 0.37421875 0.0015625 0.0015625
0 0.1140625 0.3625 0.0015625 0.0015625
0 0.32421875 0.2890625 0.5515625 0.578125
0 0.771875 0.528125 0.284375 0.121875
0 0.678125 0.3921875 0.096875 0.234375
0 0.6765625 0.1078125 0.09375 0.215625
0 0.0765625 0.6875 0.153125 0.196875
0 0.471875 0.79453125 0.315625 0.4109375
0 0.70859375 0.91953125 0.1578125 0.1609375
0 0.63046875 0.66953125 0.0015625 0.0015625
0 0.63046875 0.64921875 0.0015625 0.0078125
0 0.63046875 0.65 0.0015625 0.003125
0 0.72578125 0.70546875 0.1921875 0.2328125
0 0.84296875 0.74921875 0.3140625 0.3203125