0 0.3265625 0.00859375 0.0015625 0.0015625
0 0.1953125 0.209375 0.31875 0.41875
0 0.64765625 0.17265625 0.0015625 0.0015625
0 0.475 0.15625 0.003125 0.003125
0 0.61640625 0.21484375 0.003125 0.003125
0 0.46875 0.18046875 0.0046875 0.0078125
0 0.6015625 0.2328125 0.0046875 0.00625
0 0.46640625 0.1890625 0.003125 0.003125
0 0.571875 0.246875 0.003125 0.003125
0 0.54609375 0.17890625 0.1875 0.1921875
0 0.62578125 0.28828125 0.0015625 0.0015625
0 0.5140625 0.2609375 0.003125 0.003125
0 0.5671875 0.38671875 0.0015625 0.0015625
0 0.5703125 0.38828125 0.003125 0.003125
0 0.5703125 0.39296875 0.0015625 0.0015625
0 0.45078125 0.31484375 0.0828125 0.1984375
0 0.51328125 0.37578125 0.1796875 0.0859375
0 0.04921875 0.52421875 0.0984375 0.1234375
0 0.1484375 0.82421875 0.0015625 0.0015625
0 0.23203125 0.85078125 0.1328125 0.184375
0 0.046875 0.7984375 0.09375 0.215625
0 0.68828125 0.5875 0.3796875 0.3375
0 0.77890625 0.92890625 0.2109375 0.1421875