0 0.41171875 0.3734375 0.0015625 0.0015625
0 0.415625 0.3703125 0.0015625 0.003125
0 0.3015625 0.375 0.275 0.25
0 0.128125 0.13125 0.0015625 0.0015625
0 0.11171875 0.1625 0.2234375 0.265625
0 0.625 0.15859375 0.33125 0.3171875
0 0.2109375 0.896875 0.35 0.20625
0 0.034375 0.834375 0.06875 0.18125
0 0.28125 0.6375 0.1625 0.275
0 0.43984375 0.96328125 0.0015625 0.0015625
0 0.43984375 0.9265625 0.0015625 0.003125
0 0.50625 0.85546875 0.134375 0.2890625
0 0.8375 0.6453125 0.284375 0.290625
0 0.47890625 0.55625 0.0796875 0.1125