0 0.25546875 0.06796875 0.2484375 0.1359375
0 0.2375 0.37421875 0.2125 0.2203125
0 0.109375 0.22109375 0.21875 0.4421875
0 0.090625 0.29453125 0.18125 0.3484375
0 0.50078125 0.43359375 0.2421875 0.1921875
0 0.0265625 0.5328125 0.00625 0.00625
0 0.103125 0.61015625 0.20625 0.1609375
0 0.303125 0.64765625 0.153125 0.2359375
0 0.24609375 0.80078125 0.0015625 0.0015625
0 0.00078125 0.8609375 0.0015625 0.00625
0 0.02734375 0.88359375 0.0546875 0.1484375
0 0.071875 0.7703125 0.14375 0.34375
0 0.15 0.8765625 0.3 0.246875