0 0.28125 0.3203125 0.25625 0.21875
0 0.08125 0.21484375 0.1625 0.4296875
0 0.41015625 0.00078125 0.0015625 0.0015625
0 0.503125 0.12109375 0.1875 0.2421875
0 0.43515625 0.4 0.0515625 0.059375
0 0.41015625 0.43046875 0.0015625 0.0015625
0 0.41015625 0.440625 0.0015625 0.003125
0 0.41015625 0.45 0.0015625 0.003125
0 0.41015625 0.45546875 0.0015625 0.0078125
0 0.41015625 0.4578125 0.0015625 0.003125
0 0.41015625 0.4609375 0.0015625 0.003125
0 0.41015625 0.47421875 0.0015625 0.0046875
0 0.41328125 0.46953125 0.0078125 0.0171875
0 0.41015625 0.4796875 0.0015625 0.003125
0 0.503125 0.665625 0.1875 0.471875
0 0.64296875 0.95859375 0.1984375 0.0828125