0 0.14765625 0.46953125 0.2953125 0.1984375
0 0.24375 0.09453125 0.284375 0.1890625
0 0.61015625 0.28671875 0.0015625 0.0046875
0 0.61015625 0.271875 0.0015625 0.003125
0 0.61015625 0.26484375 0.0015625 0.0046875
0 0.61015625 0.2859375 0.0015625 0.003125
0 0.61015625 0.271875 0.0015625 0.00625
0 0.61015625 0.2859375 0.0015625 0.003125
0 0.61015625 0.2640625 0.0015625 0.003125
0 0.6109375 0.27578125 0.003125 0.0078125
0 0.61015625 0.28125 0.0015625 0.003125
0 0.61015625 0.26796875 0.0015625 0.0046875
0 0.61015625 0.28828125 0.0015625 0.0046875
0 0.61015625 0.2640625 0.0015625 0.003125
0 0.61015625 0.25546875 0.0015625 0.0046875
0 0.61015625 0.2578125 0.0015625 0.003125
0 0.61015625 0.2484375 0.0015625 0.003125
0 0.61015625 0.25859375 0.0015625 0.0046875
0 0.6140625 0.25625 0.009375 0.01875
0 0.61015625 0.25859375 0.0015625 0.0046875
0 0.72734375 0.16953125 0.2359375 0.3390625
0 0.93203125 0.0765625 0.1359375 0.153125
0 0.0234375 0.7671875 0.046875 0.315625
0 0.4390625 0.56953125 0.003125 0.0015625
0 0.47578125 0.784375 0.2671875 0.43125
0 0.4140625 0.6140625 0.2125 0.090625
0 0.6796875 0.665625 0.140625 0.19375
0 0.8703125 0.79765625 0.259375 0.4046875
0 0.92734375 0.6234375 0.1453125 0.109375