0 0.70546875 0.1875 0.003125 0.003125
0 0.7 0.18984375 0.003125 0.003125
0 0.69375 0.19296875 0.0015625 0.003125
0 0.68828125 0.19453125 0.0015625 0.003125
0 0.6828125 0.1984375 0.0015625 0.003125
0 0.67734375 0.2 0.0015625 0.003125
0 0.671875 0.20234375 0.0015625 0.003125
0 0.66640625 0.2046875 0.0015625 0.003125
0 0.73984375 0.21875 0.2390625 0.221875
0 0.25546875 0.73984375 0.0015625 0.003125
0 0.25703125 0.75703125 0.00625 0.0109375
0 0.3125 0.759375 0.49375 0.48125
0 0.73125 0.83203125 0.228125 0.3359375