0 0.27265625 0.28671875 0.0015625 0.0015625
0 0.44453125 0.28359375 0.0015625 0.003125
0 0.2984375 0.24140625 0.003125 0.003125
0 0.44609375 0.259375 0.0046875 0.0078125
0 0.31015625 0.22265625 0.0046875 0.00625
0 0.4484375 0.25 0.003125 0.003125
0 0.3375 0.2046875 0.003125 0.003125
0 0.371875 0.26953125 0.1671875 0.175
0 0.2796875 0.17109375 0.0015625 0.0015625
0 0.3921875 0.184375 0.0015625 0.003125
0 0.32265625 0.06796875 0.0015625 0.0015625
0 0.3203125 0.06640625 0.0015625 0.003125
0 0.31953125 0.06171875 0.0015625 0.0015625
0 0.56953125 0.10859375 0.1390625 0.1859375
0 0.36796875 0.05390625 0.1578125 0.1078125
0 0.9265625 0.21953125 0.146875 0.4390625
0 0.14921875 0.88125 0.2984375 0.2375
0 0.6328125 0.5640625 0.0125 0.059375
0 0.79375 0.83671875 0.0015625 0.0015625
0 0.80078125 0.81484375 0.0015625 0.0015625
0 0.80625 0.8015625 0.003125 0.003125
0 0.77890625 0.6578125 0.2796875 0.4375