0 0.5171875 0.21953125 0.003125 0.0015625
0 0.54453125 0.1921875 0.1109375 0.125
0 0.11875 0.21484375 0.14375 0.1109375
0 0.7125 0.0484375 0.225 0.096875
0 0.7625 0.0953125 0.325 0.190625
0 0.59453125 0.56953125 0.009375 0.0078125
0 0.5828125 0.56640625 0.003125 0.003125
0 0.5734375 0.56484375 0.00625 0.0046875
0 0.53359375 0.55 0.015625 0.009375
0 0.50546875 0.540625 0.0078125 0.0046875
0 0.4953125 0.53359375 0.003125 0.0015625
0 0.49453125 0.54140625 0.003125 0.0015625
0 0.44140625 0.53828125 0.00625 0.0046875
0 0.42578125 0.5296875 0.003125 0.0015625
0 0.41796875 0.54453125 0.009375 0.00625
0 0.303125 0.61328125 0.59375 0.3046875
0 0.059375 0.67109375 0.11875 0.2609375
0 0.0671875 0.42421875 0.134375 0.1109375
0 0.87578125 0.8546875 0.2484375 0.290625
0 0.61015625 0.38359375 0.0203125 0.0296875