0 0.29296875 0.2046875 0.4078125 0.35625
0 0.7515625 0.00078125 0.003125 0.0015625
0 0.76875 0.00078125 0.003125 0.0015625
0 0.76640625 0.00078125 0.0046875 0.0015625
0 0.7671875 0.0015625 0.009375 0.003125
0 0.77265625 0.00078125 0.0046875 0.0015625
0 0.76015625 0.00078125 0.0046875 0.0015625
0 0.784375 0.00078125 0.003125 0.0015625
0 0.78359375 0.0046875 0.0171875 0.009375
0 0.78515625 0.00078125 0.0046875 0.0015625
0 0.85546875 0.10703125 0.2890625 0.2140625
0 0.06171875 0.53671875 0.1234375 0.0953125
0 0.0984375 0.7296875 0.196875 0.25625
0 0.28359375 0.93125 0.3765625 0.1375
0 0.46640625 0.59453125 0.0671875 0.2109375
0 0.75 0.75625 0.5 0.471875