0 0.4703125 0.00859375 0.003125 0.003125
0 0.459375 0.00078125 0.003125 0.0015625
0 0.45 0.04765625 0.003125 0.0015625
0 0.45 0.01875 0.003125 0.0046875
0 0.440625 0.0671875 0.003125 0.0015625
0 0.4421875 0.0109375 0.003125 0.0015625
0 0.44296875 0.03984375 0.00625 0.0046875
0 0.43828125 0.0609375 0.003125 0.0015625
0 0.440625 0.0265625 0.003125 0.003125
0 0.43671875 0.08125 0.003125 0.003125
0 0.43515625 0.02734375 0.003125 0.0015625
0 0.434375 0.0109375 0.003125 0.0015625
0 0.42890625 0.02890625 0.003125 0.0015625
0 0.42578125 0.0125 0.003125 0.0015625
0 0.42421875 0.0390625 0.003125 0.003125
0 0.42890625 0.02265625 0.0171875 0.0203125
0 0.41796875 0.05 0.003125 0.003125
0 0.23671875 0.096875 0.4734375 0.19375
0 0.69921875 0.29296875 0.1984375 0.1328125
0 0.69453125 0.04296875 0.1890625 0.0859375
0 0.25703125 0.58984375 0.1984375 0.1796875
0 0.021875 0.78359375 0.04375 0.1828125
0 0.8640625 0.8671875 0.003125 0.0015625
0 0.759375 0.8859375 0.31875 0.228125