0 0.1578125 0.51640625 0.0046875 0.00625
0 0.15390625 0.5 0.0015625 0.003125
0 0.16953125 0.4953125 0.0078125 0.009375
0 0.2515625 0.33046875 0.35 0.4578125
0 0.42578125 0.053125 0.2734375 0.10625
0 0.0765625 0.04296875 0.153125 0.0859375
0 0.659375 0.1515625 0.11875 0.303125
0 0.81875 0.24140625 0.3625 0.4828125
0 0.4859375 0.85 0.109375 0.1296875
0 0.19609375 0.66484375 0.0015625 0.003125
0 0.159375 0.70390625 0.13125 0.15
0 0.27734375 0.59453125 0.1203125 0.0703125
0 0.5609375 0.590625 0.078125 0.0625
0 0.8640625 0.83984375 0.271875 0.3203125