0 0.14765625 0.3546875 0.0015625 0.0015625
0 0.13984375 0.30234375 0.003125 0.003125
0 0.00078125 0.25078125 0.0015625 0.0078125
0 0.13359375 0.27890625 0.0046875 0.00625
0 0.00078125 0.2421875 0.0015625 0.003125
0 0.1140625 0.25078125 0.003125 0.003125
0 0.075 0.29453125 0.15 0.1796875
0 0.18125 0.2453125 0.0015625 0.0015625
0 0.06953125 0.20859375 0.0015625 0.003125
0 0.17578125 0.13125 0.0015625 0.0015625
0 0.1796875 0.13125 0.0015625 0.003125
0 0.18203125 0.1265625 0.0015625 0.0015625
0 0.040625 0.0765625 0.08125 0.153125
0 0.15234375 0.07890625 0.1765625 0.1578125
0 0.68046875 0.19453125 0.271875 0.2796875
0 0.00078125 0.66015625 0.0015625 0.0015625
0 0.11953125 0.80625 0.2390625 0.29375
0 0.88203125 0.76875 0.2359375 0.21875