0 0.22734375 0.61484375 0.1296875 0.1078125
0 0.05625 0.49921875 0.1125 0.1890625
0 0.7703125 0.22578125 0.1671875 0.1328125
0 0.69296875 0.07265625 0.003125 0.0015625
0 0.50234375 0.56171875 0.003125 0.0015625
0 0.49765625 0.13984375 0.1578125 0.2546875
0 0.52109375 0.04453125 0.2046875 0.0890625
0 0.40625 0.88828125 0.003125 0.0015625
0 0.4 0.74921875 0.003125 0.0015625
0 0.346875 0.8953125 0.003125 0.003125
0 0.3671875 0.69296875 0.003125 0.0015625
0 0.35234375 0.67265625 0.003125 0.0015625
0 0.209375 0.79140625 0.41875 0.2453125
0 0.06953125 0.72421875 0.1390625 0.1109375
0 0.75234375 0.8328125 0.3796875 0.328125
0 0.46796875 0.7390625 0.0984375 0.140625