0 0.6453125 0.15703125 0.046875 0.2265625
0 0.00078125 0.171875 0.0015625 0.003125
0 0.00078125 0.171875 0.0015625 0.003125
0 0.0421875 0.10390625 0.0015625 0.003125
0 0.05 0.08046875 0.0015625 0.003125
0 0.06796875 0.08984375 0.1359375 0.1796875
0 0.34140625 0.0640625 0.1859375 0.128125
0 0.0375 0.828125 0.075 0.196875
0 0.38125 0.80625 0.2484375 0.3171875
0 0.340625 0.52890625 0.15 0.0796875
0 0.75078125 0.6921875 0.1640625 0.371875
0 0.71953125 0.53671875 0.1015625 0.0953125
0 0.86484375 0.565625 0.2703125 0.153125