0 0.21640625 0.07734375 0.00625 0.015625
0 0.2265625 0.0890625 0.421875 0.178125
0 0.0390625 0.21484375 0.078125 0.4296875
0 0.60625 0.0328125 0.075 0.065625
0 0.6234375 0.0625 0.109375 0.125
0 0.72578125 0.05703125 0.2046875 0.1140625
0 0.92890625 0.38125 0.0046875 0.0046875
0 0.8796875 0.26875 0.240625 0.321875
0 0.3953125 0.465625 0.0046875 0.0046875
0 0.41796875 0.45859375 0.00625 0.00625
0 0.40703125 0.71484375 0.3234375 0.5703125
0 0.1234375 0.78125 0.246875 0.4375
0 0.6265625 0.55546875 0.115625 0.2515625
0 0.71015625 0.759375 0.003125 0.003125
0 0.73046875 0.7609375 0.003125 0.003125
0 0.75859375 0.6828125 0.271875 0.296875