0 0.36015625 0.00078125 0.0015625 0.0015625
0 0.290625 0.17109375 0.35625 0.3421875
0 0.471875 0.1953125 0.0015625 0.003125
0 0.60078125 0.3046875 0.2640625 0.55
0 0.1890625 0.7078125 0.0015625 0.003125
0 0.22265625 0.815625 0.4453125 0.36875
0 0.9484375 0.5828125 0.0015625 0.003125
0 0.7828125 0.6796875 0.0015625 0.003125
0 0.94375 0.6375 0.003125 0.003125
0 0.79140625 0.70390625 0.0046875 0.0078125
0 0.9390625 0.66328125 0.0046875 0.00625
0 0.79453125 0.71328125 0.003125 0.003125
0 0.921875 0.69453125 0.003125 0.003125
0 0.859375 0.66640625 0.175 0.1734375
0 0.9921875 0.69296875 0.0015625 0.003125
0 0.87734375 0.7421875 0.0015625 0.003125
0 0.9953125 0.8125 0.0015625 0.003125
0 0.9984375 0.8125 0.0015625 0.003125
0 0.73515625 0.90234375 0.1515625 0.1953125
0 0.94765625 0.88984375 0.1046875 0.2203125