0 0.0625 0.26484375 0.125 0.2078125
0 0.28671875 0.184375 0.4421875 0.36875
0 0.5953125 0.04765625 0.06875 0.0953125
0 0.05703125 0.0953125 0.1140625 0.190625
0 0.240625 0.09375 0.2375 0.1875
0 0.9625 0.26484375 0.075 0.2078125
0 0.72265625 0.1953125 0.125 0.1453125
0 0.678125 0.16640625 0.096875 0.2390625
0 0.43359375 0.878125 0.3203125 0.24375
0 0.25078125 0.5734375 0.3109375 0.26875
0 0.5765625 0.5265625 0.10625 0.315625
0 0.6875 0.59375 0.115625 0.284375
0 0.9328125 0.56328125 0.134375 0.3390625
0 0.865625 0.415625 0.121875 0.09375