0 0.31015625 0.49453125 0.003125 0.0015625
0 0.31484375 0.4953125 0.003125 0.0015625
0 0.30625 0.02421875 0.146875 0.0484375
0 0.5875 0.49140625 0.346875 0.1171875
0 0.52890625 0.2265625 0.2984375 0.453125
0 0.76328125 0.3046875 0.175 0.1640625
0 0.73828125 0.05390625 0.2390625 0.1078125
0 0.9859375 0.08828125 0.003125 0.003125
0 0.9265625 0.08984375 0.146875 0.1796875
0 0.0328125 0.88671875 0.065625 0.1640625
0 0.0375 0.59375 0.075 0.0875
0 0.05625 0.6078125 0.1125 0.115625
0 0.275 0.59765625 0.146875 0.0953125
0 0.51328125 0.93671875 0.2671875 0.1265625
0 0.85703125 0.65546875 0.2546875 0.2109375