0 0.24921875 0.21015625 0.2015625 0.0984375
0 0.08359375 0.0578125 0.1671875 0.115625
0 0.07734375 0.190625 0.1546875 0.1375
0 0.02421875 0.0359375 0.0484375 0.071875
0 0.58359375 0.084375 0.0015625 0.0015625
0 0.5796875 0.08515625 0.0015625 0.0015625
0 0.365625 0.0546875 0.0015625 0.0015625
0 0.36953125 0.04453125 0.00625 0.0046875
0 0.36171875 0.07109375 0.0015625 0.0015625
0 0.45859375 0.04453125 0.2171875 0.0890625
0 0.4328125 0.08203125 0.165625 0.1640625
0 0.08125 0.44140625 0.1625 0.1828125
0 0.75859375 0.940625 0.0015625 0.003125
0 0.746875 0.9515625 0.0015625 0.0015625
0 0.74375 0.9640625 0.0015625 0.003125
0 0.7484375 0.90546875 0.0015625 0.0015625
0 0.7421875 0.9296875 0.003125 0.003125
0 0.74296875 0.8875 0.0015625 0.0015625
0 0.734375 0.93515625 0.0015625 0.0015625
0 0.73984375 0.9109375 0.00625 0.0046875
0 0.740625 0.8921875 0.0015625 0.0015625
0 0.734375 0.921875 0.003125 0.003125
0 0.74140625 0.875 0.003125 0.003125
0 0.73046875 0.9203125 0.0015625 0.0015625
0 0.7265625 0.934375 0.0015625 0.0015625
0 0.725 0.91796875 0.0015625 0.0015625
0 0.71953125 0.93125 0.0015625 0.0015625
0 0.72265625 0.90859375 0.0015625 0.003125
0 0.72421875 0.92421875 0.015625 0.0171875
0 0.71953125 0.9 0.0015625 0.003125
0 0.56171875 0.87109375 0.4234375 0.2578125
0 0.41875 0.50234375 0.1375 0.2015625