0 0.13203125 0.08046875 0.2640625 0.1609375
0 0.06171875 0.03671875 0.1234375 0.0734375
0 0.05703125 0.05 0.1140625 0.1
0 0.615625 0.05078125 0.253125 0.1015625
0 0.6953125 0.2984375 0.31875 0.103125
0 0.39375 0.321875 0.003125 0.003125
0 0.37578125 0.2890625 0.1734375 0.121875
0 0.34921875 0.1046875 0.1203125 0.209375
0 0.19921875 0.925 0.1796875 0.15
0 0.0625 0.621875 0.125 0.215625
0 0.96171875 0.72421875 0.0765625 0.2453125
0 0.85703125 0.44375 0.2859375 0.1875
0 0.70390625 0.84921875 0.246875 0.2703125
0 0.44140625 0.5296875 0.3046875 0.275
0 0.30546875 0.76484375 0.0328125 0.0921875