0 0.25859375 0.04765625 0.2390625 0.0953125
0 0.00078125 0.36640625 0.0015625 0.0015625
0 0.00078125 0.35078125 0.0015625 0.0015625
0 0.0734375 0.4046875 0.146875 0.190625
0 0.0625 0.04921875 0.125 0.0984375
0 0.61328125 0.465625 0.1234375 0.06875
0 0.52265625 0.37265625 0.1078125 0.1828125
0 0.2890625 0.81796875 0.003125 0.0015625
0 0.26328125 0.8125 0.003125 0.0015625
0 0.24765625 0.81171875 0.0046875 0.0046875
0 0.20703125 0.66640625 0.4140625 0.3328125
0 0.61953125 0.59453125 0.3015625 0.1890625