0 0.29453125 0.3765625 0.5890625 0.30625
0 0.59296875 0.04453125 0.0078125 0.0890625
0 0.58984375 0.0234375 0.0015625 0.003125
0 0.68984375 0.0984375 0.2015625 0.196875
0 0.8171875 0.00078125 0.003125 0.0015625
0 0.821875 0.0015625 0.003125 0.003125
0 0.82578125 0.00078125 0.0015625 0.0015625
0 0.74453125 0.05859375 0.2296875 0.1171875
0 0.76328125 0.36484375 0.3484375 0.3296875
0 0.64296875 0.928125 0.003125 0.0015625
0 0.65625 0.9234375 0.009375 0.0046875
0 0.79453125 0.790625 0.4109375 0.41875