0 0.103125 0.00078125 0.003125 0.0015625
0 0.1453125 0.0984375 0.290625 0.196875
0 0.15078125 0.26953125 0.0015625 0.003125
0 0.17421875 0.27734375 0.0015625 0.003125
0 0.12890625 0.28984375 0.0015625 0.003125
0 0.17890625 0.28359375 0.3578125 0.0921875
0 0.56796875 0.23359375 0.1578125 0.1921875
0 0.115625 0.33046875 0.003125 0.0015625
0 0.20859375 0.41015625 0.4171875 0.1609375
0 0.42265625 0.64609375 0.003125 0.0015625
0 0.390625 0.6375 0.196875 0.3
0 0.0421875 0.66953125 0.084375 0.1890625
0 0.65703125 0.74765625 0.0015625 0.003125
0 0.60390625 0.86015625 0.2296875 0.2796875