0 0.21640625 0.41640625 0.003125 0.003125
0 0.13671875 0.22890625 0.1859375 0.4328125
0 0.57265625 0.078125 0.3859375 0.15625
0 0.08515625 0.87578125 0.1703125 0.2484375
0 0.00078125 0.59609375 0.0015625 0.0046875
0 0.00078125 0.5921875 0.0015625 0.003125
0 0.00078125 0.571875 0.0015625 0.00625
0 0.00078125 0.571875 0.0015625 0.003125
0 0.0984375 0.56875 0.196875 0.21875
0 0.109375 0.6046875 0.21875 0.290625
0 0.4375 0.79375 0.003125 0.003125
0 0.42109375 0.77421875 0.3828125 0.4515625
0 0.81953125 0.565625 0.3609375 0.2125