0 0.38828125 0.09140625 0.2609375 0.1828125
0 0.278125 0.03359375 0.2 0.0671875
0 0.7078125 0.43515625 0.178125 0.1890625
0 0.03203125 0.9515625 0.0640625 0.096875
0 0.3109375 0.71640625 0.06875 0.0890625
0 0.03359375 0.67734375 0.0671875 0.2515625
0 0.21953125 0.57265625 0.0953125 0.0859375
0 0.99921875 0.6796875 0.0015625 0.003125
0 0.56796875 0.765625 0.0984375 0.225
0 0.92578125 0.6578125 0.1484375 0.25625
0 0.8328125 0.53046875 0.003125 0.0015625
0 0.80859375 0.584375 0.1140625 0.109375
0 0.57890625 0.59375 0.1203125 0.128125
0 0.90234375 0.58046875 0.1421875 0.1015625