0 0.1703125 0.1 0.0015625 0.003125
0 0.19296875 0.0984375 0.009375 0.003125
0 0.17890625 0.10234375 0.009375 0.003125
0 0.2171875 0.1890625 0.2125 0.378125
0 0.76015625 0.4453125 0.3015625 0.2875
0 0.1453125 0.5953125 0.00625 0.009375
0 0.14453125 0.60703125 0.003125 0.003125
0 0.14453125 0.61640625 0.003125 0.00625
0 0.1390625 0.66015625 0.00625 0.015625
0 0.13671875 0.68984375 0.003125 0.009375
0 0.13125 0.70234375 0.0015625 0.003125
0 0.1390625 0.7015625 0.0015625 0.003125
0 0.15 0.75625 0.003125 0.00625
0 0.14453125 0.771875 0.0015625 0.003125
0 0.1609375 0.778125 0.0046875 0.009375
0 0.2453125 0.79453125 0.234375 0.4109375