0 0.15703125 0.08359375 0.3140625 0.1671875
0 0.73125 0.0203125 0.0015625 0.0015625
0 0.678125 0.24609375 0.11875 0.3015625
0 0.7828125 0.08203125 0.328125 0.1640625
0 0.653125 0.04375 0.06875 0.0875
0 0.6671875 0.04765625 0.096875 0.0953125
0 0.66484375 0.02421875 0.0921875 0.0484375
0 0.6703125 0.059375 0.103125 0.11875
0 0.59296875 0.753125 0.0515625 0.171875
0 0.2140625 0.8875 0.325 0.225
0 0.0515625 0.76171875 0.103125 0.2140625
0 0.3015625 0.49375 0.221875 0.0875
0 0.8953125 0.52890625 0.209375 0.1578125