0 0.0171875 0.04375 0.034375 0.0875
0 0.06484375 0.0359375 0.1296875 0.071875
0 0.63671875 0.41875 0.2734375 0.240625
0 0.8828125 0.00078125 0.003125 0.0015625
0 0.84609375 0.05625 0.1546875 0.1125
0 0.57734375 0.07109375 0.1546875 0.1421875
0 0.83671875 0.0578125 0.1828125 0.115625
0 0.26875 0.8421875 0.003125 0.003125
0 0.19375 0.74140625 0.3875 0.3359375
0 0.46640625 0.584375 0.0671875 0.090625
0 0.3390625 0.58828125 0.190625 0.0984375
0 0.06171875 0.57265625 0.1015625 0.0671875
0 0.43203125 0.59140625 0.1359375 0.1046875
0 0.8453125 0.61875 0.309375 0.159375