0 0.35390625 0.0703125 0.2109375 0.140625
0 0.2015625 0.3546875 0.2140625 0.2453125
0 0.7875 0.0921875 0.278125 0.184375
0 0.65 0.18046875 0.0015625 0.003125
0 0.634375 0.1921875 0.0015625 0.003125
0 0.58203125 0.13828125 0.2328125 0.2546875
0 0.5125 0.2171875 0.10625 0.25
0 0.9703125 0.36640625 0.059375 0.2453125
0 0.74453125 0.48671875 0.1203125 0.1046875
0 0.52578125 0.4953125 0.1328125 0.0875
0 0.0484375 0.64609375 0.096875 0.2140625
0 0.45390625 0.6171875 0.0015625 0.003125
0 0.44609375 0.61875 0.003125 0.003125
0 0.440625 0.61953125 0.0046875 0.003125
0 0.25 0.68828125 0.0015625 0.003125
0 0.24296875 0.7109375 0.0015625 0.003125
0 0.340625 0.7453125 0.2359375 0.2765625
0 0.5203125 0.603125 0.121875 0.128125
0 0.853125 0.6421875 0.29375 0.20625
0 0.55546875 0.784375 0.1921875 0.2375
0 0.9140625 0.8609375 0.171875 0.278125