0 0.03125 0.16328125 0.003125 0.003125
0 0.03984375 0.1671875 0.0078125 0.0109375
0 0.11328125 0.215625 0.2265625 0.43125
0 0.02578125 0.0296875 0.0515625 0.059375
0 0.35703125 0.02578125 0.0453125 0.0515625
0 0.80625 0.3765625 0.278125 0.20625
0 0.4375 0.34296875 0.115625 0.2203125
0 0.9359375 0.16328125 0.128125 0.2671875
0 0.75703125 0.0984375 0.1359375 0.196875
0 0.4921875 0.0875 0.225 0.175
0 0.09765625 0.6671875 0.1953125 0.375
0 0.91171875 0.8859375 0.1765625 0.228125
0 0.46875 0.571875 0.16875 0.184375