0 0.09609375 0.090625 0.1921875 0.18125
0 0.32265625 0.11328125 0.2328125 0.2265625
0 0.38359375 0.13671875 0.0015625 0.003125
0 0.00078125 0.434375 0.0015625 0.009375
0 0.0359375 0.43984375 0.071875 0.1609375
0 0.06796875 0.38671875 0.1359375 0.3203125
0 0.321875 0.28671875 0.234375 0.3359375
0 0.890625 0.05 0.21875 0.1
0 0.66953125 0.2796875 0.4265625 0.559375
0 0.56953125 0.43125 0.2609375 0.25625
0 0.30546875 0.82734375 0.2671875 0.3453125
0 0.59609375 0.615625 0.1859375 0.1125
0 0.73125 0.753125 0.2765625 0.3625