0 0.49609375 0.30234375 0.0140625 0.009375
0 0.46953125 0.28984375 0.0078125 0.00625
0 0.4609375 0.28203125 0.0015625 0.0015625
0 0.46015625 0.2890625 0.0015625 0.0015625
0 0.40859375 0.28046875 0.00625 0.0046875
0 0.3953125 0.27109375 0.0015625 0.0015625
0 0.3859375 0.28359375 0.0109375 0.0078125
0 0.259375 0.3421875 0.51875 0.409375
0 0.06796875 0.334375 0.1359375 0.28125
0 0.078125 0.05234375 0.15625 0.1046875
0 0.90078125 0.3796875 0.1984375 0.340625
0 0.66328125 0.0140625 0.0703125 0.028125
0 0.04609375 0.86796875 0.0921875 0.1828125
0 0.575 0.94765625 0.1125 0.1046875
0 0.58671875 0.71171875 0.1359375 0.1890625