0 0.22578125 0.00078125 0.0015625 0.0015625
0 0.31171875 0.00078125 0.0015625 0.0015625
0 0.1921875 0.02734375 0.0015625 0.003125
0 0.34375 0.00078125 0.003125 0.0015625
0 0.08671875 0.0875 0.0015625 0.003125
0 0.15703125 0.0859375 0.0015625 0.003125
0 0.14609375 0.10859375 0.0015625 0.003125
0 0.140625 0.1140625 0.0015625 0.003125
0 0.05234375 0.11171875 0.1046875 0.2234375
0 0.23515625 0.21640625 0.4203125 0.4328125
0 0.19296875 0.5359375 0.2484375 0.10625
0 0.8609375 0.125 0.278125 0.25
0 0.19375 0.70078125 0.3875 0.2234375
0 0.434375 0.86796875 0.209375 0.2640625
0 0.68828125 0.896875 0.2984375 0.20625