0 0.31484375 0.08046875 0.3828125 0.1609375
0 0.0984375 0.34296875 0.196875 0.0734375
0 0.03828125 0.040625 0.0765625 0.08125
0 0.746875 0.11171875 0.134375 0.1265625
0 0.734375 0.13828125 0.109375 0.1765625
0 0.23515625 0.93046875 0.4703125 0.1390625
0 0.18671875 0.5703125 0.1875 0.1265625
0 0.0546875 0.59609375 0.109375 0.1765625
0 0.93671875 0.609375 0.1265625 0.146875
0 0.9171875 0.4234375 0.165625 0.0875
0 0.68125 0.9671875 0.003125 0.009375
0 0.7109375 0.4234375 0.003125 0.003125
0 0.74453125 0.92109375 0.1296875 0.1578125
0 0.7546875 0.446875 0.15 0.134375