0 0.2296875 0.23203125 0.0015625 0.003125
0 0.24140625 0.2203125 0.0015625 0.0015625
0 0.2453125 0.20703125 0.0015625 0.003125
0 0.2390625 0.2671875 0.0015625 0.0015625
0 0.24609375 0.24140625 0.003125 0.003125
0 0.24375 0.284375 0.0015625 0.0015625
0 0.2546875 0.2359375 0.0015625 0.0015625
0 0.24765625 0.2609375 0.00625 0.0046875
0 0.246875 0.2796875 0.0015625 0.0015625
0 0.25234375 0.24921875 0.003125 0.003125
0 0.24453125 0.29765625 0.003125 0.003125
0 0.25703125 0.25 0.0015625 0.0015625
0 0.2625 0.23671875 0.0015625 0.0015625
0 0.26171875 0.25234375 0.0015625 0.0015625
0 0.26875 0.23828125 0.0015625 0.0015625
0 0.26484375 0.26171875 0.0015625 0.003125
0 0.26328125 0.24765625 0.0140625 0.0171875
0 0.2671875 0.27109375 0.0015625 0.003125
0 0.36328125 0.23046875 0.2921875 0.3890625
0 0.29140625 0.6828125 0.1859375 0.0875
0 0.49296875 0.75390625 0.0328125 0.1734375
0 0.87890625 0.93671875 0.2421875 0.1265625