0 0.0453125 0.06796875 0.090625 0.1359375
0 0.01796875 0.33125 0.0015625 0.0015625
0 0.0234375 0.3296875 0.0015625 0.0015625
0 0.1390625 0.38828125 0.278125 0.2453125
0 0.43046875 0.4671875 0.3171875 0.265625
0 0.49609375 0.05078125 0.1859375 0.1015625
0 0.66796875 0.28359375 0.1578125 0.3015625
0 0.6515625 0.0625 0.125 0.125
0 0.68046875 0.35078125 0.1828125 0.2203125
0 0.67421875 0.11640625 0.1703125 0.1546875
0 0.77421875 0.07890625 0.3703125 0.1578125
0 0.18515625 0.653125 0.3265625 0.10625
0 0.4046875 0.8578125 0.36875 0.284375
0 0.66796875 0.79140625 0.1578125 0.3015625
0 0.6515625 0.6625 0.125 0.125
0 0.6796875 0.85859375 0.18125 0.2203125
0 0.6734375 0.65078125 0.16875 0.1015625
0 0.7734375 0.67890625 0.36875 0.1578125