0 0.08125 0.06015625 0.1625 0.1203125
0 0.51953125 0.25703125 0.0015625 0.0015625
0 0.51953125 0.2578125 0.0015625 0.003125
0 0.609375 0.1390625 0.18125 0.278125
0 0.853125 0.15234375 0.29375 0.3046875
0 0.440625 0.94296875 0.15625 0.1140625
0 0.04375 0.79609375 0.0875 0.2546875
0 0.07265625 0.7234375 0.1171875 0.209375
0 0.3921875 0.5796875 0.253125 0.3
0 0.69453125 0.93125 0.003125 0.003125
0 0.68671875 0.934375 0.00625 0.0125
0 0.6890625 0.87734375 0.340625 0.2453125
0 0.88984375 0.4578125 0.0953125 0.05625
0 0.54375 0.453125 0.05 0.046875
0 0.54609375 0.4484375 0.0546875 0.0375