0 0.246875 0.05078125 0.178125 0.1015625
0 0.71328125 0.428125 0.0015625 0.003125
0 0.80234375 0.41953125 0.0015625 0.003125
0 0.671875 0.3703125 0.0015625 0.003125
0 0.828125 0.3640625 0.003125 0.003125
0 0.55625 0.334375 0.0015625 0.003125
0 0.628125 0.31875 0.0015625 0.003125
0 0.61328125 0.2984375 0.0015625 0.003125
0 0.60703125 0.29375 0.0015625 0.003125
0 0.49609375 0.37734375 0.0921875 0.2265625
0 0.69453125 0.23046875 0.3484375 0.4609375
0 0.59375 0.053125 0.2 0.10625
0 0.33984375 0.70703125 0.2203125 0.1546875
0 0.6609375 0.7453125 0.0046875 0.003125
0 0.66953125 0.72890625 0.0015625 0.003125
0 0.57734375 0.7296875 0.2546875 0.2
0 0.89609375 0.73203125 0.2078125 0.2046875
0 0.66015625 0.6703125 0.1703125 0.08125