0 0.24453125 0.1796875 0.003125 0.003125
0 0.2484375 0.18125 0.003125 0.003125
0 0.26640625 0.17734375 0.003125 0.003125
0 0.29375 0.1109375 0.25 0.221875
0 0.71640625 0.4328125 0.003125 0.003125
0 0.72109375 0.43046875 0.003125 0.003125
0 0.69296875 0.41171875 0.5171875 0.3359375
0 0.50546875 0.10859375 0.003125 0.003125
0 0.53203125 0.1515625 0.2265625 0.303125
0 0.0515625 0.8234375 0.103125 0.2125
0 0.18359375 0.61640625 0.1703125 0.0734375
0 0.52109375 0.70703125 0.003125 0.003125
0 0.4609375 0.6125 0.003125 0.003125
0 0.6796875 0.76953125 0.521875 0.3796875