0 0.2734375 0.528125 0.33125 0.2625
0 0.39609375 0.29609375 0.3671875 0.5515625
0 0.0671875 0.23671875 0.134375 0.4234375
0 0.22578125 0.08203125 0.3140625 0.1640625
0 0.9390625 0.43671875 0.121875 0.4453125
0 0.709375 0.27578125 0.259375 0.3078125
0 0.65 0.4171875 0.140625 0.296875
0 0.89140625 0.03125 0.2171875 0.0625
0 0.61953125 0.03125 0.0796875 0.0625
0 0.6375 0.05703125 0.115625 0.1140625
0 0.22890625 0.79765625 0.4578125 0.2765625
0 0.4671875 0.69375 0.225 0.06875
0 0.85390625 0.8 0.2921875 0.28125