0 0.18046875 0.00078125 0.0015625 0.0015625
0 0.24453125 0.1109375 0.1703125 0.221875
0 0.62578125 0.00078125 0.0015625 0.0015625
0 0.62421875 0.00078125 0.0015625 0.0015625
0 0.6234375 0.00078125 0.003125 0.0015625
0 0.62421875 0.00078125 0.0015625 0.0015625
0 0.62265625 0.00078125 0.0015625 0.0015625
0 0.63046875 0.00078125 0.0015625 0.0015625
0 0.62265625 0.00078125 0.0015625 0.0015625
0 0.62109375 0.00078125 0.0015625 0.0015625
0 0.62109375 0.00078125 0.0015625 0.0015625
0 0.63203125 0.00078125 0.0015625 0.0015625
0 0.61953125 0.00078125 0.0015625 0.0015625
0 0.61875 0.00078125 0.003125 0.0015625
0 0.61953125 0.00078125 0.0015625 0.0015625
0 0.63828125 0.00234375 0.0078125 0.0046875
0 0.61796875 0.00078125 0.0015625 0.0015625
0 0.64609375 0.00078125 0.0015625 0.0015625
0 0.64453125 0.00078125 0.0015625 0.0015625
0 0.646875 0.00078125 0.003125 0.0015625
0 0.64140625 0.00078125 0.0015625 0.0015625
0 0.63984375 0.00078125 0.0015625 0.0015625
0 0.63984375 0.00078125 0.0015625 0.0015625
0 0.6453125 0.00078125 0.003125 0.0015625
0 0.63984375 0.00078125 0.0015625 0.0015625
0 0.63828125 0.00078125 0.0015625 0.0015625
0 0.6375 0.00078125 0.003125 0.0015625
0 0.57265625 0.153125 0.4859375 0.30625
0 0.16484375 0.57890625 0.3296875 0.5203125
0 0.95234375 0.5 0.0953125 0.278125