0 0.03828125 0.00078125 0.0015625 0.0015625
0 0.10234375 0.08671875 0.2046875 0.1734375
0 0.16640625 0.25703125 0.1921875 0.2078125
0 0.0234375 0.384375 0.046875 0.14375
0 0.27421875 0.43671875 0.0515625 0.1046875
0 0.71171875 0.3328125 0.3296875 0.3125
0 0.36875 0.25 0.1375 0.271875
0 0.225 0.5671875 0.0015625 0.003125
0 0.2234375 0.5703125 0.0015625 0.003125
0 0.16171875 0.80859375 0.0015625 0.003125
0 0.17421875 0.81015625 0.0046875 0.00625
0 0.14296875 0.80625 0.0015625 0.003125
0 0.1671875 0.8859375 0.265625 0.228125
0 0.396875 0.534375 0.19375 0.090625
0 0.859375 0.57421875 0.28125 0.1703125
0 0.9671875 0.8046875 0.065625 0.20625
0 0.56640625 0.96328125 0.2296875 0.0734375