0 0.25 0.24765625 0.003125 0.0015625
0 0.240625 0.1546875 0.278125 0.309375
0 0.22109375 0.00078125 0.0015625 0.0015625
0 0.19765625 0.00078125 0.0015625 0.0015625
0 0.2078125 0.0890625 0.34375 0.178125
0 0.59140625 0.1546875 0.3171875 0.309375
0 0.10703125 0.6796875 0.003125 0.003125
0 0.109375 0.67265625 0.0015625 0.0015625
0 0.1421875 0.71796875 0.284375 0.4515625
0 0.00078125 0.3796875 0.0015625 0.003125
0 0.0015625 0.37578125 0.003125 0.0046875
0 0.00078125 0.37421875 0.0015625 0.0015625
0 0.0609375 0.45625 0.121875 0.259375
0 0.31015625 0.58515625 0.1390625 0.5515625
0 0.8640625 0.87265625 0.0015625 0.0015625
0 0.815625 0.7703125 0.2765625 0.35
0 0.9046875 0.43203125 0.190625 0.2453125
0 0.6109375 0.43671875 0.275 0.2546875