0 0.43046875 0.14375 0.5078125 0.23125
0 0.68046875 0.12578125 0.1171875 0.2515625
0 0.2109375 0.02578125 0.125 0.0515625
0 0.11484375 0.09375 0.2296875 0.1875
0 0.5390625 0.02734375 0.29375 0.0546875
0 0.86953125 0.11796875 0.2609375 0.2359375
0 0.596875 0.5015625 0.2640625 0.309375
0 0.64921875 0.3296875 0.1796875 0.140625
0 0.1234375 0.40078125 0.246875 0.2828125
0 0.8609375 0.48984375 0.24375 0.3765625
0 0.85390625 0.66015625 0.2296875 0.4890625
0 0.83515625 0.3609375 0.1921875 0.203125
0 0.8203125 0.29140625 0.1625 0.0640625