0 0.346875 0.6296875 0.0015625 0.0015625
0 0.33125 0.51328125 0.31875 0.321875
0 0.50546875 0.2015625 0.0015625 0.0015625
0 0.509375 0.1984375 0.003125 0.0015625
0 0.51796875 0.17890625 0.0046875 0.00625
0 0.5125 0.1796875 0.003125 0.003125
0 0.40703125 0.13671875 0.2640625 0.2734375
0 0.09375 0.1703125 0.1875 0.340625
0 0.6984375 0.49375 0.31875 0.384375
0 0.065625 0.978125 0.003125 0.003125
0 0.06875 0.97109375 0.0015625 0.0015625
0 0.12578125 0.89609375 0.2515625 0.2078125
0 0.00078125 0.68984375 0.0015625 0.0015625
0 0.06484375 0.7875 0.1296875 0.196875
0 0.36640625 0.84453125 0.3453125 0.3109375