0 0.15 0.00078125 0.003125 0.0015625
0 0.140625 0.00078125 0.003125 0.0015625
0 0.13515625 0.009375 0.0046875 0.0046875
0 0.209375 0.14453125 0.41875 0.2890625
0 0.8265625 0.00078125 0.003125 0.0015625
0 0.9796875 0.00078125 0.003125 0.0015625
0 0.82265625 0.0015625 0.0046875 0.003125
0 0.96484375 0.0015625 0.0046875 0.003125
0 0.8203125 0.00078125 0.003125 0.0015625
0 0.9359375 0.0125 0.003125 0.003125
0 0.9015625 0.0515625 0.190625 0.103125
0 0.99609375 0.0578125 0.003125 0.003125
0 0.878125 0.025 0.003125 0.003125
0 0.9453125 0.15859375 0.003125 0.003125
0 0.94765625 0.16015625 0.003125 0.003125
0 0.94765625 0.165625 0.003125 0.003125
0 0.68125 0.090625 0.16875 0.18125
0 0.89296875 0.19296875 0.1828125 0.1921875
0 0.134375 0.51171875 0.00625 0.0078125
0 0.19921875 0.5484375 0.003125 0.003125
0 0.1859375 0.703125 0.371875 0.44375
0 0.83984375 0.69921875 0.3203125 0.6015625