0 0.0375 0.00546875 0.075 0.0109375
0 0.40390625 0.3171875 0.00625 0.0046875
0 0.3859375 0.31328125 0.0015625 0.003125
0 0.4390625 0.31171875 0.003125 0.003125
0 0.4453125 0.309375 0.0015625 0.003125
0 0.38203125 0.2734375 0.0046875 0.015625
0 0.48671875 0.1859375 0.2140625 0.35625
0 0.85 0.00078125 0.003125 0.0015625
0 0.909375 0.07890625 0.18125 0.1578125
0 0.45390625 0.0859375 0.1484375 0.171875
0 0.20234375 0.453125 0.1578125 0.10625
0 0.8375 0.89921875 0.0015625 0.003125
0 0.8390625 0.89296875 0.0015625 0.003125
0 0.90625 0.821875 0.1875 0.35625
0 0.73125 0.44296875 0.203125 0.0859375