0 0.4375 0.2390625 0.0171875 0.0109375
0 0.40703125 0.23671875 0.009375 0.0046875
0 0.39453125 0.23984375 0.003125 0.0015625
0 0.39609375 0.23203125 0.003125 0.0015625
0 0.34453125 0.2140625 0.00625 0.0046875
0 0.32734375 0.215625 0.003125 0.0015625
0 0.325 0.2 0.0109375 0.00625
0 0.2296875 0.1546875 0.459375 0.309375
0 0.0640625 0.07421875 0.128125 0.1484375
0 0.0359375 0.2328125 0.071875 0.24375
0 0.7296875 0.26796875 0.540625 0.5015625
0 0.3984375 0.790625 0.003125 0.0015625
0 0.2296875 0.81171875 0.459375 0.3765625
0 0.7296875 0.69296875 0.540625 0.3484375
0 0.46796875 0.61953125 0.0171875 0.1765625