0 0.07890625 0.059375 0.1578125 0.11875
0 0.23671875 0.18125 0.3203125 0.35
0 0.4703125 0.290625 0.0046875 0.009375
0 0.48359375 0.3265625 0.0046875 0.009375
0 0.44375 0.328125 0.1265625 0.1875
0 0.65703125 0.209375 0.003125 0.003125
0 0.59140625 0.31015625 0.003125 0.003125
0 0.7796875 0.2984375 0.440625 0.3625
0 0.00078125 0.5671875 0.0015625 0.003125
0 0.00078125 0.56953125 0.0015625 0.0046875
0 0.00078125 0.58125 0.0015625 0.003125
0 0.07890625 0.671875 0.1578125 0.3625
0 0.38125 0.71953125 0.35625 0.4078125
0 0.68828125 0.77265625 0.2578125 0.4546875