0 0.24296875 0.121875 0.15625 0.140625
0 0.07734375 0.4046875 0.1453125 0.1234375
0 0.9875 0.35 0.009375 0.00625
0 0.978125 0.36015625 0.003125 0.003125
0 0.97578125 0.35234375 0.003125 0.003125
0 0.92109375 0.36796875 0.00625 0.0046875
0 0.90625 0.37890625 0.003125 0.003125
0 0.8953125 0.36640625 0.0125 0.0078125
0 0.76484375 0.31328125 0.4703125 0.4484375
0 0.5953125 0.378125 0.13125 0.309375
0 0.5078125 0.76328125 0.003125 0.003125
0 0.50078125 0.7890625 0.003125 0.003125
0 0.2078125 0.77890625 0.003125 0.003125
0 0.26484375 0.8078125 0.5296875 0.384375
0 0.7671875 0.6875 0.465625 0.275
0 0.62265625 0.9078125 0.1859375 0.184375