0 0.07578125 0.0671875 0.1515625 0.134375
0 0.87578125 0.33671875 0.2484375 0.2640625
0 0.87734375 0.09765625 0.2453125 0.1953125
0 0.77109375 0.14296875 0.2046875 0.2859375
0 0.1515625 0.934375 0.003125 0.003125
0 0.52265625 0.7390625 0.2921875 0.29375
0 0.15 0.80546875 0.3 0.3890625
0 0.06796875 0.55859375 0.003125 0.003125
0 0.0875 0.546875 0.0015625 0.0015625
0 0.04296875 0.54296875 0.003125 0.003125
0 0.1140625 0.5640625 0.228125 0.190625
0 0.49375 0.54375 0.35 0.15
0 0.834375 0.64375 0.33125 0.35