0 0.06484375 0.065625 0.1296875 0.13125
0 0.209375 0.14609375 0.41875 0.2921875
0 0.9046875 0.00546875 0.0015625 0.0015625
0 0.9140625 0.00078125 0.003125 0.0015625
0 0.91484375 0.0015625 0.0046875 0.003125
0 0.9171875 0.00078125 0.003125 0.0015625
0 0.9328125 0.00078125 0.003125 0.0015625
0 0.92734375 0.00234375 0.0078125 0.0046875
0 0.97265625 0.01171875 0.0421875 0.0234375
0 0.82734375 0.10703125 0.3453125 0.2140625
0 0.05625 0.8078125 0.1125 0.23125
0 0.84765625 0.903125 0.2609375 0.19375
0 0.63125 0.7109375 0.0015625 0.0015625
0 0.92265625 0.71015625 0.1546875 0.1421875
0 0.5671875 0.75703125 0.296875 0.2359375