0 0.00234375 0.42109375 0.0015625 0.0015625
0 0.05703125 0.05703125 0.1140625 0.1140625
0 0.08828125 0.43359375 0.1765625 0.3234375
0 0.221875 0.2015625 0.0015625 0.003125
0 0.20546875 0.171875 0.1265625 0.115625
0 0.675 0.3765625 0.221875 0.171875
0 0.07578125 0.70390625 0.1515625 0.1703125
0 0.13046875 0.7515625 0.2609375 0.265625
0 0.125 0.6515625 0.15625 0.065625
0 0.20234375 0.721875 0.1328125 0.15625
0 0.2609375 0.6203125 0.009375 0.003125
0 0.19453125 0.6515625 0.1484375 0.065625
0 0.39140625 0.84296875 0.2453125 0.3140625
0 0.81875 0.7828125 0.0015625 0.0015625
0 0.74453125 0.8234375 0.5109375 0.34375