0 0.3125 0.1390625 0.1921875 0.1265625
0 0.0359375 0.028125 0.071875 0.05625
0 0.02890625 0.1875 0.0578125 0.084375
0 0.928125 0.17734375 0.14375 0.1609375
0 0.43828125 0.84296875 0.003125 0.0015625
0 0.42578125 0.928125 0.003125 0.0015625
0 0.38359375 0.8015625 0.003125 0.0015625
0 0.37109375 0.95390625 0.003125 0.003125
0 0.3546875 0.68984375 0.003125 0.0015625
0 0.33671875 0.75859375 0.003125 0.0015625
0 0.31796875 0.74453125 0.003125 0.0015625
0 0.3140625 0.7390625 0.003125 0.0015625
0 0.409375 0.446875 0.2 0.09375
0 0.22734375 0.821875 0.4546875 0.296875
0 0.06796875 0.7203125 0.1359375 0.175
0 0.9640625 0.91171875 0.071875 0.0859375
0 0.72421875 0.71171875 0.003125 0.0015625
0 0.72734375 0.6171875 0.178125 0.09375
0 0.68984375 0.884375 0.1921875 0.15