0 0.30703125 0.5421875 0.2921875 0.2390625
0 0.70234375 0.67734375 0.003125 0.0015625
0 0.709375 0.67734375 0.0015625 0.0015625
0 0.72578125 0.678125 0.003125 0.0015625
0 0.73046875 0.678125 0.003125 0.0015625
0 0.6859375 0.67421875 0.0015625 0.0015625
0 0.84140625 0.6796875 0.0015625 0.0015625
0 0.9328125 0.27890625 0.0015625 0.0015625
0 0.8953125 0.24296875 0.1078125 0.140625
0 0.18203125 0.9046875 0.0015625 0.0015625
0 0.16328125 0.890625 0.0015625 0.0015625
0 0.240625 0.84453125 0.265625 0.3109375
0 0.62265625 0.93671875 0.0859375 0.1265625
0 0.60859375 0.72265625 0.0578125 0.0671875
0 0.85234375 0.7171875 0.0859375 0.05625