0 0.340625 0.25859375 0.0015625 0.0015625
0 0.23515625 0.26015625 0.4703125 0.3984375
0 0.82890625 0.340625 0.0015625 0.0015625
0 0.81875 0.3625 0.0015625 0.0015625
0 0.5546875 0.2765625 0.0015625 0.0015625
0 0.69453125 0.3328125 0.3296875 0.30625
0 0.99453125 0.77734375 0.0015625 0.0015625
0 0.9921875 0.75625 0.0046875 0.009375
0 0.99140625 0.76953125 0.0046875 0.009375
0 0.8578125 0.74140625 0.284375 0.2453125
0 0.58828125 0.93359375 0.1171875 0.1328125
0 0.59609375 0.68203125 0.1328125 0.2046875
0 0.53359375 0.584375 0.0078125 0.009375