0 0.00390625 0.08046875 0.003125 0.003125
0 0.00078125 0.090625 0.0015625 0.003125
0 0.03828125 0.10078125 0.0015625 0.003125
0 0.009375 0.1015625 0.0046875 0.0046875
0 0.05703125 0.1109375 0.0015625 0.003125
0 0.02890625 0.10859375 0.0046875 0.00625
0 0.05 0.11171875 0.0015625 0.003125
0 0.015625 0.1109375 0.003125 0.0046875
0 0.06875 0.11484375 0.003125 0.0046875
0 0.01484375 0.11640625 0.0015625 0.003125
0 0.015625 0.12265625 0.0015625 0.003125
0 0.025 0.12734375 0.003125 0.003125
0 0.009375 0.12109375 0.01875 0.0171875
0 0.034375 0.1328125 0.003125 0.003125
0 0.09765625 0.315625 0.1953125 0.496875
0 0.2859375 0.675 0.228125 0.15
0 0.596875 0.21953125 0.175 0.4390625
0 0.93984375 0.38828125 0.1203125 0.1890625
0 0.80625 0.6625 0.184375 0.175
0 0.053125 0.78828125 0.10625 0.0765625
0 0.4078125 0.79921875 0.203125 0.0984375
0 0.175 0.81953125 0.225 0.1390625
0 0.85 0.83203125 0.3 0.1640625