0 0.2859375 0.38515625 0.16875 0.1078125
0 0.08046875 0.14140625 0.1609375 0.2046875
0 0.5234375 0.0375 0.153125 0.075
0 0.87734375 0.225 0.2453125 0.265625
0 0.58671875 0.9046875 0.003125 0.003125
0 0.553125 0.8828125 0.0015625 0.003125
0 0.58046875 0.884375 0.0046875 0.003125
0 0.5359375 0.871875 0.0015625 0.003125
0 0.5890625 0.878125 0.0015625 0.003125
0 0.5625 0.87578125 0.00625 0.00625
0 0.54140625 0.87109375 0.0015625 0.003125
0 0.57578125 0.87578125 0.003125 0.003125
0 0.5234375 0.8671875 0.003125 0.003125
0 0.575 0.86953125 0.0015625 0.003125
0 0.58984375 0.86953125 0.0015625 0.003125
0 0.57421875 0.86328125 0.0015625 0.003125
0 0.58984375 0.86171875 0.0015625 0.003125
0 0.56484375 0.8578125 0.003125 0.003125
0 0.5796875 0.8640625 0.01875 0.0171875
0 0.55546875 0.85234375 0.003125 0.003125
0 0.51484375 0.684375 0.1703125 0.478125
0 0.284375 0.48828125 0.2125 0.0984375
0 0.88046875 0.4484375 0.1453125 0.01875