0 0.475 0.00078125 0.003125 0.0015625
0 0.103125 0.23515625 0.20625 0.3484375
0 0.28125 0.2046875 0.5375 0.409375
0 0.46953125 0.040625 0.1609375 0.08125
0 0.88671875 0.35234375 0.003125 0.003125
0 0.83828125 0.2203125 0.3234375 0.375
0 0.5875 0.18671875 0.075 0.1984375
0 0.61875 0.09765625 0.1375 0.1953125
0 0.7625 0.02109375 0.115625 0.0421875
0 0.6078125 0.06796875 0.115625 0.1359375
0 0.17421875 0.48359375 0.2265625 0.1484375
0 0.0515625 0.453125 0.103125 0.0875
0 0.67421875 0.675 0.2484375 0.51875