0 0.4796875 0.3859375 0.0015625 0.003125
0 0.040625 0.51796875 0.08125 0.2296875
0 0.43203125 0.29921875 0.1953125 0.2453125
0 0.0203125 0.10078125 0.040625 0.1734375
0 0.196875 0.04140625 0.14375 0.0828125
0 0.02578125 0.034375 0.0515625 0.06875
0 0.7671875 0.62890625 0.009375 0.01875
0 0.7671875 0.59765625 0.0046875 0.009375
0 0.77109375 0.584375 0.0015625 0.003125
0 0.76328125 0.58671875 0.0015625 0.003125
0 0.7484375 0.5359375 0.0046875 0.00625
0 0.7515625 0.51796875 0.0015625 0.003125
0 0.73515625 0.51640625 0.00625 0.009375
0 0.671875 0.3859375 0.284375 0.546875
0 0.6 0.0625 0.140625 0.125
0 0.81640625 0.02890625 0.2328125 0.0578125
0 0.13359375 0.9515625 0.0015625 0.003125
0 0.13125 0.95078125 0.0015625 0.003125
0 0.12890625 0.94609375 0.0015625 0.003125
0 0.4140625 0.85625 0.1625 0.21875
0 0.16015625 0.86796875 0.1765625 0.2328125
0 0.70625 0.70078125 0.165625 0.0828125