0 0.85703125 0.07734375 0.028125 0.0078125
0 0.871875 0.07265625 0.003125 0.0015625
0 0.87734375 0.08046875 0.003125 0.0015625
0 0.8828125 0.075 0.003125 0.0015625
0 0.9109375 0.078125 0.003125 0.0015625
0 0.85234375 0.30234375 0.2953125 0.5203125
0 0.00078125 0.92890625 0.0015625 0.0015625
0 0.0875 0.915625 0.175 0.16875
0 0.1390625 0.71953125 0.278125 0.2609375
0 0.86796875 0.9625 0.003125 0.0015625
0 0.8859375 0.9703125 0.003125 0.003125
0 0.96171875 0.98125 0.003125 0.0015625
0 0.78203125 0.8359375 0.4359375 0.328125