0 0.3234375 0.2546875 0.003125 0.003125
0 0.340625 0.2625 0.0015625 0.003125
0 0.353125 0.26171875 0.003125 0.003125
0 0.29296875 0.2765625 0.0015625 0.003125
0 0.31953125 0.275 0.0046875 0.003125
0 0.27734375 0.2875 0.0015625 0.003125
0 0.32890625 0.28046875 0.0015625 0.003125
0 0.3015625 0.2828125 0.00625 0.00625
0 0.28359375 0.2875 0.0015625 0.003125
0 0.31484375 0.28359375 0.003125 0.003125
0 0.265625 0.2921875 0.003125 0.003125
0 0.315625 0.2890625 0.0015625 0.003125
0 0.33046875 0.28828125 0.0015625 0.003125
0 0.31484375 0.29453125 0.0015625 0.003125
0 0.33046875 0.29609375 0.0015625 0.003125
0 0.30625 0.3 0.003125 0.003125
0 0.3203125 0.29375 0.0171875 0.015625
0 0.2984375 0.30546875 0.003125 0.003125
0 0.3203125 0.421875 0.259375 0.375
0 0.9359375 0.3734375 0.128125 0.19375
0 0.06484375 0.71171875 0.1296875 0.2046875
0 0.3703125 0.76796875 0.159375 0.2640625
0 0.5140625 0.68203125 0.128125 0.1453125
0 0.93515625 0.7984375 0.1296875 0.3125