0 0.02109375 0.04765625 0.0421875 0.0953125
0 0.22734375 0.19140625 0.0015625 0.0015625
0 0.25703125 0.15390625 0.103125 0.1234375
0 0.0234375 0.371875 0.046875 0.109375
0 0.196875 0.52265625 0.09375 0.0546875
0 0.73515625 0.25859375 0.0015625 0.0015625
0 0.73203125 0.35390625 0.3359375 0.3921875
0 0.18984375 0.7515625 0.003125 0.003125
0 0.1984375 0.76640625 0.0015625 0.003125
0 0.1109375 0.8171875 0.221875 0.2625
0 0.4 0.89375 0.159375 0.2125
0 0.621875 0.98125 0.11875 0.0375
0 0.77265625 0.88671875 0.2328125 0.2265625