0 0.084375 0.309375 0.16875 0.171875
0 0.1578125 0.14921875 0.315625 0.2984375
0 0.6796875 0.34765625 0.08125 0.1421875
0 0.71484375 0.48359375 0.1515625 0.2734375
0 0.54921875 0.7265625 0.009375 0.0078125
0 0.53203125 0.71875 0.0046875 0.0046875
0 0.52890625 0.72265625 0.0046875 0.0046875
0 0.51484375 0.71171875 0.0015625 0.0015625
0 0.51875 0.715625 0.003125 0.003125
0 0.421875 0.72265625 0.009375 0.009375
0 0.41015625 0.7265625 0.0046875 0.0046875
0 0.40234375 0.7296875 0.00625 0.0046875
0 0.3609375 0.740625 0.0140625 0.0109375
0 0.334375 0.74765625 0.0078125 0.00625
0 0.32265625 0.74765625 0.0015625 0.0015625
0 0.325 0.7546875 0.0015625 0.0015625
0 0.2796875 0.78203125 0.00625 0.0046875
0 0.26328125 0.78359375 0.0015625 0.0015625
0 0.2625 0.79921875 0.0109375 0.0078125
0 0.30078125 0.84453125 0.6015625 0.3109375
0 0.0390625 0.8875 0.078125 0.225
0 0.684375 0.78984375 0.0046875 0.00625
0 0.6671875 0.78984375 0.003125 0.003125
0 0.72734375 0.871875 0.1765625 0.25625
0 0.740625 0.771875 0.203125 0.165625
0 0.6984375 0.92578125 0.11875 0.1484375