0 0.0984375 0.08671875 0.196875 0.1734375
0 0.19921875 0.40859375 0.0015625 0.003125
0 0.19453125 0.4125 0.0015625 0.003125
0 0.14921875 0.421875 0.0015625 0.003125
0 0.2046875 0.3953125 0.409375 0.328125
0 0.0859375 0.44921875 0.171875 0.2203125
0 0.5984375 0.27109375 0.0046875 0.0046875
0 0.59921875 0.2796875 0.0015625 0.003125
0 0.6171875 0.24296875 0.415625 0.4859375
0 0.46484375 0.46796875 0.1109375 0.1828125
0 0.8609375 0.31171875 0.278125 0.4953125
0 0.08828125 0.7046875 0.0046875 0.0046875
0 0.1515625 0.81015625 0.0046875 0.0046875
0 0.2046875 0.8078125 0.409375 0.384375
0 0.77734375 0.6 0.0015625 0.003125
0 0.76640625 0.73515625 0.4296875 0.3515625