0 0.58984375 0.04375 0.1796875 0.0875
0 0.94609375 0.32890625 0.1078125 0.1609375
0 0.74921875 0.38359375 0.1390625 0.1421875
0 0.7671875 0.09609375 0.175 0.1921875
0 0.375 0.80390625 0.309375 0.28125
0 0.32421875 0.60546875 0.2421875 0.1109375
0 0.11171875 0.92734375 0.2234375 0.1453125
0 0.0625 0.69375 0.125 0.125
0 0.08359375 0.628125 0.1671875 0.15625
0 0.928125 0.925 0.14375 0.15
0 0.73125 0.584375 0.103125 0.06875
0 0.76328125 0.83046875 0.1671875 0.2359375
0 0.70546875 0.83125 0.0515625 0.1375