0 0.275 0.3171875 0.00625 0.003125
0 0.29375 0.30859375 0.003125 0.003125
0 0.27734375 0.3125 0.003125 0.003125
0 0.2953125 0.3015625 0.003125 0.003125
0 0.278125 0.30390625 0.003125 0.003125
0 0.2875 0.2546875 0.0078125 0.0109375
0 0.28671875 0.2375 0.003125 0.003125
0 0.290625 0.22578125 0.003125 0.003125
0 0.30703125 0.2171875 0.003125 0.003125
0 0.30546875 0.10546875 0.0265625 0.0546875
0 0.159375 0.16328125 0.31875 0.3109375
0 0.55390625 0.18671875 0.2234375 0.2046875
0 0.71875 0.03828125 0.19375 0.0765625
0 0.14140625 0.56875 0.2828125 0.5
0 0.80078125 0.62421875 0.3703125 0.6109375