0 0.30625 0.00078125 0.00625 0.0015625
0 0.2125 0.003125 0.009375 0.00625
0 0.16640625 0.06875 0.3328125 0.1375
0 0.884375 0.05 0.23125 0.1
0 0.81796875 0.3 0.2953125 0.2796875
0 0.65703125 0.09609375 0.009375 0.003125
0 0.61796875 0.090625 0.009375 0.003125
0 0.63515625 0.128125 0.1515625 0.1
0 0.48671875 0.7609375 0.1453125 0.2875
0 0.26015625 0.98203125 0.0015625 0.0015625
0 0.25703125 0.98828125 0.0015625 0.003125
0 0.2390625 0.9984375 0.00625 0.003125
0 0.23828125 0.9921875 0.003125 0.003125
0 0.15390625 0.8984375 0.3078125 0.203125
0 0.1578125 0.54921875 0.315625 0.1609375
0 0.72734375 0.53125 0.3359375 0.125