0 0.2203125 0.34765625 0.440625 0.3828125
0 0.6171875 0.2734375 0.0015625 0.0015625
0 0.6421875 0.265625 0.0015625 0.0015625
0 0.65703125 0.2640625 0.0046875 0.0046875
0 0.759375 0.14765625 0.48125 0.2953125
0 0.03515625 0.6265625 0.0046875 0.0046875
0 0.05234375 0.628125 0.003125 0.003125
0 0.125 0.61328125 0.25 0.1484375
0 0.30234375 0.775 0.409375 0.3171875
0 0.37421875 0.58828125 0.2390625 0.0984375
0 0.5859375 0.9 0.0015625 0.0015625
0 0.60390625 0.91484375 0.0015625 0.0015625
0 0.815625 0.72578125 0.0015625 0.0015625
0 0.76796875 0.75625 0.4640625 0.409375