0 0.22734375 0.0734375 0.3421875 0.146875
0 0.915625 0.34375 0.16875 0.240625
0 0.0453125 0.90234375 0.090625 0.1953125
0 0.4015625 0.9140625 0.0015625 0.0015625
0 0.39453125 0.91328125 0.003125 0.0015625
0 0.3890625 0.91171875 0.0046875 0.003125
0 0.21640625 0.853125 0.0015625 0.0015625
0 0.21171875 0.83125 0.0015625 0.0015625
0 0.30546875 0.7953125 0.2265625 0.3
0 0.05 0.54921875 0.1 0.1609375
0 0.55625 0.62890625 0.0015625 0.003125
0 0.41953125 0.603125 0.0015625 0.003125
0 0.55859375 0.603125 0.0046875 0.0078125
0 0.41953125 0.5828125 0.0015625 0.00625
0 0.56171875 0.59296875 0.003125 0.003125
0 0.44765625 0.56171875 0.003125 0.003125
0 0.49453125 0.6234375 0.1515625 0.196875
0 0.50546875 0.5328125 0.0015625 0.003125
0 0.43515625 0.46953125 0.0015625 0.0015625
0 0.69453125 0.51953125 0.1578125 0.1015625
0 0.49453125 0.5234375 0.1515625 0.109375