0 0.2265625 0.0203125 0.096875 0.040625
0 0.2984375 0.34140625 0.259375 0.178125
0 0.08515625 0.07265625 0.1703125 0.1265625
0 0.884375 0.50546875 0.23125 0.1484375
0 0.59609375 0.540625 0.0015625 0.0015625
0 0.584375 0.52890625 0.0015625 0.0015625
0 0.62890625 0.46328125 0.2640625 0.2328125
0 0.56875 0.17734375 0.159375 0.2234375
0 0.5375 0.4875 0.096875 0.184375
0 0.05546875 0.709375 0.1109375 0.240625
0 0.7765625 0.65859375 0.321875 0.1578125
0 0.86640625 0.9109375 0.2578125 0.178125
0 0.56171875 0.63828125 0.1453125 0.1171875
0 0.546875 0.6828125 0.115625 0.16875
0 0.60234375 0.93125 0.2265625 0.1375