0 0.52890625 0.09140625 0.003125 0.003125
0 0.603125 0.5640625 0.003125 0.0015625
0 0.58984375 0.56796875 0.003125 0.0015625
0 0.5875 0.571875 0.003125 0.003125
0 0.5609375 0.60390625 0.25625 0.1703125
0 0.35234375 0.12578125 0.4546875 0.2515625
0 0.16328125 0.5359375 0.3265625 0.23125
0 0.909375 0.559375 0.18125 0.259375
0 0.7265625 0.2015625 0.075 0.215625
0 0.36484375 0.93984375 0.4359375 0.1203125
0 0.98125 0.68984375 0.003125 0.0015625
0 0.96171875 0.68984375 0.0078125 0.0015625
0 0.96171875 0.68984375 0.0046875 0.0015625
0 0.84453125 0.790625 0.3109375 0.203125
0 0.84453125 0.85625 0.3109375 0.2875