0 0.3609375 0.16015625 0.0015625 0.0015625
0 0.35234375 0.16171875 0.0015625 0.0015625
0 0.32265625 0.18203125 0.003125 0.0015625
0 0.32265625 0.18671875 0.0015625 0.003125
0 0.325 0.19921875 0.0015625 0.0015625
0 0.32578125 0.203125 0.0015625 0.0015625
0 0.32734375 0.2125 0.0015625 0.0015625
0 0.3296875 0.2265625 0.0015625 0.003125
0 0.33125 0.23671875 0.0015625 0.0015625
0 0.33359375 0.25234375 0.0015625 0.003125
0 0.33515625 0.2625 0.0015625 0.00625
0 0.33671875 0.275 0.0015625 0.0078125
0 0.334375 0.28359375 0.0015625 0.0015625
0 0.3515625 0.34140625 0.0015625 0.0015625
0 0.353125 0.35234375 0.0015625 0.003125
0 0.3578125 0.3765625 0.0015625 0.003125
0 0.359375 0.38671875 0.0015625 0.0015625
0 0.38125 0.3796875 0.115625 0.434375
0 0.51953125 0.54921875 0.1609375 0.3390625
0 0.53984375 0.71953125 0.0015625 0.0015625
0 0.565625 0.8 0.209375 0.1625