0 0.2625 0.39140625 0.003125 0.003125
0 0.27421875 0.2 0.5484375 0.4
0 0.68125 0.28515625 0.125 0.2296875
0 0.8859375 0.07734375 0.228125 0.1546875
0 0.68125 0.0890625 0.125 0.178125
0 0.08203125 0.63203125 0.1640625 0.3203125
0 0.21640625 0.45078125 0.2546875 0.1015625
0 0.03671875 0.471875 0.0734375 0.14375
0 0.6484375 0.5640625 0.003125 0.003125
0 0.6453125 0.5578125 0.0015625 0.0015625
0 0.73984375 0.59296875 0.2421875 0.3703125
0 0.74375 0.40078125 0.003125 0.0015625
0 0.7484375 0.40078125 0.00625 0.0015625
0 0.7765625 0.4515625 0.20625 0.103125
0 0.71015625 0.60546875 0.1828125 0.4109375