0 0.00078125 0.55546875 0.0015625 0.0046875
0 0.00078125 0.540625 0.0015625 0.003125
0 0.00078125 0.53671875 0.0015625 0.0046875
0 0.00078125 0.5328125 0.0015625 0.00625
0 0.00078125 0.5296875 0.0015625 0.003125
0 0.00078125 0.534375 0.0015625 0.003125
0 0.00078125 0.51484375 0.0015625 0.0046875
0 0.00390625 0.5171875 0.0078125 0.015625
0 0.00078125 0.5125 0.0015625 0.003125
0 0.09375 0.3265625 0.1875 0.45625
0 0.24453125 0.06484375 0.1984375 0.1296875
0 0.91640625 0.08671875 0.1671875 0.1734375
0 0.00078125 0.99921875 0.0015625 0.0015625
0 0.0046875 0.996875 0.0046875 0.003125
0 0.05078125 0.9953125 0.0015625 0.003125
0 0.025 0.99296875 0.0046875 0.00625
0 0.04453125 0.99375 0.0015625 0.003125
0 0.0125 0.98984375 0.003125 0.003125
0 0.0640625 0.99453125 0.003125 0.003125
0 0.0140625 0.984375 0.0015625 0.003125
0 0.015625 0.978125 0.0015625 0.003125
0 0.00078125 0.97265625 0.0015625 0.003125
0 0.02578125 0.975 0.003125 0.003125
0 0.01015625 0.97734375 0.0171875 0.015625
0 0.0359375 0.971875 0.003125 0.003125
0 0.09375 0.8046875 0.1875 0.390625
0 0.42421875 0.67421875 0.1984375 0.1296875
0 0.5890625 0.6875 0.1 0.15625