0 0.41640625 0.07734375 0.0859375 0.0921875
0 0.30546875 0.02734375 0.1390625 0.0546875
0 0.1078125 0.34375 0.1234375 0.1
0 0.0328125 0.02421875 0.065625 0.0484375
0 0.0296875 0.1828125 0.059375 0.0875
0 0.82734375 0.215625 0.0015625 0.0015625
0 0.834375 0.30234375 0.1765625 0.0984375
0 0.78828125 0.06640625 0.1953125 0.1328125
0 0.04375 0.7421875 0.0875 0.128125
0 0.09765625 0.59453125 0.1953125 0.2109375
0 0.8296875 0.5703125 0.0015625 0.0015625
0 0.83125 0.590625 0.0046875 0.009375
0 0.82734375 0.578125 0.0046875 0.009375
0 0.77421875 0.61484375 0.4078125 0.2171875
0 0.515625 0.5375 0.1125 0.096875
0 0.52265625 0.79453125 0.1265625 0.2140625