0 0.79609375 0.37109375 0.0015625 0.0015625
0 0.8515625 0.36796875 0.296875 0.1234375
0 0.1046875 0.4609375 0.003125 0.0078125
0 0.08984375 0.47421875 0.003125 0.003125
0 0.09296875 0.47734375 0.003125 0.003125
0 0.07734375 0.48671875 0.0015625 0.0015625
0 0.08203125 0.48515625 0.0015625 0.003125
0 0.053125 0.575 0.00625 0.0078125
0 0.05234375 0.58671875 0.003125 0.003125
0 0.053125 0.5953125 0.003125 0.00625
0 0.046875 0.634375 0.0078125 0.0125
0 0.04375 0.6625 0.003125 0.0078125
0 0.0390625 0.67265625 0.0015625 0.0015625
0 0.04609375 0.671875 0.0015625 0.0015625
0 0.0546875 0.72109375 0.003125 0.00625
0 0.05 0.73671875 0.0015625 0.0015625
0 0.06484375 0.74140625 0.0046875 0.009375
0 0.1421875 0.71796875 0.26875 0.5640625
0 0.60546875 0.53125 0.1109375 0.203125
0 0.5984375 0.84296875 0.096875 0.2234375
0 0.60390625 0.88046875 0.1078125 0.2390625