0 0.07109375 0.059375 0.0015625 0.003125
0 0.18046875 0.1890625 0.003125 0.003125
0 0.13515625 0.315625 0.2703125 0.5875
0 0.61484375 0.1375 0.0015625 0.003125
0 0.53046875 0.15625 0.0015625 0.003125
0 0.6125 0.16328125 0.0046875 0.0078125
0 0.53046875 0.1796875 0.0015625 0.00625
0 0.61328125 0.1734375 0.003125 0.003125
0 0.53046875 0.203125 0.0015625 0.003125
0 0.57578125 0.1390625 0.0921875 0.184375
0 0.54140625 0.23359375 0.0015625 0.003125
0 0.72109375 0.34296875 0.1515625 0.196875
0 0.5703125 0.415625 0.08125 0.209375
0 0.06796875 0.890625 0.003125 0.003125
0 0.07890625 0.86171875 0.1578125 0.2765625
0 0.91953125 0.85 0.1609375 0.3