0 0.00078125 0.0578125 0.0015625 0.003125
0 0.00234375 0.053125 0.003125 0.003125
0 0.0078125 0.0484375 0.003125 0.0015625
0 0.0125 0.04375 0.003125 0.0015625
0 0.015625 0.03984375 0.003125 0.0015625
0 0.01953125 0.03515625 0.003125 0.0015625
0 0.02265625 0.03046875 0.003125 0.0015625
0 0.0265625 0.02734375 0.003125 0.0015625
0 0.08125 0.10234375 0.1625 0.1953125
0 0.8953125 0.05625 0.209375 0.1125
0 0.73984375 0.128125 0.5203125 0.25625
0 0.36015625 0.5953125 0.0015625 0.003125
0 0.4484375 0.53671875 0.178125 0.2609375
0 0.84765625 0.49765625 0.3046875 0.2890625
0 0.8046875 0.9203125 0.390625 0.159375