0 0.021875 0.646875 0.0015625 0.0015625
0 0.14453125 0.49296875 0.2890625 0.3640625
0 0.79375 0.6640625 0.00625 0.0078125
0 0.7953125 0.65234375 0.003125 0.003125
0 0.7953125 0.64375 0.003125 0.00625
0 0.803125 0.60390625 0.009375 0.0125
0 0.80625 0.575 0.003125 0.0078125
0 0.81171875 0.565625 0.0015625 0.0015625
0 0.80390625 0.56484375 0.0015625 0.0015625
0 0.79765625 0.5140625 0.003125 0.00625
0 0.803125 0.4984375 0.0015625 0.0015625
0 0.78828125 0.4921875 0.0046875 0.009375
0 0.7078125 0.4125 0.278125 0.6125
0 0.621875 0.0515625 0.125 0.103125
0 0.915625 0.0671875 0.16875 0.134375
0 0.48359375 0.7796875 0.1515625 0.121875
0 0.19921875 0.77890625 0.2265625 0.1203125