0 0.2515625 0.053125 0.134375 0.10625
0 0.6328125 0.00078125 0.003125 0.0015625
0 0.5328125 0.09296875 0.3375 0.1859375
0 0.4078125 0.2703125 0.178125 0.378125
0 0.74765625 0.27578125 0.3921875 0.3671875
0 0.00390625 0.4671875 0.0078125 0.015625
0 0.22109375 0.79765625 0.1953125 0.4046875
0 0.00625 0.93203125 0.0125 0.1359375
0 0.54296875 0.50546875 0.003125 0.003125
0 0.540625 0.509375 0.0015625 0.0015625
0 0.53671875 0.51484375 0.0015625 0.0015625
0 0.5296875 0.525 0.0015625 0.0015625
0 0.64375 0.72265625 0.5625 0.5265625