0 0.078125 0.109375 0.0015625 0.0015625
0 0.121875 0.13671875 0.121875 0.140625
0 0.5046875 0.2890625 0.0015625 0.0015625
0 0.67734375 0.30703125 0.0015625 0.003125
0 0.52421875 0.3359375 0.003125 0.003125
0 0.67578125 0.33203125 0.0046875 0.0078125
0 0.534375 0.35625 0.0046875 0.00625
0 0.6765625 0.34140625 0.003125 0.003125
0 0.55859375 0.3765625 0.003125 0.003125
0 0.60234375 0.3140625 0.1734375 0.171875
0 0.49609375 0.40546875 0.0015625 0.0015625
0 0.6109375 0.4015625 0.0015625 0.003125
0 0.78125 0.434375 0.15 0.06875
0 0.04140625 0.54296875 0.0828125 0.1484375
0 0.0546875 0.9140625 0.109375 0.171875
0 0.0625 0.9171875 0.125 0.165625
0 0.81484375 0.5046875 0.1203125 0.071875
0 0.70703125 0.56953125 0.0015625 0.0015625
0 0.85 0.77265625 0.2328125 0.26875
0 0.55390625 0.8484375 0.175 0.2578125