0 0.16328125 0.2125 0.2859375 0.2921875
0 0.04921875 0.10625 0.0984375 0.178125
0 0.8984375 0.32890625 0.203125 0.2203125
0 0.59921875 0.3625 0.5171875 0.153125
0 0.446875 0.35546875 0.25625 0.1671875
0 0.58359375 0.10390625 0.2109375 0.2078125
0 0.06875 0.87109375 0.1375 0.2578125
0 0.2328125 0.73125 0.171875 0.43125
0 0.07265625 0.5484375 0.1453125 0.21875
0 0.1359375 0.5234375 0.271875 0.16875
0 0.028125 0.4609375 0.05625 0.04375
0 0.9453125 0.80078125 0.109375 0.3984375
0 0.66640625 0.85234375 0.1671875 0.1859375
0 0.60234375 0.5578125 0.2265625 0.2375