0 0.0703125 0.065625 0.140625 0.13125
0 0.8828125 0.075 0.234375 0.15
0 0.6796875 0.0828125 0.2 0.165625
0 0.69453125 0.2921875 0.2296875 0.334375
0 0.5484375 0.49609375 0.0015625 0.0015625
0 0.42265625 0.55859375 0.3140625 0.1578125
0 0.16484375 0.55625 0.2953125 0.153125
0 0.0859375 0.59609375 0.171875 0.2328125
0 0.76875 0.8609375 0.0015625 0.0015625
0 0.75703125 0.87265625 0.003125 0.003125
0 0.75 0.87421875 0.00625 0.00625
0 0.740625 0.89296875 0.0015625 0.0015625
0 0.74296875 0.878125 0.003125 0.003125
0 0.73515625 0.89609375 0.003125 0.003125
0 0.7359375 0.8796875 0.0015625 0.0015625
0 0.69296875 0.89765625 0.009375 0.0078125
0 0.67734375 0.90078125 0.0015625 0.0015625
0 0.66640625 0.90625 0.0015625 0.0015625
0 0.659375 0.92265625 0.0015625 0.0015625
0 0.5921875 0.9671875 0.025 0.040625
0 0.76328125 0.81953125 0.3671875 0.3609375