0 0.1046875 0.259375 0.209375 0.4
0 0.0453125 0.31875 0.090625 0.209375
0 0.06015625 0.1953125 0.1203125 0.240625
0 0.03359375 0.01875 0.0671875 0.0375
0 0.06328125 0.13984375 0.1265625 0.2796875
0 0.9265625 0.334375 0.146875 0.25
0 0.53125 0.2046875 0.2203125 0.259375
0 0.79375 0.05703125 0.34375 0.1140625
0 0.3875 0.08828125 0.246875 0.1765625
0 0.0578125 0.5203125 0.115625 0.121875
0 0.80390625 0.6875 0.3921875 0.45625
0 0.378125 0.7578125 0.196875 0.2171875
0 0.36328125 0.53125 0.2671875 0.14375