0 0.503125 0.44921875 0.1203125 0.159375
0 0.65703125 0.2796875 0.0046875 0.0046875
0 0.6640625 0.29765625 0.0015625 0.0046875
0 0.64609375 0.34921875 0.1328125 0.3203125
0 0.88359375 0.43359375 0.2328125 0.1921875
0 0.46328125 0.7171875 0.0015625 0.003125
0 0.53515625 0.74140625 0.0015625 0.0046875
0 0.51640625 0.7609375 0.0015625 0.003125
0 0.509375 0.76484375 0.0015625 0.003125
0 0.17421875 0.63828125 0.1828125 0.2171875
0 0.49765625 0.80625 0.1640625 0.3875
0 0.825 0.95078125 0.26875 0.0984375