0 0.16796875 0.54765625 0.003125 0.003125
0 0.13203125 0.50859375 0.2640625 0.1203125
0 0.7921875 0.08046875 0.003125 0.003125
0 0.92578125 0.4578125 0.1484375 0.221875
0 0.66640625 0.13203125 0.3296875 0.2640625
0 0.58046875 0.4984375 0.18125 0.134375
0 0.50234375 0.35625 0.190625 0.1890625
0 0.39140625 0.1734375 0.0453125 0.096875
0 0.428125 0.534375 0.11875 0.06875
0 0.17734375 0.72578125 0.2890625 0.253125
0 0.36953125 0.60859375 0.0015625 0.0046875
0 0.36953125 0.6078125 0.0015625 0.003125
0 0.60703125 0.9125 0.4765625 0.175