0 0.0625 0.00078125 0.025 0.0015625
0 0.203125 0.0015625 0.01875 0.003125
0 0.134375 0.00546875 0.1125 0.0109375
0 0.2984375 0.40546875 0.003125 0.003125
0 0.29453125 0.41171875 0.0015625 0.003125
0 0.3140625 0.31640625 0.371875 0.3265625
0 0.11171875 0.25859375 0.2234375 0.4421875
0 0.79765625 0.00078125 0.0015625 0.0015625
0 0.78046875 0.1375 0.3109375 0.275
0 0.51484375 0.340625 0.0015625 0.003125
0 0.509375 0.34140625 0.003125 0.003125
0 0.50078125 0.3546875 0.0015625 0.00625
0 0.50078125 0.3578125 0.0015625 0.003125
0 0.59609375 0.378125 0.1921875 0.203125
0 0.22890625 0.7671875 0.4578125 0.465625
0 0.671875 0.77734375 0.0015625 0.003125
0 0.60703125 0.8640625 0.2140625 0.271875