0 0.0984375 0.28515625 0.196875 0.3078125
0 0.39296875 0.11328125 0.1921875 0.2265625
0 0.21171875 0.0265625 0.1109375 0.053125
0 0.62265625 0.15625 0.2671875 0.3125
0 0.65390625 0.02734375 0.2390625 0.0546875
0 0.52421875 0.06328125 0.0703125 0.1265625
0 0.36328125 0.88515625 0.2515625 0.2296875
0 0.0828125 0.67890625 0.165625 0.3109375
0 0.27890625 0.52890625 0.2921875 0.1796875
0 0.0515625 0.459375 0.103125 0.040625
0 0.54375 0.94140625 0.109375 0.1171875
0 0.8875 0.57890625 0.225 0.2671875
0 0.5328125 0.5390625 0.0875 0.2
0 0.546875 0.48125 0.115625 0.084375