0 0.4359375 0.1 0.1875 0.2
0 0.21796875 0.1421875 0.3140625 0.284375
0 0.48984375 0.278125 0.0796875 0.321875
0 0.91796875 0.06640625 0.1640625 0.1328125
0 0.58515625 0.05234375 0.1109375 0.1046875
0 0.61015625 0.0484375 0.1609375 0.096875
0 0.603125 0.05546875 0.146875 0.1109375
0 0.64375 0.1203125 0.228125 0.228125
0 0.615625 0.32890625 0.171875 0.2421875
0 0.34375 0.846875 0.371875 0.30625
0 0.6046875 0.5203125 0.15 0.140625
0 0.58984375 0.66875 0.1203125 0.315625
0 0.6765625 0.8421875 0.29375 0.2875