0 0.4390625 0.3375 0.003125 0.003125
0 0.44375 0.33828125 0.003125 0.0015625
0 0.69453125 0.215625 0.0890625 0.246875
0 0.79609375 0.05078125 0.1140625 0.1015625
0 0.1578125 0.80703125 0.003125 0.0015625
0 0.12890625 0.4046875 0.2578125 0.13125
0 0.2734375 0.83046875 0.29375 0.3390625
0 0.53203125 0.45 0.1765625 0.1171875
0 0.5484375 0.61328125 0.18125 0.1796875
0 0.6859375 0.85703125 0.10625 0.0890625
0 0.69921875 0.415625 0.0796875 0.153125
0 0.79296875 0.77109375 0.1078125 0.2828125
0 0.9625 0.90390625 0.075 0.1921875
0 0.86953125 0.509375 0.2609375 0.340625