0 0.3390625 0.3125 0.2 0.221875
0 0.32578125 0.04296875 0.2265625 0.0859375
0 0.35390625 0.76484375 0.003125 0.003125
0 0.36015625 0.76484375 0.003125 0.003125
0 0.3640625 0.765625 0.003125 0.003125
0 0.3703125 0.765625 0.003125 0.003125
0 0.37578125 0.765625 0.003125 0.003125
0 0.37109375 0.75859375 0.003125 0.003125
0 0.3796875 0.765625 0.003125 0.003125
0 0.3859375 0.765625 0.003125 0.003125
0 0.390625 0.765625 0.003125 0.003125
0 0.39296875 0.75546875 0.003125 0.003125
0 0.4015625 0.765625 0.003125 0.003125
0 0.40625 0.76640625 0.003125 0.003125
0 0.4125 0.765625 0.003125 0.003125
0 0.403125 0.746875 0.0109375 0.0078125
0 0.4171875 0.765625 0.003125 0.003125
0 0.21953125 0.77109375 0.4390625 0.4578125