0 0.06640625 0.5109375 0.1328125 0.196875
0 0.384375 0.3640625 0.109375 0.30625
0 0.23984375 0.13203125 0.003125 0.003125
0 0.20390625 0.10625 0.1390625 0.2125
0 0.0640625 0.07109375 0.128125 0.1421875
0 0.221875 0.0515625 0.1625 0.103125
0 0.8859375 0.5109375 0.228125 0.196875
0 0.50390625 0.5375 0.1296875 0.14375
0 0.9515625 0.265625 0.096875 0.29375
0 0.76953125 0.23046875 0.1546875 0.2375
0 0.53203125 0.1609375 0.1859375 0.321875
0 0.396875 0.6609375 0.084375 0.103125
0 0.703125 0.86796875 0.2015625 0.2375