0 0.4390625 0.2671875 0.38125 0.44375
0 0.98515625 0.04453125 0.003125 0.0015625
0 0.8890625 0.20703125 0.003125 0.0015625
0 0.92890625 0.046875 0.003125 0.003125
0 0.8640625 0.19609375 0.0078125 0.0046875
0 0.9046875 0.05 0.00625 0.0046875
0 0.8546875 0.19375 0.003125 0.003125
0 0.87421875 0.0671875 0.003125 0.003125
0 0.90625 0.13046875 0.1875 0.1859375
0 0.825 0.10859375 0.003125 0.0015625
0 0.6953125 0.2421875 0.13125 0.1625
0 0.7078125 0.04296875 0.15625 0.0859375
0 0.159375 0.953125 0.0046875 0.0046875
0 0.1421875 0.95625 0.003125 0.0015625
0 0.14375 0.84609375 0.2875 0.2859375
0 0.06015625 0.8390625 0.1203125 0.1875
0 0.81796875 0.8140625 0.003125 0.0015625
0 0.84765625 0.85859375 0.1609375 0.134375
0 0.7984375 0.51875 0.14375 0.059375
0 0.6671875 0.65234375 0.075 0.1203125
0 0.66328125 0.51484375 0.0671875 0.0515625