0 0.37578125 0.2265625 0.003125 0.003125
0 0.37109375 0.23046875 0.003125 0.003125
0 0.3671875 0.23515625 0.0015625 0.0015625
0 0.3625 0.2390625 0.0015625 0.0015625
0 0.3578125 0.24375 0.0015625 0.0015625
0 0.353125 0.2484375 0.0015625 0.0015625
0 0.34921875 0.25234375 0.0015625 0.0015625
0 0.34453125 0.25703125 0.0015625 0.0015625
0 0.41875 0.26953125 0.19375 0.215625
0 0.15703125 0.93046875 0.3140625 0.1390625
0 0.790625 0.61015625 0.003125 0.003125
0 0.7046875 0.690625 0.003125 0.003125
0 0.775 0.7921875 0.45 0.415625