0 0.1953125 0.50546875 0.1734375 0.15
0 0.04375 0.33125 0.0875 0.21875
0 0.359375 0.0453125 0.18125 0.090625
0 0.9703125 0.41796875 0.0015625 0.003125
0 0.971875 0.4140625 0.0015625 0.003125
0 0.95546875 0.1703125 0.0015625 0.003125
0 0.94375 0.175 0.003125 0.00625
0 0.975 0.1640625 0.0015625 0.003125
0 0.52421875 0.23359375 0.0484375 0.3546875
0 0.83671875 0.11875 0.3265625 0.2375
0 0.03671875 0.6921875 0.0734375 0.025
0 0.62890625 0.72890625 0.1296875 0.0984375
0 0.68671875 0.71875 0.1703125 0.078125