0 0.05703125 0.11171875 0.1140625 0.1546875
0 0.665625 0.09453125 0.371875 0.1890625
0 0.61328125 0.0734375 0.2671875 0.146875
0 0.12421875 0.85625 0.0015625 0.0015625
0 0.00078125 0.7390625 0.0015625 0.003125
0 0.12734375 0.80234375 0.0046875 0.0046875
0 0.0015625 0.71796875 0.003125 0.0078125
0 0.12734375 0.77890625 0.0046875 0.00625
0 0.00078125 0.70859375 0.0015625 0.0046875
0 0.11484375 0.746875 0.0046875 0.0046875
0 0.0734375 0.77578125 0.146875 0.2078125
0 0.18359375 0.75859375 0.0015625 0.0015625
0 0.07890625 0.6953125 0.003125 0.003125
0 0.20625 0.64609375 0.0015625 0.0015625
0 0.209375 0.646875 0.003125 0.003125
0 0.2125 0.64296875 0.0015625 0.0015625
0 0.04453125 0.51328125 0.0890625 0.2140625
0 0.2 0.56875 0.19375 0.2265625
0 0.7421875 0.46015625 0.0015625 0.0015625
0 0.73515625 0.628125 0.5109375 0.74375
0 0.55859375 0.2328125 0.1578125 0.0875