0 0.178125 0.4484375 0.1890625 0.19375
0 0.42734375 0.3890625 0.190625 0.2625
0 0.3015625 0.11796875 0.175 0.2359375
0 0.1078125 0.07578125 0.215625 0.1515625
0 0.50859375 0.08515625 0.2765625 0.1703125
0 0.85859375 0.25703125 0.2828125 0.4703125
0 0.7421875 0.2625 0.065625 0.1875
0 0.7546875 0.05078125 0.090625 0.1015625
0 0.4484375 0.84453125 0.0015625 0.0015625
0 0.45 0.840625 0.0015625 0.0015625
0 0.4171875 0.6296875 0.0015625 0.0015625
0 0.40625 0.634375 0.0046875 0.00625
0 0.43359375 0.621875 0.0015625 0.0015625
0 0.04375 0.76875 0.0875 0.353125
0 0.30859375 0.63515625 0.3609375 0.1703125
0 0.88203125 0.621875 0.1734375 0.14375
0 0.7453125 0.55078125 0.003125 0.0015625
0 0.79453125 0.62734375 0.1703125 0.1546875