0 0.1875 0.04921875 0.221875 0.0984375
0 0.071875 0.13515625 0.14375 0.1828125
0 0.00078125 0.28984375 0.0015625 0.0046875
0 0.07734375 0.28828125 0.1546875 0.2890625
0 0.8375 0.05625 0.25625 0.1125
0 0.85859375 0.37578125 0.2828125 0.1484375
0 0.59140625 0.3375 0.003125 0.003125
0 0.553125 0.31875 0.225 0.15625
0 0.4453125 0.1 0.13125 0.2
0 0.43671875 0.3953125 0.1140625 0.109375
0 0.12578125 0.72109375 0.2515625 0.3734375
0 0.028125 0.63671875 0.05625 0.2171875
0 0.67109375 0.59140625 0.0015625 0.0015625
0 0.85703125 0.92265625 0.2859375 0.1546875
0 0.55 0.61171875 0.334375 0.3234375
0 0.46328125 0.9625 0.1671875 0.075
0 0.43046875 0.85390625 0.1015625 0.1890625
0 0.4078125 0.6765625 0.05625 0.1