0 0.3 0.00078125 0.003125 0.0015625
0 0.31328125 0.00078125 0.0015625 0.0015625
0 0.325 0.00078125 0.003125 0.0015625
0 0.26015625 0.00078125 0.0015625 0.0015625
0 0.28828125 0.00078125 0.0046875 0.0015625
0 0.24140625 0.00078125 0.0015625 0.0015625
0 0.29453125 0.00078125 0.0015625 0.0015625
0 0.2671875 0.0015625 0.00625 0.003125
0 0.24609375 0.00078125 0.0015625 0.0015625
0 0.2796875 0.00078125 0.003125 0.0015625
0 0.228125 0.00078125 0.003125 0.0015625
0 0.27890625 0.00078125 0.0015625 0.0015625
0 0.29296875 0.00078125 0.0015625 0.0015625
0 0.27578125 0.00078125 0.0015625 0.0015625
0 0.28984375 0.00078125 0.0015625 0.0015625
0 0.2640625 0.00078125 0.003125 0.0015625
0 0.28203125 0.00390625 0.0203125 0.0078125
0 0.2546875 0.00078125 0.003125 0.0015625
0 0.28984375 0.14375 0.4140625 0.2875
0 0.56484375 0.215625 0.0703125 0.228125
0 0.03828125 0.86875 0.0765625 0.2625
0 0.15625 0.7296875 0.3125 0.540625
0 0.615625 0.7046875 0.171875 0.40625
0 0.57421875 0.8828125 0.0890625 0.234375