0 0.36796875 0.00078125 0.0015625 0.0015625
0 0.36171875 0.00078125 0.0046875 0.0015625
0 0.37734375 0.00234375 0.0078125 0.0046875
0 0.37578125 0.00078125 0.0046875 0.0015625
0 0.37421875 0.0015625 0.0046875 0.003125
0 0.371875 0.00390625 0.009375 0.0078125
0 0.36953125 0.00234375 0.0046875 0.0046875
0 0.37265625 0.00078125 0.0015625 0.0015625
0 0.36484375 0.00078125 0.0015625 0.0015625
0 0.34609375 0.0171875 0.0046875 0.00625
0 0.3484375 0.03515625 0.0015625 0.003125
0 0.33046875 0.03671875 0.0078125 0.0125
0 0.23203125 0.22109375 0.4203125 0.4421875
0 0.9078125 0.2453125 0.184375 0.271875
0 0.55625 0.3796875 0.09375 0.21875
0 0.34375 0.85234375 0.0015625 0.003125
0 0.1984375 0.8265625 0.396875 0.346875
0 0.91171875 0.771875 0.0015625 0.003125
0 0.91640625 0.83203125 0.0046875 0.0046875
0 0.9203125 0.85859375 0.0046875 0.00625
0 0.940625 0.89140625 0.0046875 0.0046875
0 0.9515625 0.84375 0.096875 0.209375
0 0.86328125 0.89375 0.0015625 0.003125
0 0.9875 0.94296875 0.003125 0.0046875