0 0.24921875 0.4375 0.1421875 0.19375
0 0.01875 0.17578125 0.0375 0.0984375
0 0.40703125 0.1171875 0.1515625 0.234375
0 0.03984375 0.04609375 0.0796875 0.0921875
0 0.98515625 0.31171875 0.0015625 0.003125
0 0.9671875 0.30390625 0.0015625 0.003125
0 0.90703125 0.36796875 0.1859375 0.2640625
0 0.61484375 0.36015625 0.1296875 0.2609375
0 0.971875 0.03671875 0.05625 0.0734375
0 0.753125 0.06015625 0.184375 0.1203125
0 0.48359375 0.9578125 0.0015625 0.003125
0 0.41953125 0.79921875 0.0015625 0.003125
0 0.46171875 0.81484375 0.1765625 0.3296875
0 0.0671875 0.825 0.134375 0.35
0 0.88046875 0.696875 0.1265625 0.09375
0 0.92109375 0.71171875 0.1578125 0.1234375