0 0.20859375 0.296875 0.4171875 0.525
0 0.775 0.2796875 0.45 0.559375
0 0.65703125 0.490625 0.2140625 0.1375
0 0.00078125 0.56015625 0.0015625 0.0015625
0 0.00078125 0.56015625 0.0015625 0.0015625
0 0.03203125 0.56015625 0.0015625 0.0015625
0 0.00546875 0.56015625 0.0046875 0.0015625
0 0.04921875 0.56015625 0.0015625 0.0015625
0 0.0234375 0.5609375 0.00625 0.003125
0 0.04296875 0.56015625 0.0015625 0.0015625
0 0.009375 0.56015625 0.003125 0.0015625
0 0.0625 0.56015625 0.003125 0.0015625
0 0.01015625 0.56015625 0.0015625 0.0015625
0 0.01015625 0.56015625 0.0015625 0.0015625
0 0.0203125 0.56015625 0.003125 0.0015625
0 0.0078125 0.56328125 0.015625 0.0078125
0 0.028125 0.56015625 0.003125 0.0015625
0 0.11484375 0.70546875 0.2296875 0.2921875
0 0.278125 0.953125 0.228125 0.09375
0 0.60703125 0.60703125 0.1140625 0.0953125
0 0.596875 0.6703125 0.0015625 0.003125
0 0.59609375 0.6765625 0.0015625 0.003125
0 0.67734375 0.7546875 0.2546875 0.378125