0 0.1703125 0.39140625 0.0015625 0.0015625
0 0.15859375 0.38359375 0.003125 0.0046875
0 0.1546875 0.3765625 0.0046875 0.00625
0 0.13671875 0.37109375 0.0015625 0.0015625
0 0.1515625 0.3703125 0.003125 0.0046875
0 0.13359375 0.36640625 0.003125 0.0046875
0 0.14765625 0.3640625 0.0015625 0.0015625
0 0.1265625 0.32578125 0.00625 0.0078125
0 0.121875 0.31171875 0.0015625 0.0015625
0 0.115625 0.303125 0.0015625 0.0015625
0 0.09921875 0.29921875 0.0015625 0.0015625
0 0.04609375 0.21015625 0.03125 0.04375
0 0.159375 0.27578125 0.31875 0.5109375