0 0.1296875 0.275 0.259375 0.55
0 0.97265625 0.3609375 0.003125 0.003125
0 0.5375 0.25234375 0.0015625 0.003125
0 0.5390625 0.240625 0.0015625 0.0015625
0 0.5359375 0.23671875 0.003125 0.003125
0 0.4234375 0.19921875 0.328125 0.2859375
0 0.93984375 0.225 0.1203125 0.415625
0 0.72578125 0.09765625 0.2140625 0.1953125
0 0.21328125 0.91875 0.0921875 0.1625
0 0.05625 0.61640625 0.1125 0.1328125
0 0.18359375 0.628125 0.1515625 0.15625
0 0.10859375 0.55234375 0.0046875 0.0046875
0 0.1109375 0.55234375 0.003125 0.0046875
0 0.1453125 0.59296875 0.121875 0.0859375
0 0.66328125 0.55078125 0.0015625 0.0015625
0 0.66484375 0.55078125 0.0015625 0.0015625
0 0.66875 0.55234375 0.00625 0.0046875
0 0.6890625 0.55078125 0.003125 0.0015625
0 0.71484375 0.7078125 0.5703125 0.315625