0 0.03984375 0.2734375 0.0796875 0.453125
0 0.6625 0.44296875 0.0015625 0.0015625
0 0.65078125 0.453125 0.003125 0.003125
0 0.646875 0.4609375 0.0046875 0.00625
0 0.62890625 0.46953125 0.0015625 0.0015625
0 0.64453125 0.4671875 0.003125 0.003125
0 0.625 0.47578125 0.003125 0.003125
0 0.640625 0.47578125 0.0015625 0.0015625
0 0.678125 0.3828125 0.3375 0.234375
0 0.16640625 0.83046875 0.234375 0.196875
0 0.771875 0.5765625 0.26875 0.153125
0 0.93671875 0.6859375 0.1265625 0.371875
0 0.58359375 0.79453125 0.1484375 0.4109375