0 0.2265625 0.2140625 0.0015625 0.0015625
0 0.24609375 0.2296875 0.0015625 0.0015625
0 0.453125 0.05625 0.0015625 0.0015625
0 0.38203125 0.1515625 0.4140625 0.303125
0 0.70859375 0.31796875 0.1265625 0.1125
0 0.896875 0.05078125 0.0015625 0.0015625
0 0.86953125 0.034375 0.1921875 0.06875
0 0.93046875 0.203125 0.1390625 0.19375
0 0.13203125 0.971875 0.1265625 0.05625
0 0.40078125 0.88828125 0.225 0.1984375
0 0.5921875 0.85234375 0.0046875 0.0046875
0 0.609375 0.85546875 0.003125 0.003125
0 0.69609375 0.74765625 0.2140625 0.3015625
0 0.8296875 0.93203125 0.340625 0.1359375
0 0.90546875 0.73828125 0.1890625 0.2015625