0 0.11953125 0.03515625 0.003125 0.0015625
0 0.00078125 0.1453125 0.0015625 0.003125
0 0.134375 0.103125 0.26875 0.20625
0 0.04609375 0.253125 0.0921875 0.1875
0 0.0625 0.584375 0.125 0.13125
0 0.8140625 0.40390625 0.003125 0.0015625
0 0.36328125 0.2765625 0.003125 0.0015625
0 0.5859375 0.24140625 0.634375 0.4140625
0 0.18125 0.88984375 0.003125 0.0015625
0 0.1546875 0.89296875 0.003125 0.0015625
0 0.1390625 0.89765625 0.003125 0.0046875
0 0.134375 0.79140625 0.26875 0.2828125
0 0.76875 0.9921875 0.003125 0.0015625
0 0.734375 0.87890625 0.003125 0.0015625
0 0.71875 0.95 0.003125 0.0015625
0 0.69921875 0.9359375 0.003125 0.0015625
0 0.6953125 0.9296875 0.003125 0.0015625
0 0.7796875 0.69140625 0.203125 0.0828125
0 0.60703125 0.93125 0.4640625 0.1375
0 0.33828125 0.9140625 0.1390625 0.171875