0 0.04765625 0.2296875 0.0953125 0.1375
0 0.9046875 0.084375 0.190625 0.16875
0 0.28359375 0.5875 0.4703125 0.2375
0 0.06015625 0.83203125 0.1203125 0.1640625
0 0.7421875 0.60703125 0.003125 0.0015625
0 0.7375 0.6078125 0.0015625 0.0015625
0 0.73359375 0.609375 0.0015625 0.0015625
0 0.7265625 0.61015625 0.0015625 0.0015625
0 0.7234375 0.6109375 0.0015625 0.0015625
0 0.72578125 0.603125 0.003125 0.0015625
0 0.71953125 0.6109375 0.0015625 0.0015625
0 0.71328125 0.61171875 0.0015625 0.0015625
0 0.71015625 0.6125 0.0015625 0.0015625
0 0.7046875 0.60390625 0.0015625 0.0015625
0 0.69921875 0.61484375 0.0015625 0.0015625
0 0.69609375 0.615625 0.0015625 0.0015625
0 0.68984375 0.615625 0.0015625 0.0015625
0 0.69453125 0.5984375 0.009375 0.0046875
0 0.68671875 0.6171875 0.0015625 0.0015625
0 0.65625 0.59375 0.0015625 0.0015625
0 0.6484375 0.5953125 0.0015625 0.0015625
0 0.64453125 0.59296875 0.0015625 0.0015625
0 0.628125 0.59921875 0.0015625 0.0015625
0 0.6234375 0.60078125 0.0015625 0.0015625
0 0.61953125 0.6015625 0.0015625 0.0015625
0 0.62109375 0.596875 0.003125 0.003125
0 0.615625 0.60234375 0.0015625 0.0015625
0 0.61171875 0.60390625 0.0015625 0.0015625
0 0.60703125 0.60390625 0.0015625 0.0015625
0 0.76953125 0.7046875 0.4609375 0.471875