0 0.18515625 0.040625 0.1515625 0.08125
0 0.31796875 0.02734375 0.1578125 0.0546875
0 0.88671875 0.0078125 0.003125 0.0015625
0 0.8921875 0.00078125 0.003125 0.0015625
0 0.91015625 0.0015625 0.0046875 0.003125
0 0.8984375 0.00078125 0.003125 0.0015625
0 0.94609375 0.00078125 0.0046875 0.0015625
0 0.89453125 0.003125 0.0171875 0.00625
0 0.8390625 0.09921875 0.321875 0.1984375
0 0.034375 0.33203125 0.06875 0.1046875
0 0.43125 0.31328125 0.21875 0.0671875
0 0.584375 0.3171875 0.06875 0.075
0 0.65625 0.3078125 0.2125 0.05625