0 0.0796875 0.2203125 0.159375 0.440625
0 0.80625 0.1703125 0.0015625 0.003125
0 0.80390625 0.1546875 0.00625 0.009375
0 0.7265625 0.19140625 0.490625 0.3828125
0 0.0546875 0.56015625 0.003125 0.0015625
0 0.059375 0.56015625 0.003125 0.0015625
0 0.06484375 0.56015625 0.0015625 0.0015625
0 0.06953125 0.56015625 0.0015625 0.0015625
0 0.07578125 0.56015625 0.0015625 0.0015625
0 0.07890625 0.56015625 0.0015625 0.0015625
0 0.08515625 0.56015625 0.0015625 0.0015625
0 0.08984375 0.56015625 0.0015625 0.0015625
0 0.0625 0.621875 0.125 0.125
0 0.56875 0.6734375 0.178125 0.228125