0 0.21484375 0.09296875 0.0015625 0.003125
0 0.2140625 0.0984375 0.0015625 0.0015625
0 0.21171875 0.10390625 0.0015625 0.0015625
0 0.20859375 0.11640625 0.0015625 0.0015625
0 0.31328125 0.2609375 0.3515625 0.478125
0 0.92578125 0.3890625 0.0015625 0.0015625
0 0.9375 0.396875 0.003125 0.003125
0 0.940625 0.40390625 0.0046875 0.00625
0 0.959375 0.40859375 0.0015625 0.0015625
0 0.9453125 0.409375 0.003125 0.003125
0 0.96328125 0.41328125 0.003125 0.003125
0 0.94765625 0.41640625 0.0015625 0.0015625
0 0.9703125 0.4546875 0.00625 0.0078125
0 0.97578125 0.46875 0.0015625 0.0015625
0 0.98125 0.478125 0.0015625 0.0015625
0 0.99765625 0.48125 0.0015625 0.0015625
0 0.86328125 0.36875 0.2734375 0.28125
0 0.171875 0.9421875 0.259375 0.115625