0 0.89375 0.0859375 0.003125 0.003125
0 0.7296875 0.00078125 0.003125 0.0015625
0 0.896875 0.02734375 0.003125 0.003125
0 0.7421875 0.00234375 0.00625 0.0046875
0 0.89453125 0.00234375 0.0046875 0.0046875
0 0.74609375 0.00078125 0.0046875 0.0015625
0 0.878125 0.00078125 0.003125 0.0015625
0 0.8078125 0.06328125 0.20625 0.1265625
0 0.9546875 0.00078125 0.003125 0.0015625
0 0.83828125 0.00078125 0.0046875 0.0015625
0 0.9734375 0.00078125 0.003125 0.0015625
0 0.9765625 0.00078125 0.003125 0.0015625
0 0.98046875 0.00078125 0.0046875 0.0015625
0 0.70859375 0.05625 0.1828125 0.1125
0 0.9328125 0.059375 0.134375 0.11875
0 0.07421875 0.49453125 0.1484375 0.3359375
0 0.26015625 0.50625 0.3859375 0.4125
0 0.9296875 0.38359375 0.003125 0.003125
0 0.9140625 0.39609375 0.171875 0.1921875