0 0.1875 0.04375 0.259375 0.0875
0 0.0671875 0.09453125 0.134375 0.1890625
0 0.4375 0.2578125 0.125 0.28125
0 0.75859375 0.27734375 0.0109375 0.028125
0 0.75390625 0.29140625 0.0015625 0.003125
0 0.76015625 0.2984375 0.0015625 0.003125
0 0.75546875 0.303125 0.0015625 0.003125
0 0.75703125 0.33125 0.0015625 0.003125
0 0.84375 0.278125 0.3125 0.24375
0 0.40546875 0.61015625 0.0109375 0.028125
0 0.40078125 0.62421875 0.0015625 0.003125
0 0.40703125 0.63125 0.0015625 0.003125
0 0.40234375 0.6359375 0.0015625 0.003125
0 0.40390625 0.6640625 0.0015625 0.003125
0 0.4171875 0.74453125 0.165625 0.5109375
0 0.73671875 0.6890625 0.2265625 0.384375