0 0.25859375 0.08828125 0.0015625 0.003125
0 0.22578125 0.15234375 0.0015625 0.003125
0 0.11796875 0.20625 0.0015625 0.003125
0 0.18984375 0.209375 0.0015625 0.003125
0 0.17890625 0.23203125 0.0015625 0.003125
0 0.1734375 0.23671875 0.0015625 0.003125
0 0.04765625 0.2109375 0.0953125 0.228125
0 0.20234375 0.275 0.2328125 0.45
0 0.63671875 0.228125 0.334375 0.2765625
0 0.22265625 0.62578125 0.0015625 0.003125
0 0.1671875 0.63984375 0.171875 0.2796875
0 0.79140625 0.68359375 0.0015625 0.003125
0 0.6640625 0.79375 0.5 0.4125