0 0.0609375 0.03984375 0.121875 0.0796875
0 0.03671875 0.09375 0.0734375 0.171875
0 0.10390625 0.378125 0.2078125 0.18125
0 0.38984375 0.06875 0.0796875 0.1375
0 0.43046875 0.240625 0.0015625 0.003125
0 0.52734375 0.04921875 0.1953125 0.0984375
0 0.5125 0.2671875 0.165625 0.375
0 0.7390625 0.14375 0.003125 0.003125
0 0.7796875 0.12890625 0.225 0.1546875
0 0.9203125 0.06640625 0.159375 0.1328125
0 0.92890625 0.2625 0.1421875 0.175
0 0.07109375 0.7875 0.1421875 0.340625
0 0.9859375 0.46953125 0.003125 0.0015625
0 0.990625 0.46953125 0.003125 0.0015625