0 0.0859375 0.49296875 0.171875 0.2734375
0 0.15078125 0.290625 0.3015625 0.428125
0 0.0578125 0.2578125 0.115625 0.253125
0 0.09921875 0.04609375 0.0640625 0.0296875
0 0.61640625 0.45390625 0.2140625 0.3515625
0 0.91328125 0.2546875 0.1734375 0.29375
0 0.57890625 0.2640625 0.1390625 0.315625
0 0.56171875 0.13125 0.1046875 0.24375
0 0.74453125 0.09453125 0.4546875 0.1890625
0 0.0796875 0.95703125 0.159375 0.0859375
0 0.29296875 0.815625 0.4328125 0.36875
0 0.80546875 0.80390625 0.3265625 0.3484375
0 0.57109375 0.675 0.1234375 0.090625