0 0.190625 0.2265625 0.25625 0.325
0 0.578125 0.1875 0.0015625 0.003125
0 0.57578125 0.196875 0.0015625 0.003125
0 0.57265625 0.2 0.0015625 0.003125
0 0.57734375 0.2671875 0.0015625 0.003125
0 0.6546875 0.2671875 0.178125 0.24375
0 0.27890625 0.88046875 0.0796875 0.2390625
0 0.825 0.74453125 0.0015625 0.003125
0 0.640625 0.7828125 0.0015625 0.003125
0 0.8125 0.8 0.003125 0.003125
0 0.646875 0.81171875 0.003125 0.009375
0 0.80546875 0.8234375 0.003125 0.00625
0 0.6484375 0.821875 0.003125 0.003125
0 0.7828125 0.84921875 0.003125 0.003125
0 0.7234375 0.784375 0.171875 0.190625
0 0.85625 0.875 0.0015625 0.003125
0 0.73125 0.88203125 0.0015625 0.003125
0 0.84609375 0.9984375 0.0015625 0.003125
0 0.84921875 0.99921875 0.0015625 0.0015625
0 0.56171875 0.95 0.1421875 0.1