0 0.46640625 0.0578125 0.003125 0.0015625
0 0.440625 0.1078125 0.31875 0.215625
0 0.14453125 0.18671875 0.003125 0.003125
0 0.10859375 0.2046875 0.2171875 0.146875
0 0.06171875 0.42265625 0.1234375 0.1734375
0 0.05078125 0.0890625 0.1015625 0.165625
0 0.8921875 0.2328125 0.215625 0.428125
0 0.66953125 0.14453125 0.0015625 0.0015625
0 0.80625 0.17109375 0.275 0.3421875
0 0.784375 0.05625 0.23125 0.1125
0 0.05859375 0.85234375 0.003125 0.0015625
0 0.1421875 0.77421875 0.284375 0.2796875
0 0.02421875 0.51015625 0.0078125 0.0015625
0 0.821875 0.55625 0.228125 0.09375