0 0.015625 0.5078125 0.03125 0.30625
0 0.02421875 0.00078125 0.0015625 0.0015625
0 0.4359375 0.09140625 0.146875 0.1828125
0 0.27421875 0.2421875 0.3515625 0.484375
0 0.04375 0.04140625 0.0875 0.0828125
0 0.653125 0.45703125 0.1875 0.2921875
0 0.590625 0.28515625 0.1625 0.2828125
0 0.5890625 0.0640625 0.109375 0.128125
0 0.5515625 0.0546875 0.084375 0.109375
0 0.5296875 0.03125 0.040625 0.0625
0 0.63828125 0.0390625 0.1671875 0.078125
0 0.321875 0.96015625 0.25 0.0796875
0 0.04140625 0.79765625 0.0828125 0.2171875
0 0.8546875 0.74140625 0.16875 0.1046875