0 0.53515625 0.51953125 0.0046875 0.0046875
0 0.43359375 0.28828125 0.2109375 0.5765625
0 0.084375 0.1203125 0.16875 0.240625
0 0.9546875 0.21796875 0.003125 0.003125
0 0.934375 0.2171875 0.003125 0.003125
0 0.88671875 0.29609375 0.2265625 0.3140625
0 0.59921875 0.4078125 0.1203125 0.303125
0 0.9015625 0.03359375 0.1375 0.0671875
0 0.64375 0.06484375 0.209375 0.1296875
0 0.43125 0.85078125 0.003125 0.003125
0 0.428125 0.84453125 0.003125 0.003125
0 0.3234375 0.86484375 0.284375 0.2703125
0 0.084375 0.8375 0.16875 0.215625
0 0.453125 0.76640625 0.171875 0.0734375
0 0.821875 0.84765625 0.003125 0.003125
0 0.81875 0.84140625 0.003125 0.003125
0 0.7140625 0.86484375 0.284375 0.2703125
0 0.60625 0.8375 0.134375 0.215625
0 0.87421875 0.76640625 0.2328125 0.0734375