0 0.2140625 0.1234375 0.275 0.246875
0 0.55859375 0.4171875 0.1171875 0.165625
0 0.8875 0.40390625 0.225 0.1921875
0 0.58828125 0.09921875 0.1765625 0.1984375
0 0.9359375 0.078125 0.128125 0.15625
0 0.82578125 0.0171875 0.0828125 0.034375
0 0.11953125 0.77578125 0.1265625 0.1984375
0 0.06328125 0.70703125 0.1265625 0.2421875
0 0.44375 0.64765625 0.1125 0.2953125
0 0.75625 0.77421875 0.384375 0.4515625
0 0.9625 0.54609375 0.075 0.0921875
0 0.71484375 0.55390625 0.1546875 0.1078125
0 0.8859375 0.50078125 0.003125 0.0015625
0 0.84375 0.56015625 0.240625 0.1203125