0 0.06640625 0.421875 0.1328125 0.315625
0 0.26640625 0.39921875 0.4265625 0.3609375
0 0.04921875 0.0765625 0.0984375 0.153125
0 0.17421875 0.096875 0.2171875 0.19375
0 0.44375 0.04296875 0.071875 0.0859375
0 0.103125 0.04375 0.20625 0.0875
0 0.6390625 0.12578125 0.31875 0.2515625
0 0.1046875 0.7546875 0.209375 0.35
0 0.66796875 0.92734375 0.3140625 0.1453125
0 0.9265625 0.684375 0.146875 0.209375
0 0.65390625 0.72890625 0.3484375 0.2984375
0 0.59375 0.68046875 0.228125 0.2015625
0 0.93125 0.64453125 0.1375 0.1296875