0 0.309375 0.353125 0.24375 0.053125
0 0.23984375 0.078125 0.3921875 0.15625
0 0.825 0.18984375 0.35 0.3796875
0 0.09375 0.85234375 0.1875 0.2609375
0 0.10390625 0.4953125 0.2078125 0.23125
0 0.37421875 0.90546875 0.0015625 0.0015625
0 0.275 0.43515625 0.003125 0.0015625
0 0.28359375 0.4546875 0.0015625 0.0015625
0 0.29140625 0.4125 0.003125 0.0015625
0 0.37265625 0.48671875 0.2734375 0.2140625
0 0.4171875 0.86328125 0.184375 0.2734375
0 0.67890625 0.7453125 0.328125 0.328125
0 0.8734375 0.5078125 0.253125 0.20625