0 0.34140625 0.14765625 0.1140625 0.096875
0 0.0703125 0.30546875 0.0015625 0.0015625
0 0.0765625 0.3953125 0.153125 0.1125
0 0.0765625 0.1359375 0.153125 0.165625
0 0.8640625 0.2421875 0.0015625 0.0015625
0 0.8375 0.06328125 0.003125 0.0015625
0 0.81484375 0.2171875 0.003125 0.003125
0 0.8125 0.0625 0.0078125 0.0046875
0 0.79296875 0.2046875 0.00625 0.003125
0 0.80234375 0.06015625 0.003125 0.003125
0 0.7703125 0.17734375 0.003125 0.003125
0 0.8328125 0.13984375 0.171875 0.1703125
0 0.74375 0.2390625 0.0015625 0.0015625
0 0.74296875 0.12265625 0.003125 0.0015625
0 0.63125 0.1984375 0.0015625 0.0015625
0 0.63046875 0.2015625 0.003125 0.0015625
0 0.625 0.20234375 0.0015625 0.0015625
0 0.66171875 0.0359375 0.1453125 0.071875
0 0.63828125 0.15234375 0.0984375 0.1578125
0 0.178125 0.6625 0.35625 0.325
0 0.8640625 0.50078125 0.00625 0.0015625
0 0.734375 0.58359375 0.290625 0.1671875