0 0.23125 0.19765625 0.45625 0.3234375
0 0.83671875 0.3171875 0.003125 0.003125
0 0.67890625 0.1796875 0.4390625 0.359375
0 0.421875 0.47734375 0.003125 0.003125
0 0.41640625 0.46171875 0.0046875 0.0046875
0 0.4109375 0.45546875 0.0078125 0.00625
0 0.409375 0.43359375 0.003125 0.003125
0 0.4046875 0.44921875 0.0046875 0.0046875
0 0.40625 0.42890625 0.0046875 0.0046875
0 0.3984375 0.4421875 0.003125 0.003125
0 0.3625 0.403125 0.0125 0.009375
0 0.3484375 0.3921875 0.003125 0.003125
0 0.340625 0.3828125 0.003125 0.003125
0 0.3421875 0.3734375 0.003125 0.0015625
0 0.25859375 0.375 0.0515625 0.01875
0 0.23515625 0.528125 0.4484375 0.3375
0 0.64375 0.6453125 0.003125 0.003125
0 0.58046875 0.51875 0.2421875 0.3