0 0.08828125 0.2390625 0.1765625 0.246875
0 0.159375 0.06953125 0.159375 0.1390625
0 0.2640625 0.21953125 0.05 0.3265625
0 0.51171875 0.00078125 0.0015625 0.0015625
0 0.90859375 0.09140625 0.1828125 0.1828125
0 0.72109375 0.20234375 0.3859375 0.4046875
0 0.4734375 0.0515625 0.190625 0.103125
0 0.1765625 0.571875 0.0015625 0.003125
0 0.18125 0.634375 0.115625 0.31875
0 0.60234375 0.9734375 0.1734375 0.053125
0 0.73515625 0.75625 0.165625 0.271875
0 0.91640625 0.521875 0.1671875 0.20625
0 0.5203125 0.50546875 0.26875 0.1734375