0 0.09453125 0.06875 0.1890625 0.1375
0 0.38125 0.44140625 0.003125 0.003125
0 0.34609375 0.47265625 0.165625 0.253125
0 0.07421875 0.5140625 0.1484375 0.23125
0 0.5234375 0.0578125 0.0875 0.115625
0 0.878125 0.10390625 0.171875 0.2078125
0 0.62109375 0.40703125 0.1921875 0.29375
0 0.9515625 0.57109375 0.096875 0.1171875
0 0.0953125 0.79921875 0.190625 0.3390625
0 0.2734375 0.91953125 0.38125 0.1609375
0 0.5953125 0.63046875 0.003125 0.0015625
0 0.61171875 0.73515625 0.2640625 0.2109375
0 0.91015625 0.9125 0.1421875 0.175
0 0.73828125 0.915625 0.2046875 0.16875