0 0.24375 0.0015625 0.00625 0.003125
0 0.23125 0.00078125 0.003125 0.0015625
0 0.234375 0.00078125 0.003125 0.0015625
0 0.21953125 0.00078125 0.0015625 0.0015625
0 0.22578125 0.00078125 0.0015625 0.0015625
0 0.20859375 0.00234375 0.0078125 0.0046875
0 0.209375 0.00078125 0.003125 0.0015625
0 0.21171875 0.0015625 0.0046875 0.003125
0 0.21328125 0.00390625 0.0078125 0.0078125
0 0.21328125 0.0015625 0.0046875 0.003125
0 0.21171875 0.00078125 0.0015625 0.0015625
0 0.21875 0.00078125 0.003125 0.0015625
0 0.23671875 0.00390625 0.0046875 0.00625
0 0.23515625 0.0203125 0.0015625 0.003125
0 0.25078125 0.0234375 0.00625 0.009375
0 0.22578125 0.20546875 0.1078125 0.4109375
0 0.1875 0.6046875 0.184375 0.16875
0 0.76171875 0.00078125 0.0015625 0.0015625
0 0.753125 0.184375 0.49375 0.36875
0 0.04140625 0.7703125 0.0828125 0.1625
0 0.07734375 0.95078125 0.1546875 0.0984375
0 0.29296875 0.68984375 0.0015625 0.0015625
0 0.346875 0.69140625 0.0015625 0.003125
0 0.28046875 0.7359375 0.0015625 0.003125
0 0.46484375 0.69453125 0.0015625 0.003125
0 0.4015625 0.72734375 0.0015625 0.003125
0 0.41953125 0.7421875 0.0015625 0.003125
0 0.42734375 0.7453125 0.0015625 0.003125
0 0.721875 0.7453125 0.1875 0.1125
0 0.4125 0.84453125 0.265625 0.3109375