0 0.0765625 0.09375 0.0015625 0.0015625
0 0.128125 0.08828125 0.003125 0.003125
0 0.17421875 0.00078125 0.0078125 0.0015625
0 0.1515625 0.084375 0.00625 0.0046875
0 0.184375 0.00078125 0.003125 0.0015625
0 0.1796875 0.06640625 0.003125 0.003125
0 0.13359375 0.04609375 0.1734375 0.0921875
0 0.18671875 0.134375 0.0015625 0.0015625
0 0.2203125 0.025 0.003125 0.0015625
0 0.30078125 0.13671875 0.0015625 0.0015625
0 0.30078125 0.13984375 0.003125 0.0015625
0 0.30546875 0.1421875 0.0015625 0.0015625
0 0.36484375 0.03515625 0.1859375 0.0703125
0 0.37421875 0.11875 0.196875 0.1546875
0 0.5375 0.1796875 0.05625 0.096875
0 0.71484375 0.2734375 0.196875 0.1640625
0 0.04453125 0.46328125 0.0890625 0.1171875
0 0.7625 0.63125 0.475 0.34375