0 0.32109375 0.03125 0.0828125 0.0625
0 0.728125 0.03671875 0.26875 0.0734375
0 0.91484375 0.15234375 0.1703125 0.1640625
0 0.55546875 0.39375 0.1765625 0.071875
0 0.27421875 0.4328125 0.0015625 0.00625
0 0.2171875 0.49296875 0.125 0.1265625
0 0.06015625 0.5375 0.1203125 0.215625
0 0.253125 0.89375 0.053125 0.1375
0 0.053125 0.85 0.10625 0.3
0 0.440625 0.5453125 0.19375 0.23125
0 0.6234375 0.828125 0.0015625 0.0015625
0 0.6390625 0.8359375 0.0015625 0.0015625
0 0.6796875 0.78046875 0.1765625 0.2109375
0 0.95859375 0.809375 0.0828125 0.209375