0 0.11796875 0.340625 0.2359375 0.196875
0 0.29921875 0.3984375 0.2390625 0.08125
0 0.61015625 0.18515625 0.0015625 0.0015625
0 0.9953125 0.3953125 0.0015625 0.0015625
0 0.734375 0.303125 0.53125 0.271875
0 0.209375 0.678125 0.003125 0.003125
0 0.22578125 0.67421875 0.003125 0.0015625
0 0.2625 0.775 0.296875 0.2484375
0 0.34453125 0.5234375 0.1484375 0.16875
0 0.4703125 0.759375 0.103125 0.171875
0 0.7109375 0.440625 0.00625 0.003125
0 0.7109375 0.509375 0.0015625 0.0015625
0 0.83359375 0.578125 0.3328125 0.278125