0 0.25078125 0.45 0.2765625 0.21875
0 0.0296875 0.0390625 0.059375 0.078125
0 0.76796875 0.60625 0.003125 0.0015625
0 0.7609375 0.58671875 0.003125 0.0015625
0 0.76015625 0.61328125 0.00625 0.0046875
0 0.75859375 0.59296875 0.003125 0.0015625
0 0.75859375 0.5734375 0.003125 0.003125
0 0.740625 0.61171875 0.003125 0.003125
0 0.73671875 0.60234375 0.003125 0.003125
0 0.590625 0.53359375 0.403125 0.1703125
0 0.453125 0.19296875 0.128125 0.2046875
0 0.36171875 0.85390625 0.0546875 0.1765625
0 0.22578125 0.659375 0.1953125 0.08125
0 0.00078125 0.61953125 0.0015625 0.0015625
0 0.075 0.6828125 0.15 0.128125
0 0.659375 0.69921875 0.2625 0.1609375