0 0.146875 0.16875 0.29375 0.3375
0 0.40078125 0.303125 0.0015625 0.003125
0 0.478125 0.184375 0.15625 0.36875
0 0.478125 0.1078125 0.15625 0.215625
0 0.76171875 0.11015625 0.3390625 0.2203125
0 0.04765625 0.91171875 0.0953125 0.1765625
0 0.1828125 0.48671875 0.21875 0.1546875
0 0.075 0.53359375 0.15 0.2484375
0 0.02734375 0.44765625 0.0546875 0.0765625
0 0.8015625 0.4953125 0.0015625 0.003125
0 0.71796875 0.4734375 0.0046875 0.00625
0 0.45625 0.63203125 0.1125 0.4359375
0 0.77109375 0.525 0.4171875 0.23125