0 0.34921875 0.22890625 0.2796875 0.1203125
0 0.89453125 0.08125 0.2109375 0.1625
0 0.73203125 0.00078125 0.0015625 0.0015625
0 0.715625 0.00078125 0.003125 0.0015625
0 0.66796875 0.06015625 0.2140625 0.1203125
0 0.53671875 0.06015625 0.0953125 0.1203125
0 0.7984375 0.2453125 0.109375 0.0875
0 0.56171875 0.24140625 0.1453125 0.0953125
0 0.43671875 0.33828125 0.1046875 0.0984375
0 0.096875 0.490625 0.0015625 0.003125
0 0.096875 0.496875 0.0015625 0.003125
0 0.059375 0.5609375 0.11875 0.3625
0 0.06875 0.87421875 0.1375 0.2515625
0 0.665625 0.46875 0.1328125 0.178125
0 0.50625 0.75546875 0.034375 0.0890625
0 0.87265625 0.7890625 0.134375 0.25625
0 0.52265625 0.928125 0.0671875 0.14375