0 0.2703125 0.0734375 0.246875 0.146875
0 0.0765625 0.4265625 0.153125 0.165625
0 0.00078125 0.265625 0.0015625 0.003125
0 0.05234375 0.23203125 0.1046875 0.1609375
0 0.0671875 0.05859375 0.134375 0.1171875
0 0.0546875 0.23359375 0.109375 0.1859375
0 0.778125 0.49296875 0.0125 0.0078125
0 0.83515625 0.43125 0.3296875 0.15625
0 0.828125 0.134375 0.34375 0.26875
0 0.55859375 0.02890625 0.0015625 0.0015625
0 0.43125 0.33671875 0.003125 0.0046875
0 0.46640625 0.31171875 0.0734375 0.1171875
0 0.51640625 0.43046875 0.1734375 0.1578125
0 0.52421875 0.09765625 0.1890625 0.1953125
0 0.159375 0.93203125 0.0015625 0.0015625
0 0.3609375 0.57734375 0.1375 0.1359375
0 0.13984375 0.8765625 0.2796875 0.246875
0 0.00078125 0.675 0.0015625 0.003125
0 0.05234375 0.64140625 0.1046875 0.1609375
0 0.0671875 0.56796875 0.134375 0.1171875
0 0.0546875 0.64296875 0.109375 0.1859375
0 0.6671875 0.6046875 0.215625 0.190625