0 0.3921875 0.33984375 0.09375 0.2984375
0 0.2484375 0.146875 0.003125 0.003125
0 0.21171875 0.11875 0.146875 0.2328125
0 0.06640625 0.10078125 0.1328125 0.2015625
0 0.22265625 0.0421875 0.1609375 0.084375
0 0.740625 0.01015625 0.14375 0.0203125
0 0.0296875 0.65 0.059375 0.1375
0 0.28515625 0.51640625 0.1234375 0.0546875
0 0.828125 0.7859375 0.3203125 0.328125
0 0.50546875 0.86171875 0.1328125 0.2609375
0 0.89296875 0.56484375 0.2140625 0.1515625
0 0.65390625 0.54921875 0.1640625 0.1203125
0 0.5296875 0.590625 0.18125 0.203125