0 0.203125 0.2671875 0.171875 0.225
0 0.65546875 0.0625 0.0015625 0.003125
0 0.646875 0.06796875 0.0015625 0.003125
0 0.61640625 0.096875 0.003125 0.003125
0 0.61796875 0.10234375 0.0015625 0.003125
0 0.621875 0.11484375 0.0015625 0.003125
0 0.62265625 0.11953125 0.0015625 0.003125
0 0.62578125 0.128125 0.0015625 0.003125
0 0.6296875 0.14296875 0.0015625 0.003125
0 0.63359375 0.15234375 0.0015625 0.003125
0 0.6375 0.1671875 0.0015625 0.003125
0 0.64140625 0.17734375 0.003125 0.00625
0 0.6453125 0.18984375 0.003125 0.009375
0 0.64375 0.2 0.0015625 0.003125
0 0.66953125 0.25390625 0.0015625 0.003125
0 0.67265625 0.265625 0.0015625 0.003125
0 0.68046875 0.28984375 0.0015625 0.003125
0 0.684375 0.30078125 0.0015625 0.003125
0 0.72578125 0.20390625 0.2921875 0.3515625
0 0.0703125 0.953125 0.140625 0.09375
0 0.4984375 0.73984375 0.41875 0.5203125