0 0.07578125 0.090625 0.1515625 0.18125
0 0.38203125 0.1171875 0.4046875 0.234375
0 0.20625 0.23671875 0.1375 0.1515625
0 0.48046875 0.25 0.1625 0.2109375
0 0.63984375 0.19296875 0.0015625 0.0015625
0 0.71484375 0.26484375 0.1515625 0.1890625
0 0.7640625 0.1796875 0.25 0.359375
0 0.034375 0.42734375 0.06875 0.1359375
0 0.21640625 0.4015625 0.1296875 0.084375
0 0.4953125 0.55 0.0703125 0.0859375
0 0.06328125 0.66484375 0.1265625 0.2421875
0 0.4015625 0.740625 0.1015625 0.165625
0 0.79140625 0.5453125 0.1859375 0.2828125
0 0.72578125 0.8296875 0.1734375 0.28125
0 0.75234375 0.9328125 0.1046875 0.134375
0 0.6796875 0.96171875 0.08125 0.0765625