0 0.52421875 0.00078125 0.0015625 0.0015625
0 0.534375 0.00078125 0.003125 0.0015625
0 0.5359375 0.0015625 0.00625 0.003125
0 0.55390625 0.00078125 0.0015625 0.0015625
0 0.53828125 0.00078125 0.0046875 0.0015625
0 0.55625 0.00078125 0.003125 0.0015625
0 0.54140625 0.00078125 0.0015625 0.0015625
0 0.55390625 0.00234375 0.0078125 0.0046875
0 0.55390625 0.00078125 0.0015625 0.0015625
0 0.55859375 0.00078125 0.0015625 0.0015625
0 0.575 0.00078125 0.003125 0.0015625
0 0.42734375 0.115625 0.3046875 0.23125
0 0.80234375 0.01953125 0.0015625 0.003125
0 0.79921875 0.015625 0.0015625 0.003125
0 0.796875 0.01171875 0.0015625 0.003125
0 0.79375 0.00625 0.0015625 0.003125
0 0.79140625 0.003125 0.0015625 0.003125
0 0.79921875 0.00234375 0.0015625 0.003125
0 0.78828125 0.00078125 0.0015625 0.0015625
0 0.78515625 0.00078125 0.0015625 0.0015625
0 0.78203125 0.00078125 0.0015625 0.0015625
0 0.790625 0.00078125 0.003125 0.0015625
0 0.77734375 0.00078125 0.0015625 0.0015625
0 0.77421875 0.00078125 0.0015625 0.0015625
0 0.77265625 0.00078125 0.0015625 0.0015625
0 0.7921875 0.00234375 0.00625 0.0046875
0 0.7703125 0.00078125 0.003125 0.0015625
0 0.78203125 0.00078125 0.0015625 0.0015625
0 0.77734375 0.00078125 0.0015625 0.0015625
0 0.77734375 0.00078125 0.0015625 0.0015625
0 0.76484375 0.00078125 0.0015625 0.0015625
0 0.76328125 0.00078125 0.0015625 0.0015625
0 0.76015625 0.00078125 0.0015625 0.0015625
0 0.765625 0.00078125 0.003125 0.0015625
0 0.75703125 0.00078125 0.0015625 0.0015625
0 0.75546875 0.00078125 0.0015625 0.0015625
0 0.75234375 0.00078125 0.0015625 0.0015625
0 0.78984375 0.21953125 0.4203125 0.4390625
0 0.53125 0.5328125 0.0015625 0.003125
0 0.08046875 0.6875 0.1609375 0.415625
0 0.35859375 0.60078125 0.4421875 0.2421875
0 0.746875 0.890625 0.225 0.21875
0 0.69765625 0.53203125 0.2046875 0.1046875