0 0.06796875 0.18203125 0.1359375 0.3640625
0 0.94453125 0.24140625 0.003125 0.003125
0 0.7734375 0.190625 0.453125 0.38125
0 0.346875 0.96796875 0.0015625 0.003125
0 0.35546875 0.96328125 0.0015625 0.003125
0 0.3828125 0.93359375 0.003125 0.003125
0 0.38046875 0.92890625 0.0015625 0.003125
0 0.375 0.91640625 0.0015625 0.003125
0 0.37421875 0.9125 0.0015625 0.003125
0 0.3703125 0.90234375 0.0015625 0.003125
0 0.3640625 0.8875 0.0015625 0.003125
0 0.359375 0.87734375 0.0015625 0.003125
0 0.35390625 0.86171875 0.0015625 0.003125
0 0.34921875 0.8515625 0.003125 0.00625
0 0.34375 0.83828125 0.0046875 0.009375
0 0.34453125 0.82890625 0.0015625 0.003125
0 0.3125 0.77265625 0.0015625 0.003125
0 0.3078125 0.76171875 0.0015625 0.003125
0 0.296875 0.73515625 0.0015625 0.003125
0 0.2921875 0.725 0.0015625 0.003125
0 0.25078125 0.74296875 0.2703125 0.4890625
0 0.58984375 0.75703125 0.2421875 0.4859375