0 0.44140625 0.15 0.003125 0.0015625
0 0.40234375 0.19296875 0.140625 0.1078125
0 0.959375 0.109375 0.003125 0.0015625
0 0.90625 0.2921875 0.003125 0.0015625
0 0.90390625 0.1234375 0.003125 0.003125
0 0.8796875 0.28671875 0.009375 0.003125
0 0.8796875 0.13203125 0.00625 0.003125
0 0.86953125 0.28671875 0.003125 0.003125
0 0.85390625 0.15625 0.003125 0.003125
0 0.91171875 0.21015625 0.1671875 0.159375
0 0.834375 0.08515625 0.003125 0.0015625
0 0.81640625 0.20859375 0.003125 0.0015625
0 0.7125 0.10390625 0.003125 0.0015625
0 0.7109375 0.10078125 0.003125 0.0015625
0 0.70625 0.09921875 0.003125 0.0015625
0 0.68515625 0.38046875 0.1859375 0.1296875
0 0.6375 0.1359375 0.1953125 0.140625
0 0.46640625 0.9359375 0.003125 0.0015625
0 0.3 0.8609375 0.3625 0.278125
0 0.60859375 0.83828125 0.2390625 0.2234375