0 0.059375 0.40625 0.11875 0.20625
0 0.1625 0.13828125 0.134375 0.2765625
0 0.034375 0.05 0.06875 0.1
0 0.05078125 0.053125 0.1015625 0.10625
0 0.18046875 0.01796875 0.0984375 0.0359375
0 0.04765625 0.0484375 0.0953125 0.096875
0 0.4671875 0.16640625 0.31875 0.3328125
0 0.78359375 0.1109375 0.3296875 0.221875
0 0.45859375 0.0609375 0.2046875 0.121875
0 0.0859375 0.8203125 0.171875 0.353125
0 0.12265625 0.64296875 0.2140625 0.2671875
0 0.05234375 0.615625 0.1046875 0.2125
0 0.04296875 0.57421875 0.0859375 0.1296875
0 0.09921875 0.5875 0.1984375 0.15625
0 0.66953125 0.8 0.3265625 0.4