0 0.85859375 0.18203125 0.003125 0.003125
0 0.8734375 0.19453125 0.0015625 0.003125
0 0.88671875 0.19765625 0.003125 0.003125
0 0.82265625 0.19453125 0.0015625 0.003125
0 0.85078125 0.20078125 0.0046875 0.003125
0 0.8046875 0.2015625 0.0015625 0.003125
0 0.8578125 0.209375 0.0015625 0.003125
0 0.83046875 0.20390625 0.0046875 0.00625
0 0.81015625 0.20390625 0.0015625 0.003125
0 0.84375 0.20859375 0.003125 0.003125
0 0.79140625 0.203125 0.003125 0.003125
0 0.84375 0.21328125 0.0015625 0.003125
0 0.85859375 0.2171875 0.0015625 0.003125
0 0.8421875 0.21953125 0.0015625 0.003125
0 0.85703125 0.22578125 0.0015625 0.003125
0 0.83203125 0.22265625 0.003125 0.003125
0 0.8484375 0.2203125 0.0171875 0.015625
0 0.82265625 0.22578125 0.003125 0.003125
0 0.85859375 0.34921875 0.2828125 0.3390625
0 0.37578125 0.57578125 0.2265625 0.1140625
0 0.08046875 0.6015625 0.1609375 0.165625
0 0.00078125 0.8296875 0.0015625 0.003125
0 0.0296875 0.86796875 0.059375 0.2234375
0 0.32265625 0.95 0.2109375 0.1
0 0.925 0.70078125 0.15 0.3640625
0 0.63203125 0.8765625 0.2265625 0.246875