0 0.05234375 0.32265625 0.1046875 0.1140625
0 0.221875 0.1671875 0.19375 0.2234375
0 0.04453125 0.05 0.0890625 0.1
0 0.0015625 0.00078125 0.003125 0.0015625
0 0.06953125 0.0625 0.1390625 0.125
0 0.78515625 0.10703125 0.3453125 0.2140625
0 0.47890625 0.38046875 0.0015625 0.0015625
0 0.06953125 0.45546875 0.1390625 0.1515625
0 0.18359375 0.6015625 0.3671875 0.44375
0 0.49609375 0.4140625 0.1078125 0.06875
0 0.60078125 0.94609375 0.0015625 0.003125
0 0.6046875 0.9375 0.0015625 0.003125
0 0.7328125 0.49296875 0.365625 0.2265625