0 0.625 0.23359375 0.003125 0.003125
0 0.64140625 0.24375 0.0015625 0.003125
0 0.5890625 0.25 0.0015625 0.003125
0 0.61796875 0.253125 0.0046875 0.003125
0 0.57109375 0.259375 0.0015625 0.003125
0 0.6265625 0.2609375 0.0015625 0.003125
0 0.59765625 0.25859375 0.0046875 0.00625
0 0.57734375 0.26171875 0.0015625 0.003125
0 0.61171875 0.26171875 0.003125 0.003125
0 0.55703125 0.2625 0.003125 0.003125
0 0.61171875 0.2671875 0.0015625 0.003125
0 0.62734375 0.26953125 0.0015625 0.003125
0 0.61015625 0.2734375 0.0015625 0.003125
0 0.6265625 0.278125 0.0015625 0.003125
0 0.6 0.278125 0.003125 0.003125
0 0.61640625 0.2734375 0.01875 0.015625
0 0.590625 0.28203125 0.003125 0.003125
0 0.5640625 0.46171875 0.171875 0.4359375
0 0.8875 0.07265625 0.225 0.1453125
0 0.91875 0.4171875 0.1625 0.525
0 0.70703125 0.48984375 0.1140625 0.3796875
0 0.284375 0.85078125 0.3625 0.2484375