0 0.359375 0.278125 0.38125 0.38125
0 0.26328125 0.059375 0.4609375 0.11875
0 0.09375 0.23046875 0.1875 0.4609375
0 0.8765625 0.159375 0.246875 0.31875
0 0.64765625 0.08828125 0.1953125 0.1765625
0 0.6078125 0.14765625 0.115625 0.2953125
0 0.8796875 0.01171875 0.196875 0.0234375
0 0.59375 0.01171875 0.0875 0.0234375
0 0.60390625 0.05 0.1078125 0.1
0 0.40859375 0.675 0.2828125 0.4125
0 0.07734375 0.62734375 0.1546875 0.3171875
0 0.81953125 0.81875 0.3609375 0.3625
0 0.83984375 0.54140625 0.3203125 0.1453125
0 0.64140625 0.6671875 0.1828125 0.396875