0 0.15625 0.47578125 0.3125 0.3171875
0 0.45078125 0.2359375 0.0015625 0.003125
0 0.57890625 0.33828125 0.003125 0.003125
0 0.45078125 0.29296875 0.0015625 0.0046875
0 0.5640625 0.3625 0.00625 0.0078125
0 0.45078125 0.3171875 0.0015625 0.00625
0 0.559375 0.37265625 0.0046875 0.0046875
0 0.45078125 0.34921875 0.0015625 0.0046875
0 0.53203125 0.30859375 0.1640625 0.2140625
0 0.45078125 0.35 0.0015625 0.003125
0 0.465625 0.4015625 0.003125 0.003125
0 0.45078125 0.4703125 0.0015625 0.003125
0 0.45078125 0.4703125 0.0015625 0.003125
0 0.45078125 0.47421875 0.0015625 0.0046875
0 0.56953125 0.55703125 0.1953125 0.1859375
0 0.5015625 0.5421875 0.103125 0.215625
0 0.36328125 0.73828125 0.003125 0.003125
0 0.3796875 0.7859375 0.140625 0.171875