0 0.3875 0.45078125 0.003125 0.003125
0 0.38203125 0.44375 0.003125 0.003125
0 0.35 0.421875 0.0046875 0.0046875
0 0.3453125 0.425 0.003125 0.003125
0 0.33359375 0.43203125 0.003125 0.003125
0 0.33046875 0.43359375 0.003125 0.003125
0 0.32109375 0.43984375 0.003125 0.003125
0 0.3078125 0.446875 0.003125 0.003125
0 0.2984375 0.453125 0.003125 0.003125
0 0.28515625 0.4609375 0.003125 0.003125
0 0.275 0.4671875 0.00625 0.003125
0 0.2640625 0.47421875 0.0078125 0.0046875
0 0.2546875 0.475 0.003125 0.003125
0 0.2046875 0.515625 0.003125 0.003125
0 0.1953125 0.521875 0.003125 0.003125
0 0.17109375 0.5359375 0.003125 0.003125
0 0.16171875 0.5421875 0.003125 0.003125
0 0.2171875 0.57890625 0.434375 0.3328125
0 0.76953125 0.57265625 0.003125 0.003125
0 0.7453125 0.5734375 0.003125 0.003125
0 0.8 0.61015625 0.4 0.2796875
0 0.4046875 0.75078125 0.003125 0.0015625
0 0.40625 0.75078125 0.003125 0.0015625
0 0.4078125 0.75078125 0.003125 0.0015625
0 0.259375 0.86953125 0.409375 0.2390625