0 0.23125 0.14296875 0.0015625 0.003125
0 0.2453125 0.2671875 0.3015625 0.3765625
0 0.0859375 0.5578125 0.171875 0.221875
0 0.34140625 0.61171875 0.3078125 0.1140625
0 0.00078125 0.66953125 0.0015625 0.0015625
0 0.34140625 0.66953125 0.0015625 0.0015625
0 0.34140625 0.66953125 0.0015625 0.0015625
0 0.34609375 0.66953125 0.0046875 0.0015625
0 0.40859375 0.74375 0.2203125 0.15
0 0.09375 0.78359375 0.1875 0.2296875
0 0.17578125 0.84296875 0.2046875 0.3140625
0 0.70859375 0.85703125 0.3609375 0.2859375