0 0.16171875 0.3609375 0.3234375 0.303125
0 0.70078125 0.290625 0.003125 0.003125
0 0.6078125 0.45703125 0.003125 0.003125
0 0.64453125 0.29296875 0.003125 0.003125
0 0.5828125 0.44609375 0.0078125 0.0046875
0 0.61953125 0.296875 0.00625 0.0046875
0 0.5734375 0.44375 0.003125 0.003125
0 0.58828125 0.31484375 0.003125 0.003125
0 0.64140625 0.37890625 0.1828125 0.2015625
0 0.58515625 0.24140625 0.003125 0.003125
0 0.55078125 0.35625 0.0015625 0.003125
0 0.55078125 0.23125 0.0015625 0.003125
0 0.55078125 0.228125 0.0015625 0.003125
0 0.55078125 0.2265625 0.0015625 0.003125
0 0.603125 0.47265625 0.10625 0.1328125
0 0.60625 0.24765625 0.1125 0.1921875
0 0.7 0.83125 0.3 0.3375