0 0.10234375 0.00078125 0.0046875 0.0015625
0 0.2109375 0.00078125 0.00625 0.0015625
0 0.1828125 0.20703125 0.334375 0.4140625
0 0.6390625 0.4546875 0.003125 0.003125
0 0.64375 0.4453125 0.003125 0.003125
0 0.67421875 0.41640625 0.0046875 0.0046875
0 0.68046875 0.41875 0.003125 0.003125
0 0.69296875 0.42421875 0.003125 0.003125
0 0.696875 0.42421875 0.003125 0.003125
0 0.70703125 0.42890625 0.003125 0.003125
0 0.72109375 0.434375 0.003125 0.003125
0 0.7328125 0.43828125 0.003125 0.003125
0 0.746875 0.44453125 0.003125 0.003125
0 0.7578125 0.4484375 0.00625 0.003125
0 0.7703125 0.453125 0.009375 0.0046875
0 0.78046875 0.4515625 0.003125 0.003125
0 0.8375 0.4828125 0.003125 0.003125
0 0.8484375 0.48671875 0.003125 0.003125
0 0.875 0.496875 0.003125 0.003125
0 0.8859375 0.50078125 0.003125 0.003125
0 0.80625 0.4578125 0.3875 0.1625
0 0.175 0.9 0.35 0.2