0 0.12421875 0.2234375 0.2484375 0.4125
0 0.47734375 0.29140625 0.0953125 0.2140625
0 0.946875 0.21875 0.10625 0.159375
0 0.17265625 0.809375 0.0015625 0.003125
0 0.3515625 0.796875 0.0015625 0.003125
0 0.19140625 0.7609375 0.003125 0.003125
0 0.34921875 0.77109375 0.0046875 0.0078125
0 0.20234375 0.73984375 0.003125 0.00625
0 0.35 0.76171875 0.003125 0.003125
0 0.2265625 0.71953125 0.003125 0.003125
0 0.27421875 0.78671875 0.171875 0.18125
0 0.16171875 0.6875 0.0015625 0.003125
0 0.28046875 0.696875 0.0015625 0.003125
0 0.190625 0.5765625 0.0015625 0.003125
0 0.1875 0.575 0.0015625 0.003125
0 0.1859375 0.5703125 0.0015625 0.003125
0 0.40625 0.60703125 0.046875 0.1953125
0 0.22734375 0.53671875 0.1578125 0.1546875
0 0.47578125 0.496875 0.0921875 0.075