0 0.0375 0.4234375 0.075 0.228125
0 0.70859375 0.08046875 0.4390625 0.1609375
0 0.69921875 0.34296875 0.4203125 0.4921875
0 0.11796875 0.69140625 0.2359375 0.2046875
0 0.375 0.86953125 0.228125 0.2609375
0 0.9 0.6359375 0.003125 0.003125
0 0.8953125 0.64140625 0.0015625 0.0015625
0 0.86640625 0.7140625 0.2671875 0.25
0 0.91484375 0.9859375 0.003125 0.003125
0 0.91796875 0.9921875 0.00625 0.0046875
0 0.92421875 0.99765625 0.0046875 0.003125
0 0.91796875 0.896875 0.1640625 0.20625
0 0.60703125 0.77109375 0.2359375 0.3640625