0 0.12265625 0.40703125 0.2453125 0.0859375
0 0.65859375 0.08046875 0.003125 0.003125
0 0.6390625 0.25625 0.33125 0.3875
0 0.1953125 0.73125 0.209375 0.5375
0 0.68828125 0.77578125 0.003125 0.003125
0 0.8546875 0.8875 0.003125 0.003125
0 0.6875 0.834375 0.003125 0.003125
0 0.8421875 0.91328125 0.00625 0.009375
0 0.68828125 0.8609375 0.0046875 0.00625
0 0.83984375 0.921875 0.003125 0.003125
0 0.70546875 0.8953125 0.003125 0.003125
0 0.77578125 0.85546875 0.203125 0.2203125
0 0.62890625 0.88984375 0.003125 0.003125
0 0.746875 0.9484375 0.003125 0.003125