0 0.35703125 0.02890625 0.0015625 0.0015625
0 0.35234375 0.04453125 0.0015625 0.0015625
0 0.4125 0.090625 0.228125 0.18125
0 0.4375 0.396875 0.2265625 0.18125
0 0.10078125 0.04453125 0.2015625 0.0890625
0 0.05390625 0.03046875 0.1078125 0.0609375
0 0.0796875 0.234375 0.159375 0.159375
0 0.95390625 0.2671875 0.0921875 0.15
0 0.6234375 0.365625 0.003125 0.003125
0 0.70625 0.37578125 0.2703125 0.2375
0 0.35703125 0.60234375 0.0015625 0.003125
0 0.34609375 0.590625 0.0015625 0.0015625
0 0.3421875 0.578125 0.0015625 0.003125
0 0.3484375 0.63671875 0.0015625 0.0015625
0 0.340625 0.6109375 0.003125 0.003125
0 0.34296875 0.65390625 0.0015625 0.0015625
0 0.33359375 0.6046875 0.0015625 0.0015625
0 0.3390625 0.6296875 0.00625 0.003125
0 0.33984375 0.64765625 0.0015625 0.0015625
0 0.33515625 0.61796875 0.003125 0.003125
0 0.3421875 0.665625 0.003125 0.003125
0 0.33046875 0.61953125 0.0015625 0.0015625
0 0.32578125 0.60625 0.0015625 0.0015625
0 0.325 0.621875 0.0015625 0.0015625
0 0.31875 0.6078125 0.0015625 0.0015625
0 0.3234375 0.63046875 0.0015625 0.003125
0 0.32421875 0.61640625 0.0140625 0.0171875
0 0.3203125 0.6390625 0.0015625 0.003125
0 0.18359375 0.6484375 0.3671875 0.259375
0 0.06640625 0.946875 0.1328125 0.10625
0 0.96796875 0.7484375 0.0640625 0.15
0 0.6515625 0.846875 0.003125 0.003125
0 0.734375 0.85703125 0.2703125 0.2375