0 0.1375 0.1359375 0.275 0.271875
0 0.78359375 0.06953125 0.4328125 0.1390625
0 0.64453125 0.3234375 0.3703125 0.3625
0 0.52265625 0.08203125 0.1265625 0.1640625
0 0.00078125 0.871875 0.0015625 0.003125
0 0.00078125 0.871875 0.0015625 0.003125
0 0.00078125 0.871875 0.0015625 0.003125
0 0.00078125 0.8734375 0.0015625 0.003125
0 0.00078125 0.8734375 0.0015625 0.003125
0 0.00078125 0.8796875 0.0015625 0.003125
0 0.00078125 0.8734375 0.0015625 0.003125
0 0.00078125 0.8734375 0.0015625 0.003125
0 0.00078125 0.8734375 0.0015625 0.003125
0 0.00078125 0.884375 0.0015625 0.003125
0 0.00078125 0.875 0.0015625 0.003125
0 0.00078125 0.875 0.0015625 0.003125
0 0.00078125 0.875 0.0015625 0.003125
0 0.00234375 0.89296875 0.0046875 0.0078125
0 0.00078125 0.875 0.0015625 0.003125
0 0.00078125 0.9078125 0.0015625 0.003125
0 0.00078125 0.9078125 0.0015625 0.003125
0 0.00078125 0.9109375 0.0015625 0.003125
0 0.00078125 0.909375 0.0015625 0.003125
0 0.00078125 0.909375 0.0015625 0.003125
0 0.00078125 0.909375 0.0015625 0.003125
0 0.00078125 0.91328125 0.0015625 0.0046875
0 0.00078125 0.909375 0.0015625 0.003125
0 0.00078125 0.909375 0.0015625 0.003125
0 0.00078125 0.909375 0.0015625 0.003125
0 0.15546875 0.76953125 0.3109375 0.4609375