0 0.38203125 0.27109375 0.2140625 0.2890625
0 0.0796875 0.27265625 0.159375 0.3609375
0 0.765625 0.46796875 0.0015625 0.003125
0 0.80078125 0.425 0.1203125 0.1484375
0 0.3328125 0.7015625 0.0015625 0.003125
0 0.334375 0.6921875 0.0015625 0.003125
0 0.33671875 0.6875 0.0015625 0.003125
0 0.3265625 0.62734375 0.0015625 0.003125
0 0.25390625 0.6640625 0.1859375 0.190625
0 0.04453125 0.62265625 0.0890625 0.1078125
0 0.3125 0.5984375 0.13125 0.059375
0 0.5671875 0.68203125 0.15625 0.2265625
0 0.75703125 0.6296875 0.1859375 0.121875