0 0.475 0.00078125 0.003125 0.0015625
0 0.46640625 0.003125 0.0015625 0.0015625
0 0.45390625 0.01015625 0.003125 0.003125
0 0.4453125 0.01640625 0.00625 0.003125
0 0.434375 0.021875 0.0078125 0.0046875
0 0.42578125 0.0234375 0.0015625 0.0015625
0 0.38125 0.06015625 0.0015625 0.0015625
0 0.37265625 0.065625 0.003125 0.003125
0 0.3515625 0.07734375 0.003125 0.003125
0 0.3421875 0.08359375 0.0015625 0.0015625
0 0.31171875 0.134375 0.3546875 0.26875
0 0.75078125 0.115625 0.3734375 0.23125
0 0.346875 0.75078125 0.00625 0.0046875
0 0.29453125 0.8734375 0.0140625 0.0140625
0 0.21015625 0.84765625 0.4203125 0.3046875
0 0.66875 0.5890625 0.359375 0.440625