0 0.0015625 0.209375 0.003125 0.009375
0 0.00078125 0.20234375 0.0015625 0.0046875
0 0.0015625 0.19921875 0.003125 0.0046875
0 0.00390625 0.17421875 0.0078125 0.0109375
0 0.00234375 0.159375 0.0046875 0.00625
0 0.00078125 0.1484375 0.0015625 0.003125
0 0.00078125 0.15625 0.0015625 0.003125
0 0.01328125 0.14453125 0.00625 0.0046875
0 0.025 0.13203125 0.003125 0.003125
0 0.03828125 0.1453125 0.0125 0.0078125
0 0.2515625 0.20078125 0.503125 0.4015625
0 0.47109375 0.0484375 0.1765625 0.096875
0 0.56015625 0.003125 0.0015625 0.003125
0 0.7796875 0.1328125 0.440625 0.265625
0 0.00078125 0.7140625 0.0015625 0.003125
0 0.00078125 0.6265625 0.0015625 0.003125
0 0.00078125 0.7359375 0.0015625 0.003125
0 0.00078125 0.584375 0.0015625 0.00625
0 0.00078125 0.834375 0.0015625 0.003125
0 0.00078125 0.7625 0.0015625 0.003125
0 0.00078125 0.76875 0.0015625 0.003125
0 0.00078125 0.7734375 0.0015625 0.003125
0 0.1453125 0.721875 0.290625 0.325
0 0.409375 0.65234375 0.3 0.1859375