0 0.0515625 0.075 0.0015625 0.003125
0 0.06015625 0.0625 0.0015625 0.0015625
0 0.0625 0.05 0.0015625 0.003125
0 0.06640625 0.10703125 0.0015625 0.0015625
0 0.06875 0.08203125 0.003125 0.003125
0 0.075 0.12421875 0.0015625 0.0015625
0 0.07578125 0.075 0.0015625 0.0015625
0 0.07421875 0.1 0.00625 0.003125
0 0.07578125 0.11796875 0.0015625 0.0015625
0 0.07578125 0.08828125 0.003125 0.003125
0 0.07734375 0.1359375 0.003125 0.003125
0 0.08125 0.08828125 0.0015625 0.0015625
0 0.08359375 0.07421875 0.0015625 0.0015625
0 0.08671875 0.08984375 0.0015625 0.0015625
0 0.090625 0.075 0.0015625 0.0015625
0 0.090625 0.09765625 0.0015625 0.003125
0 0.0859375 0.084375 0.0140625 0.015625
0 0.09453125 0.10546875 0.0015625 0.003125
0 0.2578125 0.10078125 0.415625 0.2015625
0 0.53515625 0.37421875 0.1078125 0.1765625
0 0.90234375 0.13203125 0.1953125 0.1328125
0 0.13984375 0.73203125 0.2796875 0.3265625
0 0.334375 0.61796875 0.209375 0.0984375
0 0.4109375 0.88203125 0.253125 0.2359375
0 0.85234375 0.63828125 0.2953125 0.1390625