0 0.525 0.36171875 0.16875 0.1140625
0 0.7640625 0.18203125 0.309375 0.3640625
0 0.509375 0.81171875 0.015625 0.028125
0 0.51796875 0.825 0.003125 0.003125
0 0.51484375 0.83203125 0.003125 0.003125
0 0.5203125 0.83671875 0.003125 0.003125
0 0.528125 0.86171875 0.003125 0.003125
0 0.33125 0.84296875 0.55625 0.3140625
0 0.615625 0.4203125 0.0125 0.003125
0 0.6140625 0.42109375 0.009375 0.0046875
0 0.6375 0.428125 0.05625 0.01875
0 0.62890625 0.52421875 0.0390625 0.0796875
0 0.61015625 0.93203125 0.0015625 0.0046875
0 0.61015625 0.9375 0.0015625 0.003125
0 0.72734375 0.8265625 0.2359375 0.346875
0 0.83359375 0.746875 0.3328125 0.50625