0 0.746875 0.99921875 0.0015625 0.0015625
0 0.709375 0.99921875 0.0046875 0.0015625
0 0.67265625 0.99921875 0.0015625 0.0015625
0 0.66015625 0.99921875 0.0015625 0.0015625
0 0.25390625 0.99921875 0.003125 0.0015625
0 0.23828125 0.99921875 0.0015625 0.0015625
0 0.22421875 0.99921875 0.0015625 0.0015625
0 0.728125 0.996875 0.0015625 0.0015625
0 0.66796875 0.996875 0.003125 0.0015625
0 0.6171875 0.99765625 0.003125 0.0046875
0 0.540625 0.99765625 0.003125 0.0046875
0 0.44609375 0.99765625 0.0015625 0.0046875
0 0.4265625 0.99765625 0.003125 0.0046875
0 0.2453125 0.996875 0.0015625 0.0015625
0 0.21015625 0.996875 0.0015625 0.0015625
0 0.796875 0.996875 0.003125 0.00625
0 0.7453125 0.9953125 0.0015625 0.0015625
0 0.721875 0.9953125 0.0015625 0.0015625
0 0.7078125 0.9953125 0.0015625 0.0015625
0 0.671875 0.9953125 0.0015625 0.0015625
0 0.44375 0.9953125 0.0015625 0.0015625
0 0.43359375 0.9953125 0.003125 0.0015625
0 0.4296875 0.9953125 0.0015625 0.0015625
0 0.25078125 0.9953125 0.0015625 0.0015625
0 0.234375 0.9953125 0.0015625 0.0015625
0 0.73671875 0.99453125 0.0015625 0.0046875
0 0.69921875 0.99453125 0.0015625 0.0046875
0 0.60234375 0.99453125 0.0015625 0.0046875
0 0.53203125 0.99609375 0.0078125 0.0078125
0 0.22734375 0.99453125 0.0046875 0.0046875
0 0.215625 0.99453125 0.003125 0.0046875
0 0.71171875 0.99140625 0.0015625 0.0015625
0 0.6859375 0.9953125 0.021875 0.009375
0 0.67265625 0.99140625 0.0015625 0.0015625
0 0.4234375 0.99140625 0.003125 0.0015625
0 0.234375 0.99140625 0.0015625 0.0015625
0 0.81640625 0.99453125 0.034375 0.0109375
0 0.715625 0.98984375 0.0015625 0.0015625
0 0.65078125 0.99453125 0.034375 0.0109375
0 0.43828125 0.990625 0.0046875 0.0046875
0 0.24921875 0.98984375 0.0015625 0.0015625
0 0.68984375 0.98828125 0.0015625 0.0015625
0 0.684375 0.98828125 0.003125 0.0015625
0 0.7015625 0.98671875 0.003125 0.0046875
0 0.6953125 0.9859375 0.0015625 0.0015625
0 0.67890625 0.98671875 0.003125 0.0046875
0 0.67421875 0.98828125 0.0046875 0.00625
0 0.5703125 0.9921875 0.053125 0.015625
0 0.71875 0.984375 0.0015625 0.0015625
0 0.565625 0.984375 0.0015625 0.0015625
0 0.42734375 0.984375 0.0015625 0.0015625
0 0.50234375 0.58984375 0.0015625 0.0015625
0 0.54140625 0.55625 0.090625 0.125