0 0.35234375 0.37890625 0.2671875 0.2203125
0 0.6296875 0.21015625 0.259375 0.4203125
0 0.18828125 0.73984375 0.0015625 0.0015625
0 0.184375 0.73828125 0.003125 0.003125
0 0.1671875 0.740625 0.0015625 0.0015625
0 0.1390625 0.85 0.278125 0.3
0 0.50078125 0.48984375 0.0015625 0.0015625
0 0.7515625 0.56015625 0.284375 0.1421875
0 0.58125 0.584375 0.1625 0.190625
0 0.82109375 0.7828125 0.0015625 0.0015625
0 0.50078125 0.69453125 0.0015625 0.0046875
0 0.50078125 0.7125 0.0015625 0.003125
0 0.59375 0.82421875 0.1875 0.3515625
0 0.8125 0.8609375 0.375 0.278125