0 0.44765625 0.15546875 0.0015625 0.003125
0 0.38046875 0.275 0.2453125 0.55
0 0.81015625 0.3734375 0.0015625 0.003125
0 0.81015625 0.309375 0.0015625 0.003125
0 0.9046875 0.2171875 0.190625 0.434375
0 0.51484375 0.86015625 0.0015625 0.003125
0 0.50546875 0.859375 0.0015625 0.003125
0 0.47265625 0.84375 0.003125 0.003125
0 0.47265625 0.8390625 0.0015625 0.003125
0 0.47265625 0.82578125 0.0015625 0.003125
0 0.471875 0.821875 0.0015625 0.003125
0 0.471875 0.8125 0.0015625 0.003125
0 0.471875 0.79765625 0.0015625 0.003125
0 0.471875 0.78671875 0.0015625 0.003125
0 0.471875 0.771875 0.0015625 0.003125
0 0.47265625 0.76015625 0.0015625 0.00625
0 0.471875 0.74765625 0.0015625 0.0078125
0 0.46796875 0.73984375 0.0015625 0.003125
0 0.47578125 0.67890625 0.0015625 0.003125
0 0.47578125 0.66796875 0.0015625 0.003125
0 0.47578125 0.6421875 0.0015625 0.003125
0 0.4765625 0.63203125 0.0015625 0.003125
0 0.51796875 0.7046875 0.1890625 0.309375
0 0.89296875 0.775 0.1671875 0.45