0 0.31953125 0.52890625 0.0015625 0.003125
0 0.3328125 0.54140625 0.0015625 0.0015625
0 0.3390625 0.55390625 0.0015625 0.003125
0 0.3234375 0.49296875 0.0015625 0.0015625
0 0.33359375 0.5171875 0.0046875 0.0046875
0 0.32578125 0.4734375 0.0015625 0.0015625
0 0.34296875 0.52421875 0.0015625 0.0015625
0 0.33359375 0.4984375 0.0078125 0.00625
0 0.32890625 0.47890625 0.0015625 0.0015625
0 0.3390625 0.51015625 0.003125 0.003125
0 0.3234375 0.4609375 0.003125 0.003125
0 0.34453125 0.50859375 0.0015625 0.0015625
0 0.35078125 0.5234375 0.0015625 0.0015625
0 0.34921875 0.50625 0.0015625 0.0015625
0 0.35703125 0.5203125 0.0015625 0.0015625
0 0.34921875 0.49609375 0.0015625 0.003125
0 0.35078125 0.5125 0.01875 0.0203125
0 0.35078125 0.48671875 0.0015625 0.003125
0 0.34921875 0.4796875 0.1390625 0.359375
0 0.5453125 0.5671875 0.178125 0.1546875
0 0.775 0.61953125 0.228125 0.0796875
0 0.8984375 0.3703125 0.203125 0.18125
0 0.284375 0.8703125 0.26875 0.259375
0 0.784375 0.68515625 0.0015625 0.0015625
0 0.78984375 0.68359375 0.0015625 0.0015625
0 0.815625 0.72421875 0.36875 0.1296875