0 0.08984375 0.2453125 0.134375 0.165625
0 0.17421875 0.07578125 0.2546875 0.1515625
0 0.0453125 0.05546875 0.090625 0.1109375
0 0.85234375 0.57421875 0.0015625 0.003125
0 0.8296875 0.571875 0.009375 0.0046875
0 0.84453125 0.56953125 0.009375 0.0046875
0 0.81953125 0.47578125 0.2828125 0.4078125
0 0.79921875 0.059375 0.2546875 0.11875
0 0.16875 0.80390625 0.2421875 0.2046875
0 0.9109375 0.70859375 0.0015625 0.003125
0 0.84609375 0.68046875 0.0015625 0.0015625
0 0.76015625 0.83984375 0.4796875 0.3203125