0 0.04375 0.0640625 0.0015625 0.0015625
0 0.0875 0.0421875 0.175 0.084375
0 0.68203125 0.446875 0.5234375 0.14375
0 0.04765625 0.67265625 0.0015625 0.0015625
0 0.0578125 0.7515625 0.0015625 0.0015625
0 0.1 0.62578125 0.0015625 0.0015625
0 0.10859375 0.765625 0.0015625 0.003125
0 0.1453125 0.57890625 0.003125 0.0015625
0 0.16328125 0.5625 0.0015625 0.0015625
0 0.1671875 0.55625 0.0015625 0.0015625
0 0.09296875 0.55859375 0.1859375 0.0796875
0 0.1921875 0.6453125 0.353125 0.253125
0 0.3921875 0.56015625 0.0015625 0.0015625
0 0.4328125 0.59609375 0.128125 0.1078125