0 0.55390625 0.3921875 0.2078125 0.215625
0 0.00078125 0.77578125 0.0015625 0.0046875
0 0.0015625 0.7828125 0.003125 0.00625
0 0.00078125 0.790625 0.0015625 0.003125
0 0.00078125 0.7953125 0.0015625 0.003125
0 0.0015625 0.84140625 0.003125 0.0109375
0 0.00703125 0.9703125 0.0140625 0.05
0 0.12109375 0.7890625 0.2421875 0.421875
0 0.7890625 0.50078125 0.003125 0.0015625
0 0.78671875 0.50078125 0.0015625 0.0015625
0 0.74609375 0.50078125 0.0046875 0.0015625
0 0.8421875 0.58984375 0.315625 0.1796875
0 0.540625 0.68671875 0.18125 0.3734375
0 0.93125 0.94453125 0.1375 0.1109375