0 0.06640625 0.28984375 0.1328125 0.2578125
0 0.1765625 0.09375 0.353125 0.1875
0 0.296875 0.45 0.2546875 0.2765625
0 0.4859375 0.1765625 0.10625 0.29375
0 0.55546875 0.08359375 0.0015625 0.0015625
0 0.61328125 0.38984375 0.1484375 0.2515625
0 0.6921875 0.15 0.30625 0.3
0 0.6890625 0.51953125 0.175 0.14375
0 0.78359375 0.4046875 0.196875 0.2
0 0.98046875 0.2859375 0.0390625 0.109375
0 0.875 0.60703125 0.25 0.1046875
0 0.0609375 0.709375 0.121875 0.1
0 0.015625 0.78359375 0.0015625 0.0015625
0 0.02109375 0.78515625 0.0015625 0.0015625
0 0.11015625 0.86640625 0.2203125 0.2671875
0 0.50703125 0.8421875 0.0640625 0.23125