0 0.20546875 0.2421875 0.0015625 0.0046875
0 0.2078125 0.23671875 0.0015625 0.003125
0 0.21015625 0.2328125 0.0015625 0.003125
0 0.2125 0.2265625 0.0015625 0.003125
0 0.2140625 0.22265625 0.0015625 0.003125
0 0.20625 0.22265625 0.0015625 0.0046875
0 0.2171875 0.21875 0.0015625 0.003125
0 0.2203125 0.2125 0.0015625 0.003125
0 0.22265625 0.2078125 0.0015625 0.003125
0 0.21328125 0.20078125 0.0015625 0.003125
0 0.2265625 0.19765625 0.0015625 0.003125
0 0.22890625 0.19375 0.0015625 0.003125
0 0.23125 0.1875 0.0015625 0.003125
0 0.21015625 0.18671875 0.00625 0.0109375
0 0.23359375 0.18359375 0.0015625 0.003125
0 0.21640625 0.14375 0.0015625 0.003125
0 0.2203125 0.1359375 0.0015625 0.003125
0 0.21875 0.13203125 0.0015625 0.003125
0 0.23125 0.1140625 0.0015625 0.003125
0 0.23359375 0.109375 0.0015625 0.003125
0 0.2359375 0.10546875 0.0015625 0.003125
0 0.2296875 0.10546875 0.003125 0.0046875
0 0.2375 0.10078125 0.0015625 0.003125
0 0.23984375 0.09765625 0.0015625 0.003125
0 0.2421875 0.09296875 0.0015625 0.003125
0 0.1796875 0.3046875 0.359375 0.609375
0 0.8265625 0.7515625 0.3 0.284375
0 0.675 0.67421875 0.30625 0.1296875