0 0.59609375 0.4375 0.0859375 0.125
0 0.415625 0.07890625 0.2 0.1578125
0 0.27421875 0.00078125 0.0046875 0.0015625
0 0.26875 0.0796875 0.3125 0.159375
0 0.80078125 0.00078125 0.0046875 0.0015625
0 0.7453125 0.08125 0.2125 0.1625
0 0.10390625 0.5171875 0.1421875 0.034375
0 0.96484375 0.74921875 0.0703125 0.4015625
0 0.83359375 0.50078125 0.0015625 0.0015625
0 0.81484375 0.50078125 0.0015625 0.0015625
0 0.7765625 0.56796875 0.265625 0.1359375
0 0.7 0.59140625 0.121875 0.1828125
0 0.8328125 0.5328125 0.1375 0.065625
0 0.6890625 0.5484375 0.1 0.096875