0 0.02109375 0.3375 0.0015625 0.003125
0 0.02109375 0.31015625 0.0015625 0.003125
0 0.01796875 0.29453125 0.0046875 0.003125
0 0.19921875 0.18828125 0.3953125 0.3765625
0 0.75078125 0.184375 0.0015625 0.003125
0 0.75078125 0.184375 0.0015625 0.003125
0 0.94765625 0.13828125 0.0015625 0.003125
0 0.9609375 0.11484375 0.0015625 0.003125
0 0.86328125 0.09453125 0.2265625 0.1890625
0 0.42265625 0.67578125 0.0015625 0.003125
0 0.4296875 0.809375 0.44375 0.38125
0 0.10390625 0.62421875 0.2078125 0.0109375
0 0.77890625 0.80859375 0.0578125 0.1421875