0 0.33203125 0.5453125 0.0015625 0.003125
0 0.3078125 0.1265625 0.246875 0.234375
0 0.2109375 0.4625 0.346875 0.175
0 0.00078125 0.42890625 0.0015625 0.0015625
0 0.00078125 0.44296875 0.0015625 0.0015625
0 0.0796875 0.38828125 0.159375 0.3109375
0 0.10703125 0.0765625 0.2140625 0.153125
0 0.97109375 0.1234375 0.0015625 0.0015625
0 0.96796875 0.11796875 0.0015625 0.003125
0 0.9515625 0.10390625 0.00625 0.003125
0 0.95078125 0.11015625 0.003125 0.003125
0 0.80859375 0.1359375 0.3828125 0.271875
0 0.784375 0.5109375 0.35 0.078125
0 0.47734375 0.60546875 0.0015625 0.0015625
0 0.31484375 0.59921875 0.3796875 0.0984375
0 0.68984375 0.7421875 0.0015625 0.0015625
0 0.65546875 0.66171875 0.00625 0.003125
0 0.771875 0.6109375 0.325 0.121875
0 0.7375 0.71015625 0.25625 0.3203125