0 0.140625 0.103125 0.003125 0.003125
0 0.1296875 0.08984375 0.003125 0.0015625
0 0.128125 0.0765625 0.003125 0.003125
0 0.121875 0.14140625 0.003125 0.0015625
0 0.11953125 0.11484375 0.003125 0.0046875
0 0.11328125 0.16171875 0.003125 0.0015625
0 0.1125 0.10703125 0.003125 0.0015625
0 0.11484375 0.13515625 0.00625 0.0046875
0 0.11171875 0.15546875 0.003125 0.0015625
0 0.11171875 0.121875 0.003125 0.003125
0 0.11015625 0.175 0.003125 0.003125
0 0.10625 0.12265625 0.003125 0.0015625
0 0.10390625 0.1078125 0.003125 0.0015625
0 0.1 0.12578125 0.003125 0.0015625
0 0.09609375 0.11015625 0.003125 0.0015625
0 0.09609375 0.1359375 0.003125 0.003125
0 0.1 0.11953125 0.01875 0.01875
0 0.090625 0.1453125 0.003125 0.003125
0 0.1203125 0.14453125 0.240625 0.2890625
0 0.11015625 0.44765625 0.2203125 0.0953125
0 0.134375 0.6828125 0.26875 0.365625
0 0.08984375 0.85703125 0.1796875 0.2859375
0 0.0421875 0.5 0.084375 0.14375
0 0.3734375 0.78046875 0.209375 0.3046875