0 0.6 0.315625 0.0046875 0.0046875
0 0.51015625 0.18671875 0.3171875 0.3734375
0 0.40390625 0.53984375 0.5296875 0.3390625
0 0.20078125 0.32265625 0.178125 0.16875
0 0.0796875 0.5671875 0.159375 0.20625
0 0.00078125 0.35390625 0.0015625 0.0046875
0 0.1453125 0.0265625 0.253125 0.053125
0 0.0625 0.3859375 0.125 0.296875
0 0.73046875 0.1796875 0.1234375 0.225
0 0.828125 0.71015625 0.003125 0.0015625
0 0.8265625 0.71015625 0.00625 0.0015625
0 0.8328125 0.71015625 0.003125 0.0015625
0 0.7328125 0.940625 0.128125 0.11875
0 0.76953125 0.80703125 0.2015625 0.1953125