0 0.1015625 0.37109375 0.15625 0.4328125
0 0.03984375 0.11171875 0.0796875 0.1828125
0 0.678125 0.16484375 0.0015625 0.003125
0 0.678125 0.16015625 0.0015625 0.0015625
0 0.67734375 0.15546875 0.0015625 0.0015625
0 0.67734375 0.15 0.0015625 0.0015625
0 0.6765625 0.14609375 0.0015625 0.0015625
0 0.68359375 0.1484375 0.0015625 0.003125
0 0.67578125 0.1421875 0.0015625 0.0015625
0 0.67578125 0.1359375 0.0015625 0.0015625
0 0.675 0.13125 0.0015625 0.0015625
0 0.684375 0.128125 0.0015625 0.0015625
0 0.675 0.121875 0.0015625 0.0015625
0 0.67421875 0.11796875 0.0015625 0.0015625
0 0.6734375 0.11171875 0.0015625 0.0015625
0 0.69140625 0.1171875 0.00625 0.009375
0 0.67265625 0.1078125 0.0015625 0.0015625
0 0.7 0.0796875 0.0015625 0.0015625
0 0.6984375 0.071875 0.0015625 0.0015625
0 0.70078125 0.06796875 0.0015625 0.0015625
0 0.6953125 0.04921875 0.0015625 0.0015625
0 0.6953125 0.0453125 0.0015625 0.0015625
0 0.69453125 0.04140625 0.0015625 0.0015625
0 0.69921875 0.04296875 0.003125 0.003125
0 0.69375 0.0375 0.0015625 0.0015625
0 0.69375 0.0328125 0.0015625 0.0015625
0 0.69296875 0.02890625 0.0015625 0.0015625
0 0.603125 0.26015625 0.540625 0.5203125
0 0.0921875 0.7828125 0.175 0.246875
0 0.31875 0.77890625 0.0015625 0.003125
0 0.3203125 0.82734375 0.28125 0.3359375
0 0.6859375 0.76484375 0.328125 0.2109375