0 0.415625 0.07421875 0.153125 0.1484375
0 0.83515625 0.31953125 0.0015625 0.0015625
0 0.8015625 0.27578125 0.1171875 0.15
0 0.0015625 0.9953125 0.003125 0.009375
0 0.00078125 0.984375 0.0015625 0.003125
0 0.00078125 0.975 0.0015625 0.00625
0 0.0015625 0.93515625 0.003125 0.0140625
0 0.00078125 0.9078125 0.0015625 0.009375
0 0.00078125 0.85234375 0.0015625 0.0078125
0 0.00078125 0.83515625 0.0015625 0.0109375
0 0.075 0.73671875 0.15 0.5265625
0 0.234375 0.4984375 0.246875 0.11875
0 0.05390625 0.49921875 0.1078125 0.1203125
0 0.88984375 0.92421875 0.0015625 0.0015625
0 0.8265625 0.76953125 0.346875 0.4296875
0 0.63359375 0.4484375 0.0671875 0.01875