0 0.35859375 0.48984375 0.0015625 0.0015625
0 0.3578125 0.57109375 0.203125 0.2765625
0 0.89453125 0.4765625 0.2109375 0.2625
0 0.365625 0.93046875 0.1875 0.1390625
0 0.70078125 0.7109375 0.0078125 0.003125
0 0.6984375 0.71015625 0.003125 0.0015625
0 0.69765625 0.7109375 0.0046875 0.003125
0 0.68671875 0.7125 0.0078125 0.00625
0 0.6796875 0.7109375 0.003125 0.003125
0 0.68359375 0.72734375 0.003125 0.00625
0 0.67578125 0.74375 0.0015625 0.0015625
0 0.68984375 0.74765625 0.0046875 0.009375
0 0.76015625 0.8546875 0.2484375 0.290625