0 0.103125 0.21953125 0.20625 0.3203125
0 0.3765625 0.2640625 0.30625 0.23125
0 0.2203125 0.0421875 0.134375 0.084375
0 0.09765625 0.0953125 0.1953125 0.190625
0 0.425 0.10859375 0.209375 0.2171875
0 0.8328125 0.20234375 0.334375 0.3546875
0 0.32890625 0.890625 0.18125 0.209375
0 0.15 0.52109375 0.0953125 0.1078125
0 0.3078125 0.45 0.15 0.140625
0 0.6328125 0.88046875 0.20625 0.2390625
0 0.8375 0.925 0.325 0.15
0 0.671875 0.45234375 0.134375 0.1453125
0 0.61484375 0.490625 0.1703125 0.221875
0 0.8859375 0.6234375 0.228125 0.434375