0 0.278125 0.24140625 0.1078125 0.1203125
0 0.853125 0.121875 0.29375 0.24375
0 0.6609375 0.31875 0.14375 0.2625
0 0.428125 0.45078125 0.00625 0.0015625
0 0.41015625 0.45078125 0.0046875 0.0015625
0 0.41171875 0.45078125 0.0046875 0.0015625
0 0.39921875 0.45078125 0.0046875 0.0015625
0 0.3375 0.46484375 0.0078125 0.009375
0 0.3328125 0.47578125 0.0046875 0.0046875
0 0.3296875 0.48359375 0.0046875 0.00625
0 0.30859375 0.51953125 0.009375 0.0140625
0 0.2953125 0.54296875 0.0046875 0.0078125
0 0.2875 0.5515625 0.0015625 0.0015625
0 0.29453125 0.55390625 0.0015625 0.0015625
0 0.2828125 0.60234375 0.0046875 0.00625
0 0.27265625 0.61484375 0.0015625 0.0015625
0 0.284375 0.62578125 0.00625 0.009375
0 0.3421875 0.725 0.4 0.55
0 0.58984375 0.7140625 0.0015625 0.003125
0 0.58984375 0.7796875 0.0015625 0.003125
0 0.640625 0.8046875 0.103125 0.240625