0 0.565625 0.35234375 0.253125 0.1828125
0 0.8078125 0.09140625 0.278125 0.1828125
0 0.95078125 0.3015625 0.0984375 0.103125
0 0.97578125 0.140625 0.0484375 0.165625
0 0.08984375 0.68828125 0.1796875 0.0984375
0 0.25 0.9296875 0.003125 0.0015625
0 0.25546875 0.9296875 0.003125 0.0015625
0 0.2859375 0.95625 0.30625 0.0875
0 0.61875 0.63984375 0.003125 0.0015625
0 0.6328125 0.63984375 0.003125 0.0015625
0 0.6390625 0.63984375 0.003125 0.0015625
0 0.6421875 0.63984375 0.00625 0.0015625
0 0.6453125 0.63984375 0.003125 0.0015625
0 0.6421875 0.63984375 0.003125 0.0015625
0 0.6609375 0.63984375 0.003125 0.0015625
0 0.65703125 0.64375 0.0171875 0.009375
0 0.6640625 0.63984375 0.003125 0.0015625
0 0.81015625 0.73515625 0.3796875 0.1921875