0 0.8859375 0.06953125 0.228125 0.1390625
0 0.42578125 0.06171875 0.2140625 0.1234375
0 0.778125 0.059375 0.14375 0.11875
0 0.44296875 0.06953125 0.2484375 0.1390625
0 0.01328125 0.5203125 0.0015625 0.003125
0 0.03203125 0.68671875 0.0015625 0.003125
0 0.05703125 0.65546875 0.1140625 0.3390625
0 0.60859375 0.1859375 0.2671875 0.09375
0 0.41796875 0.4796875 0.1984375 0.234375
0 0.82734375 0.47109375 0.3453125 0.5609375
0 0.91015625 0.6859375 0.1796875 0.3625
0 0.559375 0.87265625 0.1578125 0.2515625