0 0.33203125 0.29375 0.0015625 0.0015625
0 0.2453125 0.28515625 0.1328125 0.190625
0 0.4515625 0.28125 0.096875 0.215625
0 0.53515625 0.325 0.0703125 0.128125
0 0.83828125 0.21015625 0.0015625 0.0015625
0 0.8578125 0.25546875 0.1375 0.1546875
0 0.53125 0.034375 0.0625 0.06875
0 0.90078125 0.03671875 0.1265625 0.0734375
0 0.63984375 0.0328125 0.1109375 0.065625
0 0.40234375 0.496875 0.1953125 0.215625
0 0.64609375 0.9171875 0.2921875 0.165625
0 0.9265625 0.56953125 0.146875 0.2515625
0 0.69609375 0.50390625 0.2640625 0.2296875