0 0.03359375 0.40546875 0.0015625 0.003125
0 0.0890625 0.3734375 0.178125 0.29375
0 0.221875 0.12265625 0.003125 0.003125
0 0.2453125 0.1 0.109375 0.2
0 0.16640625 0.05625 0.1359375 0.1125
0 0.68828125 0.36484375 0.23125 0.3265625
0 0.64921875 0.0421875 0.1359375 0.084375
0 0.19765625 0.68984375 0.0015625 0.0015625
0 0.11328125 0.76640625 0.2265625 0.1546875
0 0.0046875 0.690625 0.009375 0.003125
0 0.9875 0.85390625 0.025 0.2921875
0 0.66953125 0.68984375 0.0015625 0.0015625
0 0.575 0.78125 0.13125 0.184375
0 0.5875 0.84453125 0.15625 0.3109375
0 0.715625 0.73671875 0.16875 0.0953125