0 0.38359375 0.00078125 0.0046875 0.0015625
0 0.29765625 0.2484375 0.003125 0.0015625
0 0.28515625 0.246875 0.0015625 0.0015625
0 0.28203125 0.25078125 0.003125 0.003125
0 0.24296875 0.36484375 0.2921875 0.3296875
0 0.20703125 0.0765625 0.3640625 0.153125
0 0.10078125 0.071875 0.2015625 0.14375
0 0.53046875 0.0140625 0.2515625 0.028125
0 0.6484375 0.44375 0.51875 0.271875
0 0.20859375 0.78984375 0.3609375 0.4203125
0 0.553125 0.9921875 0.0015625 0.0015625
0 0.534375 0.9796875 0.0015625 0.0015625
0 0.559375 0.96015625 0.340625 0.0796875