0 0.4421875 0.33203125 0.234375 0.1359375
0 0.61796875 0.046875 0.1171875 0.09375
0 0.97421875 0.15078125 0.0515625 0.1890625
0 0.66796875 0.1125 0.2171875 0.225
0 0.63046875 0.3765625 0.1421875 0.046875
0 0.35234375 0.721875 0.0015625 0.0015625
0 0.3546875 0.72578125 0.0015625 0.0015625
0 0.35703125 0.946875 0.0015625 0.0015625
0 0.34609375 0.94453125 0.003125 0.00625
0 0.375 0.9515625 0.0015625 0.0015625
0 0.04921875 0.87578125 0.0984375 0.2484375
0 0.26953125 0.95 0.3328125 0.1
0 0.9421875 0.9421875 0.115625 0.115625
0 0.6515625 0.9203125 0.184375 0.159375