0 0.046875 0.2140625 0.0015625 0.0015625
0 0.0546875 0.21796875 0.003125 0.003125
0 0.49921875 0.3015625 0.1609375 0.534375
0 0.63359375 0.05078125 0.1078125 0.1015625
0 0.640625 0.05078125 0.121875 0.1015625
0 0.65234375 0.065625 0.1453125 0.13125
0 0.89765625 0.08671875 0.2046875 0.1734375
0 0.80859375 0.38203125 0.334375 0.2953125
0 0.1859375 0.81953125 0.2515625 0.240625
0 0.49375 0.9078125 0.171875 0.184375
0 0.62109375 0.92421875 0.0828125 0.1515625
0 0.79453125 0.92421875 0.1984375 0.1515625