0 0.3796875 0.05078125 0.3 0.1015625
0 0.17421875 0.15234375 0.190625 0.15
0 0.0234375 0.39140625 0.046875 0.0796875
0 0.065625 0.040625 0.13125 0.08125
0 0.0453125 0.259375 0.090625 0.115625
0 0.9140625 0.03671875 0.171875 0.0734375
0 0.76328125 0.046875 0.2234375 0.09375
0 0.5796875 0.0515625 0.1 0.103125
0 0.53046875 0.028125 0.0015625 0.003125
0 0.58984375 0.09765625 0.1203125 0.1953125
0 0.0015625 0.70625 0.003125 0.140625
0 0.915625 0.94140625 0.16875 0.1171875
0 0.53046875 0.984375 0.0015625 0.003125
0 0.6390625 0.9375 0.21875 0.125