0 0.49921875 0.19609375 0.2390625 0.3921875
0 0.103125 0.36171875 0.20625 0.3421875
0 0.7640625 0.42421875 0.290625 0.2890625
0 0.0171875 0.57265625 0.003125 0.0015625
0 0.02109375 0.571875 0.0015625 0.0015625
0 0.00546875 0.61484375 0.0109375 0.0109375
0 0.00390625 0.58125 0.0078125 0.009375
0 0.00078125 0.61875 0.0015625 0.003125
0 0.02578125 0.6015625 0.0515625 0.04375
0 0.4 0.578125 0.178125 0.01875
0 0.2625 0.884375 0.396875 0.23125
0 0.95390625 0.63515625 0.0015625 0.0015625
0 0.96484375 0.640625 0.0015625 0.0015625
0 0.82109375 0.784375 0.3578125 0.43125