0 0.396875 0.23046875 0.165625 0.2171875
0 0.8484375 0.00078125 0.003125 0.0015625
0 0.85703125 0.003125 0.0109375 0.00625
0 0.82578125 0.11796875 0.3484375 0.2359375
0 0.56015625 0.2296875 0.115625 0.1421875
0 0.11328125 0.37890625 0.003125 0.015625
0 0.175 0.4203125 0.35 0.1625
0 0.06640625 0.50625 0.1328125 0.334375
0 0.21796875 0.8828125 0.2640625 0.234375
0 0.06953125 0.89140625 0.1390625 0.2171875
0 0.55 0.56171875 0.140625 0.4453125
0 0.72265625 0.6984375 0.1296875 0.2015625
0 0.59921875 0.94453125 0.1671875 0.1109375