0 0.00078125 0.2015625 0.0015625 0.003125
0 0.0015625 0.1953125 0.003125 0.00625
0 0.00078125 0.1890625 0.0015625 0.003125
0 0.00078125 0.1859375 0.0015625 0.003125
0 0.0015625 0.14375 0.003125 0.009375
0 0.0953125 0.175 0.190625 0.35
0 0.81015625 0.08125 0.0015625 0.003125
0 0.81015625 0.0015625 0.0015625 0.003125
0 0.86953125 0.1171875 0.1203125 0.234375
0 0.34375 0.9765625 0.0015625 0.003125
0 0.31640625 0.84453125 0.2859375 0.3109375
0 0.55546875 0.50078125 0.3265625 0.2984375
0 0.1796875 0.49296875 0.290625 0.246875
0 0.9046875 0.48046875 0.190625 0.2609375