0 0.31015625 0.0578125 0.003125 0.003125
0 0.33125 0.053125 0.0046875 0.003125
0 0.24140625 0.140625 0.2765625 0.28125
0 0.08203125 0.16640625 0.1640625 0.3328125
0 0.51015625 0.00625 0.1421875 0.0125
0 0.11796875 0.4125 0.2359375 0.146875
0 0.55546875 0.9765625 0.003125 0.003125
0 0.53984375 0.97109375 0.0015625 0.003125
0 0.52734375 0.97109375 0.003125 0.003125
0 0.58828125 0.95390625 0.0015625 0.003125
0 0.5609375 0.95703125 0.0046875 0.003125
0 0.60625 0.94296875 0.0015625 0.003125
0 0.55390625 0.9515625 0.0015625 0.003125
0 0.58046875 0.9484375 0.00625 0.00625
0 0.59921875 0.9421875 0.0015625 0.003125
0 0.56796875 0.94765625 0.003125 0.003125
0 0.61796875 0.93671875 0.003125 0.003125
0 0.5671875 0.9421875 0.0015625 0.003125
0 0.55234375 0.94375 0.0015625 0.003125
0 0.56796875 0.93671875 0.0015625 0.003125
0 0.553125 0.9359375 0.0015625 0.003125
0 0.57734375 0.93046875 0.003125 0.003125
0 0.56171875 0.9375 0.0171875 0.0171875
0 0.5859375 0.92578125 0.003125 0.003125
0 0.54375 0.76015625 0.328125 0.4796875
0 0.85234375 0.40078125 0.2109375 0.1234375