0 0.153125 0.0703125 0.30625 0.140625
0 0.26640625 0.44609375 0.2453125 0.1859375
0 0.72421875 0.1984375 0.003125 0.003125
0 0.7109375 0.1875 0.0015625 0.0015625
0 0.70546875 0.17578125 0.003125 0.003125
0 0.72109375 0.23515625 0.0015625 0.0015625
0 0.71015625 0.2109375 0.0046875 0.0046875
0 0.71953125 0.25390625 0.0015625 0.0015625
0 0.70078125 0.2046875 0.0015625 0.0015625
0 0.71171875 0.2296875 0.0078125 0.00625
0 0.715625 0.2484375 0.0015625 0.0015625
0 0.7046875 0.21875 0.003125 0.003125
0 0.7203125 0.26640625 0.003125 0.003125
0 0.70078125 0.2203125 0.0015625 0.0015625
0 0.69453125 0.20625 0.0015625 0.0015625
0 0.69609375 0.2234375 0.0015625 0.0015625
0 0.6875 0.209375 0.0015625 0.0015625
0 0.6953125 0.23359375 0.003125 0.003125
0 0.69453125 0.2171875 0.0171875 0.0203125
0 0.69453125 0.2421875 0.003125 0.003125
0 0.5734375 0.22421875 0.36875 0.4484375
0 0.05078125 0.5828125 0.1015625 0.0875
0 0.11640625 0.73125 0.2328125 0.29375
0 0.04375 0.82734375 0.0875 0.1703125
0 0.56171875 0.6734375 0.3453125 0.26875