0 0.2296875 0.59140625 0.003125 0.003125
0 0.22734375 0.58671875 0.003125 0.003125
0 0.2203125 0.5734375 0.003125 0.003125
0 0.21953125 0.56875 0.003125 0.003125
0 0.2140625 0.56015625 0.003125 0.003125
0 0.20703125 0.54375 0.003125 0.003125
0 0.2015625 0.5328125 0.003125 0.003125
0 0.19453125 0.51796875 0.003125 0.003125
0 0.18828125 0.50703125 0.003125 0.00625
0 0.18125 0.49375 0.0046875 0.009375
0 0.18125 0.48359375 0.003125 0.003125
0 0.14375 0.42578125 0.003125 0.003125
0 0.13828125 0.415625 0.003125 0.003125
0 0.12578125 0.3890625 0.003125 0.003125
0 0.1203125 0.378125 0.003125 0.003125
0 0.1171875 0.3796875 0.234375 0.478125
0 0.9640625 0.52578125 0.003125 0.003125
0 0.7109375 0.309375 0.578125 0.61875
0 0.11875 0.809375 0.2375 0.38125
0 0.778125 0.95078125 0.275 0.0984375