0 0.53203125 0.45703125 0.1359375 0.2859375
0 0.4609375 0.14765625 0.278125 0.2953125
0 0.3265625 0.346875 0.15625 0.1515625
0 0.2078125 0.10703125 0.2140625 0.184375
0 0.04765625 0.30390625 0.003125 0.003125
0 0.0703125 0.275 0.140625 0.278125
0 0.9390625 0.4625 0.121875 0.1875
0 0.71796875 0.27578125 0.1828125 0.1734375
0 0.60078125 0.334375 0.0015625 0.003125
0 0.6703125 0.2921875 0.140625 0.275
0 0.49453125 0.78125 0.2109375 0.3625
0 0.39375 0.96875 0.15625 0.0625
0 0.275 0.77421875 0.2140625 0.184375
0 0.11484375 0.97109375 0.003125 0.003125
0 0.10390625 0.9015625 0.2078125 0.196875
0 0.8 0.77265625 0.4 0.3453125
0 0.65859375 0.85078125 0.1171875 0.2421875
0 0.67109375 0.67265625 0.1421875 0.1453125