0 0.25 0.190625 0.31875 0.38125
0 0.06328125 0.35 0.1265625 0.2
0 0.0578125 0.30390625 0.115625 0.2640625
0 0.8109375 0.065625 0.003125 0.003125
0 0.81015625 0.0703125 0.003125 0.003125
0 0.73828125 0.28828125 0.003125 0.003125
0 0.72890625 0.2828125 0.0046875 0.00625
0 0.75546875 0.2953125 0.003125 0.003125
0 0.440625 0.1578125 0.0625 0.315625
0 0.61796875 0.32109375 0.3796875 0.2578125
0 0.05859375 0.95078125 0.1171875 0.0984375
0 0.72265625 0.528125 0.2390625 0.15625
0 0.9390625 0.6359375 0.121875 0.34375
0 0.63671875 0.6953125 0.1390625 0.184375
0 0.77109375 0.7828125 0.1953125 0.2
0 0.928125 0.97890625 0.1 0.0421875
0 0.51875 0.87890625 0.1953125 0.2046875