0 0.18046875 0.06484375 0.0015625 0.003125
0 0.0921875 0.09609375 0.0015625 0.003125
0 0.22734375 0.11171875 0.0015625 0.003125
0 0.06953125 0.1578125 0.003125 0.003125
0 0.346875 0.11640625 0.0015625 0.003125
0 0.2765625 0.14921875 0.0015625 0.003125
0 0.29140625 0.16640625 0.0015625 0.003125
0 0.2984375 0.16875 0.0015625 0.003125
0 0.21640625 0.2765625 0.378125 0.5328125
0 0.3515625 0.5953125 0.221875 0.109375
0 0.76171875 0.00078125 0.0015625 0.0015625
0 0.67265625 0.00078125 0.0015625 0.0015625
0 0.8078125 0.00078125 0.003125 0.0015625
0 0.65 0.00078125 0.003125 0.0015625
0 0.92734375 0.00078125 0.0015625 0.0015625
0 0.85703125 0.00078125 0.0015625 0.0015625
0 0.87265625 0.00078125 0.0015625 0.0015625
0 0.87890625 0.00078125 0.0015625 0.0015625
0 0.796875 0.175 0.378125 0.35
0 0.9109375 0.49921875 0.178125 0.3015625
0 0.1046875 0.75 0.209375 0.2
0 0.05390625 0.83828125 0.1078125 0.3234375
0 0.75703125 0.94765625 0.1984375 0.1046875