0 0.4765625 0.3796875 0.065625 0.2
0 0.2703125 0.04921875 0.284375 0.0984375
0 0.21953125 0.0328125 0.2328125 0.065625
0 0.13984375 0.3359375 0.2796875 0.2875
0 0.75390625 0.0734375 0.0140625 0.003125
0 0.83125 0.1046875 0.309375 0.209375
0 0.746875 0.43515625 0.475 0.0890625
0 0.51171875 0.11328125 0.0046875 0.0046875
0 0.5484375 0.13828125 0.078125 0.0890625
0 0.59765625 0.06171875 0.1765625 0.1234375
0 0.5984375 0.40625 0.178125 0.146875
0 0.5078125 0.69375 0.003125 0.003125
0 0.50703125 0.746875 0.003125 0.0015625
0 0.5046875 0.7625 0.003125 0.0015625
0 0.50078125 0.74609375 0.003125 0.0015625
0 0.496875 0.7609375 0.003125 0.0015625
0 0.49609375 0.73671875 0.003125 0.003125
0 0.5 0.75234375 0.015625 0.01875
0 0.49140625 0.72734375 0.003125 0.003125
0 0.29140625 0.8015625 0.4359375 0.390625
0 0.0546875 0.53046875 0.109375 0.1015625
0 0.68125 0.8609375 0.34375 0.278125
0 0.5671875 0.65625 0.115625 0.3375