0 0.4359375 0.00078125 0.003125 0.0015625
0 0.43828125 0.0546875 0.2453125 0.109375
0 0.26015625 0.3703125 0.0078125 0.00625
0 0.2296875 0.303125 0.003125 0.003125
0 0.1453125 0.27109375 0.290625 0.3171875
0 0.70625 0.06328125 0.19375 0.1265625
0 0.71875 0.2890625 0.21875 0.203125
0 0.56328125 0.69765625 0.003125 0.003125
0 0.37578125 0.63203125 0.1390625 0.1234375
0 0.29375 0.96484375 0.003125 0.003125
0 0.34296875 0.9578125 0.1640625 0.084375
0 0.03671875 0.484375 0.0734375 0.109375
0 0.0390625 0.96640625 0.078125 0.0671875
0 0.03359375 0.71796875 0.0671875 0.1171875
0 0.63359375 0.528125 0.0484375 0.196875