0 0.146875 0.00078125 0.003125 0.0015625
0 0.2328125 0.00078125 0.003125 0.0015625
0 0.11875 0.00078125 0.003125 0.0015625
0 0.26875 0.00078125 0.003125 0.0015625
0 0.015625 0.00078125 0.003125 0.0015625
0 0.0875 0.00078125 0.003125 0.0015625
0 0.078125 0.00078125 0.003125 0.0015625
0 0.0734375 0.00078125 0.003125 0.0015625
0 0.05 0.059375 0.1 0.11875
0 0.1859375 0.14921875 0.371875 0.2984375
0 0.1765625 0.47578125 0.23125 0.2671875
0 0.38046875 0.028125 0.0015625 0.003125
0 0.515625 0.25234375 0.271875 0.5046875
0 0.171875 0.853125 0.34375 0.29375