0 0.07734375 0.36484375 0.0015625 0.0015625
0 0.08359375 0.36640625 0.0015625 0.0015625
0 0.1734375 0.30546875 0.346875 0.2640625
0 0.4640625 0.19375 0.209375 0.321875
0 0.63984375 0.35625 0.1421875 0.325
0 0.11796875 0.596875 0.2359375 0.15625
0 0.06328125 0.8859375 0.1265625 0.228125
0 0.384375 0.5765625 0.290625 0.115625
0 0.36328125 0.59140625 0.2296875 0.1453125
0 0.3734375 0.88203125 0.390625 0.2359375
0 0.6078125 0.87890625 0.078125 0.1546875
0 0.7234375 0.85390625 0.2015625 0.18125
0 0.9484375 0.85546875 0.103125 0.2828125