0 0.3796875 0.31875 0.003125 0.003125
0 0.33515625 0.28046875 0.1078125 0.2296875
0 0.0984375 0.13515625 0.196875 0.2703125
0 0.8796875 0.475 0.240625 0.15
0 0.46796875 0.453125 0.1578125 0.19375
0 0.86640625 0.21328125 0.1578125 0.2359375
0 0.55234375 0.12109375 0.3265625 0.2421875
0 0.04453125 0.65546875 0.0890625 0.2109375
0 0.29140625 0.55078125 0.0015625 0.0015625
0 0.25078125 0.5921875 0.2015625 0.084375
0 0.9703125 0.97109375 0.003125 0.003125
0 0.99296875 0.971875 0.0046875 0.003125
0 0.89921875 0.775 0.2015625 0.45
0 0.5703125 0.76796875 0.3625 0.4359375