0 0.19609375 0.1421875 0.2234375 0.19375
0 0.88984375 0.13828125 0.1953125 0.146875
0 0.540625 0.1109375 0.121875 0.16875
0 0.54375 0.05 0.128125 0.1
0 0.83046875 0.06796875 0.2828125 0.1359375
0 0.00078125 0.8484375 0.0015625 0.003125
0 0.27265625 0.865625 0.0015625 0.003125
0 0.275 0.8515625 0.0015625 0.003125
0 0.27890625 0.84921875 0.003125 0.003125
0 0.3625 0.84375 0.234375 0.28125
0 0.06796875 0.67109375 0.1359375 0.4265625
0 0.2046875 0.409375 0.1625 0.340625
0 0.83828125 0.47890625 0.171875 0.271875