0 0.0796875 0.0265625 0.159375 0.053125
0 0.0796875 0.26015625 0.159375 0.4265625
0 0.52421875 0.321875 0.3765625 0.353125
0 0.2390625 0.08125 0.159375 0.1625
0 0.26171875 0.51640625 0.2046875 0.1671875
0 0.06015625 0.62734375 0.0015625 0.0015625
0 0.0546875 0.6265625 0.0015625 0.0015625
0 0.0796875 0.70390625 0.159375 0.2078125
0 0.0796875 0.77890625 0.159375 0.3109375
0 0.0578125 0.6515625 0.115625 0.103125
0 0.940625 0.72734375 0.11875 0.1484375
0 0.8109375 0.646875 0.209375 0.09375
0 0.5359375 0.73828125 0.1890625 0.175
0 0.16015625 0.6828125 0.0015625 0.003125
0 0.25546875 0.73125 0.1921875 0.2625