0 0.13203125 0.065625 0.2546875 0.13125
0 0.06875 0.09140625 0.1375 0.1828125
0 0.21484375 0.18828125 0.0015625 0.0015625
0 0.08359375 0.259375 0.1671875 0.34375
0 0.215625 0.29140625 0.30625 0.2953125
0 0.865625 0.15234375 0.184375 0.221875
0 0.4203125 0.35859375 0.103125 0.1609375
0 0.36015625 0.49375 0.003125 0.0015625
0 0.35546875 0.496875 0.0015625 0.0015625
0 0.30390625 0.51484375 0.003125 0.003125
0 0.296875 0.6 0.14375 0.321875
0 0.08203125 0.70625 0.1640625 0.375
0 0.97890625 0.8640625 0.0421875 0.19375
0 0.6234375 0.9 0.1421875 0.2