0 0.01328125 0.3515625 0.003125 0.0015625
0 0.26171875 0.28828125 0.5171875 0.2640625
0 0.003125 0.55703125 0.00625 0.0078125
0 0.01484375 0.55703125 0.003125 0.003125
0 0.02421875 0.55703125 0.00625 0.003125
0 0.06875 0.5484375 0.015625 0.009375
0 0.0984375 0.54296875 0.009375 0.0046875
0 0.10859375 0.5375 0.003125 0.0015625
0 0.109375 0.5453125 0.003125 0.0015625
0 0.16484375 0.5515625 0.00625 0.003125
0 0.18125 0.54609375 0.003125 0.0015625
0 0.1890625 0.5609375 0.009375 0.00625
0 0.275 0.66328125 0.55 0.2671875
0 0.55078125 0.53046875 0.0015625 0.0015625
0 0.55078125 0.53671875 0.0015625 0.0015625
0 0.55078125 0.54453125 0.0015625 0.0015625
0 0.94140625 0.66640625 0.1171875 0.2734375