0 0.1109375 0.24453125 0.221875 0.4484375
0 0.68046875 0.1125 0.0015625 0.003125
0 0.6796875 0.11640625 0.0015625 0.003125
0 0.73515625 0.115625 0.1421875 0.178125
0 0.02734375 0.784375 0.0015625 0.003125
0 0.0265625 0.78828125 0.0015625 0.003125
0 0.08203125 0.7875 0.1421875 0.178125
0 0.53828125 0.6015625 0.0015625 0.003125
0 0.54765625 0.60703125 0.0015625 0.003125
0 0.575 0.63671875 0.003125 0.003125
0 0.5734375 0.6421875 0.0015625 0.003125
0 0.56953125 0.65390625 0.0015625 0.003125
0 0.56796875 0.6578125 0.0015625 0.003125
0 0.5640625 0.66796875 0.0015625 0.003125
0 0.56015625 0.68125 0.0015625 0.003125
0 0.55546875 0.6921875 0.0015625 0.003125
0 0.55078125 0.70625 0.0015625 0.003125
0 0.54765625 0.71640625 0.003125 0.00625
0 0.54375 0.728125 0.003125 0.009375
0 0.54375 0.7375 0.0015625 0.003125
0 0.51640625 0.79140625 0.0015625 0.003125
0 0.5125 0.80234375 0.0015625 0.003125
0 0.57578125 0.7828125 0.1328125 0.434375