0 0.08359375 0.184375 0.1671875 0.340625
0 0.00078125 0.48984375 0.0015625 0.0046875
0 0.0015625 0.50625 0.003125 0.00625
0 0.00078125 0.50078125 0.0015625 0.0046875
0 0.17578125 0.4640625 0.3515625 0.309375
0 0.25390625 0.115625 0.2703125 0.23125
0 0.53984375 0.06796875 0.3015625 0.1359375
0 0.590625 0.22109375 0.403125 0.4421875
0 0.6265625 0.55859375 0.196875 0.1203125
0 0.8890625 0.08515625 0.221875 0.1703125
0 0.88671875 0.26875 0.2265625 0.271875
0 0.00078125 0.71796875 0.0015625 0.0046875
0 0.128125 0.61953125 0.003125 0.0015625
0 0.14453125 0.61953125 0.0046875 0.0015625
0 0.19453125 0.6984375 0.3171875 0.159375
0 0.16015625 0.8109375 0.3203125 0.378125
0 0.73203125 0.8109375 0.4734375 0.378125