0 0.984375 0.39296875 0.0015625 0.003125
0 0.97734375 0.39765625 0.0015625 0.003125
0 0.95078125 0.42578125 0.003125 0.003125
0 0.95390625 0.43125 0.0015625 0.003125
0 0.95859375 0.44296875 0.0015625 0.003125
0 0.96015625 0.446875 0.0015625 0.003125
0 0.9640625 0.45625 0.0015625 0.003125
0 0.96953125 0.471875 0.0015625 0.003125
0 0.97421875 0.48203125 0.0015625 0.003125
0 0.98046875 0.49609375 0.0015625 0.003125
0 0.98515625 0.50703125 0.003125 0.00625
0 0.98984375 0.51953125 0.003125 0.0078125
0 0.98984375 0.52890625 0.0015625 0.003125
0 0.2234375 0.7078125 0.446875 0.25625
0 0.2703125 0.92578125 0.378125 0.1484375