0 0.3890625 0.18203125 0.0015625 0.003125
0 0.065625 0.06328125 0.13125 0.1265625
0 0.36875 0.215625 0.321875 0.309375
0 0.1140625 0.45078125 0.003125 0.003125
0 0.0765625 0.45234375 0.14375 0.1734375
0 0.56328125 0.0828125 0.0671875 0.165625
0 0.93671875 0.4484375 0.1265625 0.18125
0 0.80859375 0.2828125 0.3828125 0.5125
0 0.2859375 0.5921875 0.190625 0.10625
0 0.0421875 0.6203125 0.084375 0.1625
0 0.1328125 0.665625 0.265625 0.253125
0 0.07109375 0.96796875 0.1421875 0.0640625
0 0.61875 0.640625 0.178125 0.203125
0 0.87578125 0.69609375 0.2484375 0.3140625
0 0.59140625 0.76328125 0.1234375 0.2953125