0 0.225 0.125 0.45 0.25
0 0.775 0.125 0.45 0.25
0 0.06171875 0.6375 0.0015625 0.0015625
0 0.0671875 0.6453125 0.0015625 0.0015625
0 0.09609375 0.6703125 0.003125 0.003125
0 0.10078125 0.66796875 0.003125 0.003125
0 0.1109375 0.66328125 0.0015625 0.0015625
0 0.11484375 0.6625 0.0015625 0.0015625
0 0.1234375 0.659375 0.0015625 0.0015625
0 0.1359375 0.65390625 0.003125 0.003125
0 0.14453125 0.65 0.0015625 0.0015625
0 0.1578125 0.6453125 0.003125 0.003125
0 0.16640625 0.64140625 0.00625 0.003125
0 0.178125 0.6375 0.0078125 0.003125
0 0.1859375 0.6375 0.0015625 0.0015625
0 0.23359375 0.61015625 0.0015625 0.0015625
0 0.2421875 0.60625 0.003125 0.003125
0 0.26328125 0.596875 0.003125 0.003125
0 0.27265625 0.59296875 0.0015625 0.0015625
0 0.23359375 0.55390625 0.4328125 0.2859375
0 0.87265625 0.78359375 0.2546875 0.4328125