0 0.184375 0.14453125 0.36875 0.2890625
0 0.184375 0.43515625 0.36875 0.2484375
0 0.58203125 0.14375 0.0015625 0.003125
0 0.58984375 0.146875 0.0015625 0.003125
0 0.61875 0.171875 0.003125 0.003125
0 0.6171875 0.1765625 0.0015625 0.003125
0 0.61328125 0.18828125 0.0015625 0.003125
0 0.61328125 0.19296875 0.0015625 0.003125
0 0.61015625 0.20234375 0.0015625 0.003125
0 0.60625 0.21640625 0.0015625 0.003125
0 0.603125 0.22734375 0.0015625 0.003125
0 0.6 0.24296875 0.0015625 0.003125
0 0.59609375 0.253125 0.003125 0.00625
0 0.59296875 0.26484375 0.003125 0.0078125
0 0.59453125 0.275 0.0015625 0.003125
0 0.5703125 0.33125 0.0015625 0.003125
0 0.5671875 0.3421875 0.0015625 0.003125
0 0.56015625 0.3671875 0.0015625 0.003125
0 0.55703125 0.37734375 0.0015625 0.003125
0 0.51484375 0.34296875 0.2546875 0.4328125
0 0.26640625 0.93046875 0.2046875 0.1390625
0 0.740625 0.83359375 0.0015625 0.003125
0 0.7421875 0.83828125 0.0015625 0.003125
0 0.7421875 0.8421875 0.0015625 0.003125
0 0.74296875 0.8484375 0.0015625 0.003125
0 0.74453125 0.85234375 0.0015625 0.003125
0 0.7359375 0.85 0.0015625 0.003125
0 0.7453125 0.85625 0.0015625 0.003125
0 0.7453125 0.86171875 0.0015625 0.003125
0 0.746875 0.8671875 0.0015625 0.003125
0 0.73671875 0.87109375 0.0015625 0.003125
0 0.746875 0.8765625 0.0015625 0.003125
0 0.7484375 0.88046875 0.0015625 0.003125
0 0.7484375 0.8875 0.0015625 0.003125
0 0.7296875 0.8828125 0.00625 0.009375
0 0.74921875 0.89140625 0.0015625 0.003125
0 0.7234375 0.921875 0.0015625 0.003125
0 0.72578125 0.93046875 0.0015625 0.003125
0 0.7234375 0.93359375 0.0015625 0.003125
0 0.7296875 0.953125 0.0015625 0.003125
0 0.73125 0.9578125 0.0015625 0.003125
0 0.73125 0.96171875 0.0015625 0.003125
0 0.7265625 0.96015625 0.003125 0.003125
0 0.73125 0.965625 0.0015625 0.003125
0 0.73203125 0.96953125 0.0015625 0.003125
0 0.73359375 0.97421875 0.0015625 0.003125
0 0.75859375 0.7796875 0.4828125 0.440625