0 0.0796875 0.209375 0.0015625 0.0015625
0 0.078125 0.20390625 0.0015625 0.0015625
0 0.13828125 0.15078125 0.2390625 0.3015625
0 0.240625 0.08671875 0.278125 0.1734375
0 0.04921875 0.05703125 0.0984375 0.1140625
0 0.7890625 0.1734375 0.1484375 0.196875
0 0.45859375 0.12734375 0.1578125 0.2546875
0 0.00078125 0.4984375 0.0015625 0.00625
0 0.3078125 0.446875 0.14375 0.15625
0 0.08828125 0.4609375 0.1765625 0.184375
0 0.4703125 0.90625 0.18125 0.1875
0 0.42890625 0.58515625 0.0984375 0.2203125
0 0.61953125 0.59921875 0.4046875 0.4609375
0 0.7359375 0.45390625 0.34375 0.1703125
0 0.4203125 0.4265625 0.08125 0.115625