0 0.33515625 0.00078125 0.0015625 0.0015625
0 0.33359375 0.00078125 0.0015625 0.0015625
0 0.33203125 0.00078125 0.0015625 0.0015625
0 0.32890625 0.00078125 0.0015625 0.0015625
0 0.32734375 0.00078125 0.0015625 0.0015625
0 0.33515625 0.00078125 0.0015625 0.0015625
0 0.32421875 0.00078125 0.0015625 0.0015625
0 0.321875 0.00078125 0.003125 0.0015625
0 0.31953125 0.00078125 0.0015625 0.0015625
0 0.32890625 0.00078125 0.0015625 0.0015625
0 0.31484375 0.00078125 0.0015625 0.0015625
0 0.31328125 0.00078125 0.0015625 0.0015625
0 0.31171875 0.00078125 0.0015625 0.0015625
0 0.33125 0.00234375 0.00625 0.0046875
0 0.30859375 0.00078125 0.0015625 0.0015625
0 0.325 0.00078125 0.003125 0.0015625
0 0.32109375 0.00078125 0.0015625 0.0015625
0 0.32109375 0.00078125 0.0015625 0.0015625
0 0.31015625 0.00078125 0.0015625 0.0015625
0 0.3078125 0.00078125 0.003125 0.0015625
0 0.30546875 0.00078125 0.0015625 0.0015625
0 0.3109375 0.00078125 0.003125 0.0015625
0 0.30390625 0.00078125 0.0015625 0.0015625
0 0.30078125 0.00078125 0.0015625 0.0015625
0 0.29921875 0.00078125 0.0015625 0.0015625
0 0.26953125 0.1984375 0.5203125 0.396875
0 0.82578125 0.13984375 0.2796875 0.2796875
0 0.3328125 0.89453125 0.39375 0.2109375
0 0.53671875 0.83359375 0.0140625 0.0890625
0 0.778125 0.89453125 0.44375 0.2109375