0 0.2203125 0.3140625 0.003125 0.003125
0 0.19296875 0.275 0.1078125 0.2265625
0 0.0546875 0.11796875 0.109375 0.2359375
0 0.2703125 0.08515625 0.134375 0.1703125
0 0.82734375 0.0875 0.003125 0.003125
0 0.84296875 0.1796875 0.2390625 0.29375
0 0.39140625 0.94140625 0.0015625 0.003125
0 0.0453125 0.91015625 0.090625 0.1796875
0 0.40234375 0.884375 0.3140625 0.23125
0 0.1984375 0.6234375 0.003125 0.003125
0 0.17109375 0.584375 0.1078125 0.2265625
0 0.0546875 0.4671875 0.109375 0.15625
0 0.2484375 0.4453125 0.134375 0.1125
0 0.9015625 0.91953125 0.196875 0.1609375
0 0.5953125 0.53671875 0.071875 0.2953125