0 0.08671875 0.23125 0.1234375 0.1921875
0 0.40390625 0.15234375 0.2296875 0.2421875
0 0.0515625 0.134375 0.103125 0.26875
0 0.8578125 0.6921875 0.1609375 0.203125
0 0.60859375 0.71796875 0.1546875 0.2015625
0 0.6671875 0.4109375 0.1359375 0.2515625
0 0.8515625 0.1046875 0.296875 0.209375
0 0.57421875 0.16953125 0.1109375 0.3171875
0 0.06875 0.909375 0.1375 0.18125
0 0.16953125 0.8609375 0.1078125 0.084375
0 0.0859375 0.8703125 0.15 0.103125
0 0.553125 0.84609375 0.06875 0.0546875
0 0.85546875 0.85 0.1453125 0.0625
0 0.66171875 0.8484375 0.1546875 0.059375