0 0.3890625 0.05078125 0.1625 0.1015625
0 0.03515625 0.20625 0.0703125 0.159375
0 0.4890625 0.43984375 0.059375 0.1484375
0 0.20703125 0.42265625 0.103125 0.1234375
0 0.99609375 0.209375 0.0015625 0.0015625
0 0.83046875 0.41640625 0.0015625 0.0015625
0 0.83359375 0.34296875 0.3328125 0.3734375
0 0.4015625 0.7328125 0.003125 0.003125
0 0.4015625 0.74140625 0.0015625 0.0015625
0 0.40234375 0.7453125 0.0015625 0.0015625
0 0.384375 0.8015625 0.003125 0.003125
0 0.31875 0.7828125 0.2015625 0.240625
0 0.04609375 0.87578125 0.0921875 0.2203125