0 0.1703125 0.33203125 0.1375 0.3359375
0 0.11953125 0.1109375 0.2390625 0.221875
0 0.86015625 0.43671875 0.0046875 0.00625
0 0.853125 0.45390625 0.0015625 0.0015625
0 0.8609375 0.403125 0.0015625 0.003125
0 0.859375 0.39765625 0.0015625 0.0015625
0 0.7234375 0.39921875 0.321875 0.2015625
0 0.31875 0.0515625 0.003125 0.003125
0 0.321875 0.0484375 0.165625 0.096875
0 0.3171875 0.4359375 0.15625 0.128125
0 0.2 0.85546875 0.078125 0.2796875
0 0.11015625 0.67265625 0.2203125 0.1984375
0 0.05546875 0.8890625 0.1109375 0.134375
0 0.2515625 0.53359375 0.025 0.0671875