0 0.35859375 0.3046875 0.1671875 0.109375
0 0.08203125 0.29453125 0.1640625 0.1296875
0 0.1359375 0.103125 0.003125 0.003125
0 0.115625 0.115625 0.23125 0.23125
0 0.59921875 0.12578125 0.2203125 0.2515625
0 0.9375 0.0640625 0.125 0.128125
0 0.5515625 0.07421875 0.125 0.1484375
0 0.5390625 0.059375 0.1 0.11875
0 0.79921875 0.078125 0.3921875 0.15625
0 0.221875 0.73828125 0.28125 0.2546875
0 0.4515625 0.5 0.075 0.28125
0 0.3234375 0.37578125 0.09375 0.0328125
0 0.921875 0.92109375 0.15625 0.1578125
0 0.85625 0.528125 0.2875 0.3375
0 0.72578125 0.39296875 0.1578125 0.0671875