0 0.63125 0.31640625 0.2375 0.1265625
0 0.40234375 0.08671875 0.6953125 0.1734375
0 0.875 0.18984375 0.25 0.3796875
0 0.11640625 0.55 0.003125 0.0015625
0 0.07734375 0.95859375 0.1546875 0.0828125
0 0.246875 0.53046875 0.29375 0.3015625
0 0.4359375 0.8953125 0.1828125 0.1078125
0 0.4859375 0.7234375 0.184375 0.1734375
0 0.68671875 0.45546875 0.1265625 0.0796875
0 0.6453125 0.9203125 0.165625 0.159375
0 0.75078125 0.58046875 0.0015625 0.0015625
0 0.75078125 0.5796875 0.0015625 0.003125
0 0.91328125 0.7171875 0.1734375 0.41875