0 0.04296875 0.303125 0.0859375 0.2125
0 0.05859375 0.24296875 0.1171875 0.2828125
0 0.19296875 0.48046875 0.2953125 0.1765625
0 0.82890625 0.0328125 0.1640625 0.065625
0 0.50625 0.0375 0.09375 0.075
0 0.5234375 0.05703125 0.128125 0.1140625
0 0.5171875 0.3015625 0.115625 0.146875
0 0.12890625 0.9296875 0.2578125 0.140625
0 0.5171875 0.6859375 0.115625 0.234375
0 0.99921875 0.9890625 0.0015625 0.003125
0 0.99609375 0.98828125 0.0046875 0.003125
0 0.80546875 0.98046875 0.0015625 0.0015625
0 0.78828125 0.9984375 0.0015625 0.0015625
0 0.85859375 0.9625 0.2828125 0.075