0 0.20703125 0.128125 0.4140625 0.25625
0 0.29765625 0.23046875 0.146875 0.1671875
0 0.053125 0.203125 0.10625 0.228125
0 0.10234375 0.43828125 0.003125 0.003125
0 0.0921875 0.42421875 0.184375 0.2296875
0 0.18359375 0.6171875 0.3484375 0.15625
0 0.31796875 0.66328125 0.003125 0.0015625
0 0.334375 0.70234375 0.1390625 0.2203125
0 0.2140625 0.884375 0.1625 0.2265625
0 0.91015625 0.59921875 0.1796875 0.1203125
0 0.49921875 0.62890625 0.1203125 0.1796875
0 0.5046875 0.6734375 0.13125 0.26875
0 0.5796875 0.9015625 0.203125 0.196875