0 0.75703125 0.0109375 0.0453125 0.021875
0 0.44296875 0.00078125 0.0046875 0.0015625
0 0.45703125 0.11328125 0.4515625 0.2265625
0 0.10625 0.034375 0.0046875 0.0046875
0 0.09921875 0.03359375 0.0046875 0.00625
0 0.09375 0.02734375 0.003125 0.003125
0 0.16015625 0.06640625 0.2578125 0.1328125
0 0.48125 0.2640625 0.596875 0.309375
0 0.78046875 0.3484375 0.0015625 0.003125
0 0.88984375 0.209375 0.2203125 0.41875
0 0.05234375 0.6375 0.0015625 0.0015625
0 0.03671875 0.65390625 0.0015625 0.0015625
0 0.1046875 0.57734375 0.209375 0.3171875
0 0.88984375 0.5375 0.2203125 0.2375