0 0.27421875 0.00078125 0.0015625 0.0015625
0 0.296875 0.11796875 0.353125 0.2359375
0 0.11484375 0.27734375 0.2296875 0.3640625
0 0.61953125 0.43203125 0.0015625 0.0046875
0 0.6203125 0.440625 0.003125 0.00625
0 0.61953125 0.44921875 0.0015625 0.0046875
0 0.61953125 0.45546875 0.0015625 0.0046875
0 0.69453125 0.34609375 0.1515625 0.2265625
0 0.321875 0.62890625 0.003125 0.0046875
0 0.43125 0.70234375 0.003125 0.0046875
0 0.35703125 0.778125 0.5234375 0.44375
0 0.68046875 0.7234375 0.1234375 0.434375