0 0.04453125 0.54921875 0.0890625 0.1203125
0 0.27734375 0.71953125 0.0015625 0.003125
0 0.26796875 0.7171875 0.003125 0.003125
0 0.2625 0.715625 0.0046875 0.003125
0 0.0609375 0.70703125 0.0015625 0.003125
0 0.04765625 0.725 0.0015625 0.003125
0 0.1578125 0.80859375 0.284375 0.3046875
0 0.05 0.9046875 0.1 0.190625
0 0.74140625 0.49140625 0.0078125 0.0046875
0 0.7421875 0.48984375 0.003125 0.0015625
0 0.74140625 0.490625 0.0046875 0.003125
0 0.74375 0.49296875 0.009375 0.0078125
0 0.74453125 0.490625 0.0046875 0.003125
0 0.74921875 0.48984375 0.0015625 0.0015625
0 0.74140625 0.48984375 0.0015625 0.0015625
0 0.7296875 0.5375 0.0046875 0.00625
0 0.73359375 0.5546875 0.0015625 0.003125
0 0.7171875 0.55625 0.00625 0.009375
0 0.62734375 0.71875 0.3265625 0.459375