0 0.0796875 0.1640625 0.003125 0.003125
0 0.075 0.16015625 0.003125 0.003125
0 0.0703125 0.15703125 0.0015625 0.003125
0 0.06484375 0.15390625 0.0015625 0.003125
0 0.059375 0.14921875 0.0015625 0.003125
0 0.0546875 0.14609375 0.0015625 0.003125
0 0.04921875 0.14296875 0.0015625 0.003125
0 0.04453125 0.140625 0.0015625 0.003125
0 0.1203125 0.11484375 0.215625 0.2296875
0 0.5515625 0.0640625 0.003125 0.003125
0 0.546875 0.06015625 0.003125 0.003125
0 0.5421875 0.05703125 0.0015625 0.003125
0 0.53671875 0.05390625 0.0015625 0.003125
0 0.53125 0.04921875 0.0015625 0.003125
0 0.5265625 0.04609375 0.0015625 0.003125
0 0.52109375 0.04296875 0.0015625 0.003125
0 0.51640625 0.040625 0.0015625 0.003125
0 0.5921875 0.06484375 0.215625 0.1296875
0 0.0421875 0.49296875 0.084375 0.1265625
0 0.68828125 0.94296875 0.1140625 0.1140625
0 0.62265625 0.45703125 0.1078125 0.0546875