0 0.1796875 0.13515625 0.359375 0.2671875
0 0.1484375 0.134375 0.296875 0.26875
0 0.61015625 0.00078125 0.0015625 0.0015625
0 0.61171875 0.00078125 0.0015625 0.0015625
0 0.6125 0.00078125 0.003125 0.0015625
0 0.61328125 0.00078125 0.0015625 0.0015625
0 0.615625 0.00078125 0.003125 0.0015625
0 0.6078125 0.00078125 0.003125 0.0015625
0 0.61640625 0.00078125 0.0015625 0.0015625
0 0.61796875 0.00078125 0.0015625 0.0015625
0 0.62109375 0.00078125 0.0015625 0.0015625
0 0.61015625 0.00078125 0.0015625 0.0015625
0 0.62265625 0.00078125 0.0015625 0.0015625
0 0.62421875 0.00078125 0.0015625 0.0015625
0 0.62578125 0.00078125 0.0015625 0.0015625
0 0.6046875 0.00234375 0.00625 0.0046875
0 0.62734375 0.00078125 0.0015625 0.0015625
0 0.60234375 0.00078125 0.0015625 0.0015625
0 0.60546875 0.00078125 0.0015625 0.0015625
0 0.6046875 0.00078125 0.003125 0.0015625
0 0.61328125 0.00078125 0.0015625 0.0015625
0 0.61484375 0.00078125 0.0015625 0.0015625
0 0.61640625 0.00078125 0.0015625 0.0015625
0 0.6109375 0.00078125 0.003125 0.0015625
0 0.61796875 0.00078125 0.0015625 0.0015625
0 0.61953125 0.00078125 0.0015625 0.0015625
0 0.62109375 0.00078125 0.0015625 0.0015625
0 0.7171875 0.134375 0.534375 0.26875
0 0.10859375 0.62421875 0.2171875 0.4296875
0 0.9921875 0.68828125 0.0015625 0.003125
0 0.98828125 0.68984375 0.0015625 0.0046875
0 0.96953125 0.68515625 0.0015625 0.003125
0 0.9078125 0.5109375 0.184375 0.3875