0 0.59453125 0.13671875 0.1109375 0.2734375
0 0.021875 0.428125 0.04375 0.078125
0 0.17578125 0.6515625 0.0015625 0.0015625
0 0.26328125 0.64609375 0.1 0.1703125
0 0.04609375 0.68671875 0.0921875 0.1890625
0 0.63203125 0.75390625 0.0015625 0.0015625
0 0.61796875 0.8046875 0.003125 0.003125
0 0.53984375 0.82578125 0.0015625 0.0078125
0 0.609375 0.8265625 0.003125 0.00625
0 0.53984375 0.8359375 0.0015625 0.003125
0 0.58671875 0.85078125 0.003125 0.003125
0 0.578125 0.796875 0.078125 0.165625
0 0.6515625 0.86875 0.0015625 0.0015625
0 0.63203125 0.98125 0.0015625 0.0015625
0 0.634375 0.98125 0.0015625 0.003125
0 0.6359375 0.9859375 0.0015625 0.0015625
0 0.57265625 0.95703125 0.0671875 0.0859375
0 0.60625 0.97734375 0.134375 0.0453125