0 0.21875 0.23359375 0.003125 0.003125
0 0.2296875 0.24765625 0.0015625 0.0015625
0 0.23984375 0.253125 0.003125 0.003125
0 0.1828125 0.2359375 0.0015625 0.0015625
0 0.20625 0.2484375 0.0046875 0.0046875
0 0.1640625 0.23828125 0.0015625 0.0015625
0 0.2109375 0.25625 0.0015625 0.0015625
0 0.1875 0.246875 0.0046875 0.00625
0 0.16875 0.24140625 0.0015625 0.0015625
0 0.1984375 0.25390625 0.0046875 0.0046875
0 0.1515625 0.2359375 0.0046875 0.0046875
0 0.19609375 0.2578125 0.0015625 0.0015625
0 0.20859375 0.2640625 0.0015625 0.0015625
0 0.19296875 0.2625 0.0015625 0.0015625
0 0.2046875 0.27109375 0.0015625 0.0015625
0 0.1828125 0.2625 0.003125 0.003125
0 0.19765625 0.2640625 0.01875 0.0171875
0 0.17421875 0.26328125 0.003125 0.003125
0 0.14453125 0.4390625 0.2890625 0.4875
0 0.059375 0.59296875 0.11875 0.1921875
0 0.69375 0.31640625 0.003125 0.003125
0 0.67421875 0.31015625 0.0046875 0.0046875
0 0.5875 0.4640625 0.465625 0.45
0 0.8984375 0.5453125 0.203125 0.2875
0 0.48515625 0.95546875 0.3640625 0.0890625