0 0.02734375 0.24453125 0.0546875 0.1265625
0 0.03984375 0.00078125 0.0015625 0.0015625
0 0.13515625 0.04765625 0.1296875 0.0953125
0 0.046875 0.05390625 0.09375 0.1078125
0 0.465625 0.12578125 0.0125 0.0515625
0 0.09140625 0.83671875 0.1828125 0.3265625
0 0.1203125 0.5046875 0.215625 0.13125
0 0.91875 0.97265625 0.003125 0.003125
0 0.7546875 0.990625 0.0046875 0.009375
0 0.90625 0.9515625 0.0046875 0.00625
0 0.753125 0.98046875 0.003125 0.003125
0 0.87734375 0.93203125 0.003125 0.003125
0 0.83515625 0.95234375 0.1921875 0.0953125
0 0.94140625 0.8953125 0.0015625 0.003125
0 0.81796875 0.909375 0.0015625 0.003125
0 0.89765625 0.78203125 0.0015625 0.003125
0 0.9015625 0.7796875 0.0015625 0.003125
0 0.9015625 0.775 0.0015625 0.003125
0 0.621875 0.825 0.1671875 0.20625
0 0.85078125 0.7171875 0.18125 0.2171875