0 0.08671875 0.3625 0.1734375 0.3125
0 0.38984375 0.18828125 0.0984375 0.2328125
0 0.7625 0.28203125 0.265625 0.2671875
0 0.51328125 0.1421875 0.1484375 0.284375
0 0.54453125 0.08671875 0.2109375 0.1734375
0 0.89921875 0.115625 0.2015625 0.23125
0 0.04765625 0.9046875 0.0953125 0.190625
0 0.06953125 0.93125 0.1390625 0.1375
0 0.04375 0.66171875 0.0875 0.2609375
0 0.0828125 0.5890625 0.165625 0.140625
0 0.27421875 0.60234375 0.2765625 0.1671875
0 0.7515625 0.84609375 0.1484375 0.1828125
0 0.50390625 0.54609375 0.0796875 0.0546875
0 0.93359375 0.625 0.1328125 0.2125
0 0.6203125 0.56171875 0.115625 0.0859375