0 0.11875 0.63828125 0.171875 0.0828125
0 0.15703125 0.05 0.1609375 0.1
0 0.03671875 0.34140625 0.0734375 0.1046875
0 0.69453125 0.15859375 0.5296875 0.3171875
0 0.01953125 0.8296875 0.0046875 0.0046875
0 0.003125 0.81796875 0.003125 0.0015625
0 0.08515625 0.8765625 0.1703125 0.246875
0 0.10546875 0.75625 0.2109375 0.153125
0 0.04921875 0.76796875 0.0984375 0.1765625
0 0.00546875 0.696875 0.0109375 0.034375
0 0.640625 0.7140625 0.16875 0.06875
0 0.50703125 0.74453125 0.1546875 0.1296875
0 0.48203125 0.78203125 0.1046875 0.1890625