0 0.33671875 0.0421875 0.0015625 0.003125
0 0.5296875 0.0578125 0.0015625 0.003125
0 0.36015625 0.09453125 0.003125 0.003125
0 0.5296875 0.08671875 0.0046875 0.009375
0 0.37265625 0.1171875 0.0046875 0.00625
0 0.53125 0.096875 0.003125 0.003125
0 0.4015625 0.1390625 0.003125 0.003125
0 0.44609375 0.08203125 0.1796875 0.1640625
0 0.33359375 0.1734375 0.0015625 0.003125
0 0.4609375 0.165625 0.0015625 0.003125
0 0.371875 0.29296875 0.0015625 0.003125
0 0.36875 0.29453125 0.0015625 0.003125
0 0.36796875 0.3 0.0015625 0.003125
0 0.4171875 0.36171875 0.165625 0.2171875
0 0.5828125 0.215625 0.065625 0.2375
0 0.69609375 0.58359375 0.1953125 0.0921875
0 0.265625 0.73359375 0.4 0.2078125
0 0.675 0.71484375 0.25 0.1703125
0 0.6203125 0.88359375 0.140625 0.2328125