0 0.228125 0.00078125 0.00625 0.0015625
0 0.20859375 0.00078125 0.0015625 0.0015625
0 0.26171875 0.00078125 0.0046875 0.0015625
0 0.26640625 0.00078125 0.0015625 0.0015625
0 0.0984375 0.003125 0.009375 0.00625
0 0.16953125 0.07109375 0.3390625 0.1421875
0 0.54375 0.45390625 0.003125 0.003125
0 0.5921875 0.4765625 0.153125 0.165625
0 0.0890625 0.4296875 0.178125 0.259375
0 0.778125 0.034375 0.121875 0.06875
0 0.7078125 0.05 0.078125 0.1
0 0.91640625 0.19453125 0.146875 0.1796875
0 0.94140625 0.47578125 0.1171875 0.1671875
0 0.046875 0.7328125 0.09375 0.28125
0 0.4453125 0.87109375 0.121875 0.1734375
0 0.70390625 0.5859375 0.0703125 0.053125
0 0.70546875 0.58984375 0.0734375 0.0609375
0 0.90859375 0.62421875 0.1828125 0.1296875
0 0.70859375 0.753125 0.0796875 0.11875