0 0.08046875 0.078125 0.1609375 0.15625
0 0.30625 0.48984375 0.003125 0.003125
0 0.26484375 0.475 0.1640625 0.15
0 0.61328125 0.303125 0.4078125 0.49375
0 0.3140625 0.6984375 0.003125 0.003125
0 0.296875 0.70625 0.0015625 0.003125
0 0.2828125 0.70625 0.003125 0.003125
0 0.34609375 0.721875 0.0015625 0.003125
0 0.3171875 0.72109375 0.00625 0.00625
0 0.36328125 0.734375 0.0015625 0.003125
0 0.3078125 0.7265625 0.0015625 0.003125
0 0.33671875 0.72890625 0.00625 0.00625
0 0.35625 0.73515625 0.0015625 0.003125
0 0.321875 0.73125 0.0046875 0.0046875
0 0.375 0.740625 0.0046875 0.0046875
0 0.32109375 0.73671875 0.0015625 0.003125
0 0.30546875 0.73515625 0.0015625 0.003125
0 0.3203125 0.74296875 0.0015625 0.003125
0 0.30390625 0.74453125 0.0015625 0.003125
0 0.3296875 0.7484375 0.003125 0.003125
0 0.3140625 0.74140625 0.0234375 0.01875
0 0.33828125 0.7546875 0.003125 0.003125
0 0.2046875 0.83515625 0.409375 0.3296875
0 0.62734375 0.55078125 0.0015625 0.0015625
0 0.5859375 0.64609375 0.353125 0.1921875
0 0.90234375 0.86640625 0.1390625 0.190625
0 0.7265625 0.87578125 0.20625 0.2
0 0.4453125 0.975 0.071875 0.05