0 0.10703125 0.009375 0.0015625 0.0015625
0 0.0953125 0.0125 0.003125 0.0015625
0 0.15390625 0.0125 0.0015625 0.0015625
0 0.12890625 0.01640625 0.003125 0.003125
0 0.171875 0.01875 0.0015625 0.0015625
0 0.12265625 0.0234375 0.0015625 0.0015625
0 0.14765625 0.02109375 0.003125 0.00625
0 0.165625 0.02109375 0.0015625 0.0015625
0 0.13671875 0.02421875 0.003125 0.003125
0 0.18359375 0.021875 0.003125 0.003125
0 0.13671875 0.02890625 0.0015625 0.0015625
0 0.1234375 0.03125 0.0015625 0.0015625
0 0.1390625 0.034375 0.0015625 0.0015625
0 0.12578125 0.0390625 0.0015625 0.0015625
0 0.1484375 0.03828125 0.003125 0.0015625
0 0.13359375 0.03515625 0.0171875 0.015625
0 0.1578125 0.04140625 0.003125 0.0015625
0 0.1484375 0.1796875 0.296875 0.359375
0 0.66484375 0.1796875 0.1921875 0.359375
0 0.11875 0.665625 0.2375 0.496875
0 0.3546875 0.91484375 0.315625 0.1703125
0 0.83203125 0.80390625 0.125 0.19375
0 0.62109375 0.921875 0.1046875 0.15625