0 0.1921875 0.0125 0.1375 0.025
0 0.9265625 0.0515625 0.146875 0.103125
0 0.5859375 0.7640625 0.003125 0.003125
0 0.6 0.75546875 0.0015625 0.003125
0 0.6125 0.75546875 0.003125 0.003125
0 0.55 0.74453125 0.0015625 0.003125
0 0.57734375 0.74375 0.0046875 0.003125
0 0.53125 0.734375 0.0015625 0.003125
0 0.584375 0.7375 0.0015625 0.003125
0 0.55703125 0.7375 0.0046875 0.00625
0 0.5375 0.7328125 0.0015625 0.003125
0 0.56953125 0.7359375 0.003125 0.003125
0 0.51875 0.7296875 0.003125 0.003125
0 0.56875 0.73125 0.0015625 0.003125
0 0.584375 0.7296875 0.0015625 0.003125
0 0.5671875 0.725 0.0015625 0.003125
0 0.5828125 0.721875 0.0015625 0.003125
0 0.5578125 0.71953125 0.003125 0.003125
0 0.5734375 0.725 0.015625 0.015625
0 0.5484375 0.71484375 0.003125 0.003125
0 0.521875 0.6453125 0.19375 0.253125
0 0.20546875 0.5734375 0.1890625 0.109375
0 0.99453125 0.7875 0.0078125 0.0125
0 0.9046875 0.796875 0.190625 0.40625
0 0.66328125 0.54453125 0.0890625 0.0515625
0 0.6546875 0.528125 0.071875 0.01875