0 0.11015625 0.053125 0.0015625 0.003125
0 0.1125 0.04921875 0.0015625 0.003125
0 0.14453125 0.00078125 0.0015625 0.0015625
0 0.13359375 0.0015625 0.0046875 0.003125
0 0.16328125 0.00078125 0.0015625 0.0015625
0 0.0484375 0.0859375 0.096875 0.171875
0 0.125 0.08125 0.25 0.1625
0 0.68515625 0.0984375 0.3515625 0.196875
0 0.9 0.03828125 0.2 0.0765625
0 0.3734375 0.07109375 0.246875 0.1421875
0 0.125 0.8703125 0.25 0.259375
0 0.22109375 0.39609375 0.0015625 0.003125
0 0.125 0.52734375 0.25 0.4546875
0 0.07265625 0.428125 0.1453125 0.25625
0 0.81328125 0.90703125 0.003125 0.003125
0 0.8296875 0.8984375 0.0015625 0.003125
0 0.8421875 0.8984375 0.003125 0.003125
0 0.7796875 0.8875 0.0015625 0.003125
0 0.80703125 0.88828125 0.0046875 0.003125
0 0.7625 0.87734375 0.0015625 0.003125
0 0.815625 0.88125 0.0015625 0.003125
0 0.7875 0.88046875 0.00625 0.00625
0 0.76875 0.8765625 0.0015625 0.003125
0 0.8015625 0.878125 0.003125 0.003125
0 0.75 0.87265625 0.003125 0.003125
0 0.8015625 0.8734375 0.0015625 0.003125
0 0.81640625 0.87265625 0.0015625 0.003125
0 0.80078125 0.8671875 0.0015625 0.003125
0 0.815625 0.86484375 0.0015625 0.003125
0 0.790625 0.86171875 0.003125 0.003125
0 0.80625 0.86796875 0.0203125 0.01875
0 0.78203125 0.85625 0.003125 0.003125
0 0.8265625 0.68359375 0.346875 0.4953125
0 0.509375 0.35625 0.221875 0.1125