0 0.103125 0.5578125 0.20625 0.321875
0 0.49453125 0.49140625 0.2109375 0.3828125
0 0.18828125 0.22109375 0.259375 0.2875
0 0.63359375 0.453125 0.003125 0.003125
0 0.64140625 0.45625 0.0125 0.0140625
0 0.7296875 0.48046875 0.259375 0.4765625
0 0.63828125 0.0328125 0.0765625 0.065625
0 0.04375 0.93359375 0.0875 0.1328125
0 0.48359375 0.87734375 0.2328125 0.2453125
0 0.2828125 0.8109375 0.171875 0.184375
0 0.09921875 0.80546875 0.1984375 0.1734375
0 0.97421875 0.89453125 0.0515625 0.2015625
0 0.7609375 0.7703125 0.178125 0.103125