0 0.2234375 0.08125 0.303125 0.1625
0 0.2796875 0.51875 0.21875 0.240625
0 0.07109375 0.0515625 0.1421875 0.103125
0 0.0578125 0.15703125 0.115625 0.1421875
0 0.1109375 0.503125 0.221875 0.271875
0 0.88359375 0.246875 0.2328125 0.1625
0 0.54765625 0.13203125 0.2828125 0.2640625
0 0.65546875 0.54140625 0.3421875 0.1953125
0 0.15390625 0.81015625 0.003125 0.0015625
0 0.19453125 0.7953125 0.3890625 0.3125
0 0.13203125 0.71953125 0.2640625 0.1609375
0 0.7890625 0.69453125 0.18125 0.1109375
0 0.5171875 0.81953125 0.2375 0.1734375