0 0.25390625 0.06015625 0.0015625 0.0015625
0 0.2234375 0.03828125 0.2 0.0765625
0 0.540625 0.2828125 0.0015625 0.0015625
0 0.596875 0.00078125 0.003125 0.0015625
0 0.6328125 0.00078125 0.009375 0.0015625
0 0.6203125 0.00078125 0.00625 0.0015625
0 0.6421875 0.00078125 0.003125 0.0015625
0 0.646875 0.00078125 0.003125 0.0015625
0 0.63046875 0.0359375 0.1015625 0.071875
0 0.81953125 0.04765625 0.1796875 0.0953125
0 0.84375 0.0328125 0.190625 0.065625
0 0.165625 0.653125 0.0015625 0.0015625
0 0.228125 0.82109375 0.003125 0.0015625
0 0.21640625 0.6671875 0.003125 0.003125
0 0.25234375 0.8171875 0.0078125 0.003125
0 0.23984375 0.675 0.00625 0.003125
0 0.26171875 0.81640625 0.003125 0.003125
0 0.265625 0.696875 0.003125 0.003125
0 0.21640625 0.74609375 0.1671875 0.146875
0 0.278125 0.63359375 0.0015625 0.0015625
0 0.30390625 0.746875 0.003125 0.0015625
0 0.390625 0.65234375 0.0015625 0.0015625
0 0.39140625 0.65 0.003125 0.0015625
0 0.3953125 0.64765625 0.0015625 0.0015625
0 0.43828125 0.90703125 0.1796875 0.1234375
0 0.4625 0.68359375 0.190625 0.1328125
0 0.8140625 0.7703125 0.371875 0.459375