0 0.2265625 0.1 0.325 0.2
0 0.88203125 0.1703125 0.171875 0.2671875
0 0.071875 0.97109375 0.003125 0.0015625
0 0.44375 0.8921875 0.171875 0.215625
0 0.11875 0.8328125 0.2375 0.334375
0 0.12421875 0.596875 0.0015625 0.003125
0 0.14609375 0.59375 0.0015625 0.0015625
0 0.10625 0.575 0.0015625 0.003125
0 0.15546875 0.4703125 0.3109375 0.321875
0 0.53046875 0.5359375 0.0015625 0.003125
0 0.53046875 0.5296875 0.0015625 0.00625
0 0.53046875 0.52265625 0.0015625 0.0046875
0 0.53046875 0.5203125 0.0015625 0.003125
0 0.53125 0.47890625 0.003125 0.0109375
0 0.61328125 0.51640625 0.1671875 0.4140625