0 0.1390625 0.07734375 0.278125 0.1546875
0 0.67734375 0.04296875 0.003125 0.0015625
0 0.703125 0.10234375 0.31875 0.2046875
0 0.96796875 0.2421875 0.0640625 0.1375
0 0.19765625 0.53046875 0.003125 0.0015625
0 0.2234375 0.57109375 0.31875 0.2421875
0 0.59609375 0.84921875 0.003125 0.0015625
0 0.6 0.85 0.003125 0.0015625
0 0.834375 0.83046875 0.003125 0.0015625
0 0.83046875 0.81875 0.00625 0.0046875
0 0.840625 0.8484375 0.003125 0.0015625
0 0.75859375 0.47734375 0.3453125 0.0546875
0 0.88125 0.72265625 0.2375 0.3640625