0 0.09765625 0.40625 0.1953125 0.10625
0 0.45703125 0.28359375 0.0640625 0.2046875
0 0.221875 0.07578125 0.190625 0.1515625
0 0.53359375 0.29453125 0.0890625 0.3296875
0 0.48984375 0.00078125 0.0015625 0.0015625
0 0.8890625 0.0734375 0.221875 0.146875
0 0.7515625 0.1625 0.46875 0.325
0 0.5390625 0.04296875 0.1 0.0859375
0 0.0796875 0.73203125 0.159375 0.5015625
0 0.059375 0.51015625 0.11875 0.1015625
0 0.04921875 0.5125 0.0984375 0.10625
0 0.96484375 0.85703125 0.0703125 0.2859375
0 0.65546875 0.87265625 0.3328125 0.2546875
0 0.90234375 0.52890625 0.1953125 0.1390625
0 0.5609375 0.55078125 0.14375 0.1828125
0 0.6109375 0.47890625 0.1 0.0390625