0 0.46953125 0.04375 0.2984375 0.0875
0 0.93515625 0.24140625 0.1296875 0.4828125
0 0.4703125 0.6984375 0.003125 0.0046875
0 0.4484375 0.7390625 0.340625 0.440625
0 0.1 0.62109375 0.2 0.2046875
0 0.7046875 0.86640625 0.003125 0.003125
0 0.71328125 0.86015625 0.003125 0.003125
0 0.73828125 0.82734375 0.003125 0.003125
0 0.7359375 0.82265625 0.003125 0.0046875
0 0.7296875 0.81015625 0.003125 0.003125
0 0.728125 0.80546875 0.003125 0.003125
0 0.72265625 0.7953125 0.003125 0.003125
0 0.715625 0.78125 0.003125 0.0046875
0 0.71015625 0.76953125 0.003125 0.003125
0 0.703125 0.7546875 0.003125 0.0046875
0 0.69765625 0.74453125 0.003125 0.00625
0 0.690625 0.73125 0.0046875 0.009375
0 0.690625 0.72109375 0.003125 0.003125
0 0.65234375 0.66484375 0.003125 0.003125
0 0.64609375 0.653125 0.003125 0.0046875
0 0.63359375 0.628125 0.003125 0.0046875
0 0.628125 0.61640625 0.003125 0.003125
0 0.6984375 0.71171875 0.159375 0.3859375