0 0.18671875 0.353125 0.2484375 0.153125
0 0.09453125 0.05703125 0.1890625 0.1140625
0 0.8703125 0.00078125 0.003125 0.0015625
0 0.8671875 0.00078125 0.003125 0.0015625
0 0.8640625 0.00078125 0.003125 0.0015625
0 0.8609375 0.00078125 0.003125 0.0015625
0 0.859375 0.00078125 0.003125 0.0015625
0 0.865625 0.00078125 0.003125 0.0015625
0 0.85625 0.00078125 0.003125 0.0015625
0 0.85234375 0.00078125 0.0046875 0.0015625
0 0.8484375 0.00078125 0.003125 0.0015625
0 0.8546875 0.00078125 0.003125 0.0015625
0 0.84375 0.00078125 0.003125 0.0015625
0 0.840625 0.00078125 0.003125 0.0015625
0 0.8359375 0.00078125 0.003125 0.0015625
0 0.85625 0.00234375 0.009375 0.0046875
0 0.834375 0.00078125 0.003125 0.0015625
0 0.8421875 0.00078125 0.003125 0.0015625
0 0.8375 0.00078125 0.003125 0.0015625
0 0.83671875 0.00078125 0.0046875 0.0015625
0 0.821875 0.00078125 0.003125 0.0015625
0 0.8203125 0.00078125 0.003125 0.0015625
0 0.815625 0.00078125 0.003125 0.0015625
0 0.821875 0.00078125 0.003125 0.0015625
0 0.8140625 0.00078125 0.003125 0.0015625
0 0.8109375 0.00078125 0.003125 0.0015625
0 0.8078125 0.00078125 0.003125 0.0015625
0 0.775 0.17421875 0.45 0.3484375
0 0.38046875 0.58046875 0.3390625 0.3015625
0 0.60546875 0.4875 0.1109375 0.115625
0 0.69765625 0.48125 0.1734375 0.103125