0 0.21171875 0.48828125 0.0015625 0.003125
0 0.20859375 0.484375 0.0015625 0.003125
0 0.134375 0.253125 0.0015625 0.003125
0 0.14609375 0.25234375 0.0046875 0.00625
0 0.115625 0.25390625 0.0015625 0.003125
0 0.1875 0.1484375 0.375 0.296875
0 0.740625 0.3640625 0.503125 0.271875
0 0.87109375 0.15390625 0.2578125 0.2828125
0 0.0546875 0.98984375 0.0015625 0.003125
0 0.0625 0.98828125 0.003125 0.003125
0 0.06796875 0.9875 0.0046875 0.0046875
0 0.2515625 0.90390625 0.0015625 0.003125
0 0.25546875 0.87890625 0.0015625 0.003125
0 0.13828125 0.846875 0.2765625 0.30625
0 0.49921875 0.953125 0.1984375 0.09375