0 0.221875 0.1359375 0.003125 0.003125
0 0.196875 0.14453125 0.003125 0.003125
0 0.21953125 0.428125 0.003125 0.003125
0 0.18359375 0.27734375 0.3671875 0.3453125
0 0.53984375 0.00078125 0.0015625 0.0015625
0 0.54140625 0.0015625 0.0046875 0.003125
0 0.54140625 0.0015625 0.0046875 0.003125
0 0.6203125 0.13515625 0.1625 0.2703125
0 0.1921875 0.45078125 0.003125 0.0015625
0 0.196875 0.45078125 0.003125 0.0015625
0 0.203125 0.45078125 0.003125 0.0015625
0 0.24453125 0.9140625 0.1734375 0.171875
0 0.14375 0.78046875 0.2875 0.4390625
0 0.65859375 0.725 0.2390625 0.55