0 0.42578125 0.40546875 0.1078125 0.1859375
0 0.51015625 0.5109375 0.0609375 0.1375
0 0.534375 0.625 0.109375 0.0875
0 0.64765625 0.38984375 0.1953125 0.1625
0 0.92421875 0.3171875 0.1515625 0.25625
0 0.00078125 0.93984375 0.0015625 0.0015625
0 0.00078125 0.94453125 0.0015625 0.0015625
0 0.00078125 0.84140625 0.0015625 0.0015625
0 0.1 0.85625 0.2 0.2875
0 0.09296875 0.74609375 0.1859375 0.1546875
0 0.115625 0.85 0.23125 0.21875
0 0.41796875 0.70625 0.0828125 0.075
0 0.68046875 0.78046875 0.3734375 0.2234375