0 0.56875 0.50078125 0.0015625 0.003125
0 0.5671875 0.5 0.40625 0.259375
0 0.2453125 0.9046875 0.146875 0.190625
0 0.6625 0.63046875 0.003125 0.0015625
0 0.64453125 0.63046875 0.0015625 0.0015625
0 0.65078125 0.63046875 0.0015625 0.0015625
0 0.60390625 0.63203125 0.0078125 0.0046875
0 0.6015625 0.63046875 0.003125 0.0015625
0 0.6015625 0.63125 0.003125 0.003125
0 0.58984375 0.63359375 0.0078125 0.0078125
0 0.58203125 0.63203125 0.0046875 0.0046875
0 0.57421875 0.63046875 0.0015625 0.0015625
0 0.58203125 0.63046875 0.0015625 0.0015625
0 0.584375 0.63125 0.003125 0.003125
0 0.57734375 0.63046875 0.0015625 0.0015625
0 0.59140625 0.63203125 0.0078125 0.0046875
0 0.6703125 0.80546875 0.3 0.3515625
0 0.77109375 0.93125 0.2609375 0.1375
0 0.396875 0.91796875 0.15625 0.1640625