0 0.29609375 0.3515625 0.3515625 0.134375
0 0.359375 0.0828125 0.003125 0.003125
0 0.37265625 0.06875 0.003125 0.003125
0 0.428125 0.1265625 0.2625 0.253125
0 0.0359375 0.07109375 0.071875 0.1421875
0 0.19453125 0.04140625 0.1484375 0.0828125
0 0.4328125 0.0390625 0.2125 0.078125
0 0.7515625 0.28203125 0.1828125 0.2015625
0 0.725 0.0609375 0.265625 0.121875
0 0.00078125 0.41953125 0.0015625 0.0015625
0 0.35 0.478125 0.359375 0.11875
0 0.2203125 0.64609375 0.440625 0.4546875
0 0.05234375 0.46796875 0.1046875 0.0984375
0 0.6671875 0.51171875 0.215625 0.1859375