0 0.5984375 0.3 0.003125 0.003125
0 0.45 0.32265625 0.3 0.3484375
0 0.14921875 0.16171875 0.003125 0.003125
0 0.1453125 0.1578125 0.0046875 0.0046875
0 0.12578125 0.15078125 0.00625 0.0046875
0 0.12578125 0.15625 0.0046875 0.0046875
0 0.11875 0.21015625 0.2375 0.4203125
0 0.1625 0.5984375 0.325 0.121875
0 0.73359375 0.603125 0.2671875 0.1125
0 0.0625 0.67578125 0.0265625 0.015625
0 0.04921875 0.67578125 0.003125 0.003125
0 0.04453125 0.68359375 0.003125 0.003125
0 0.03828125 0.68046875 0.003125 0.003125
0 0.0140625 0.68828125 0.003125 0.003125
0 0.15078125 0.8296875 0.3015625 0.340625
0 0.78359375 0.83671875 0.3671875 0.3265625