0 0.05546875 0.53671875 0.1109375 0.2046875
0 0.81015625 0.1109375 0.0015625 0.0015625
0 0.8015625 0.1125 0.0015625 0.0015625
0 0.7703125 0.12890625 0.003125 0.0015625
0 0.77109375 0.13359375 0.0015625 0.003125
0 0.77109375 0.1453125 0.0015625 0.0015625
0 0.77109375 0.14921875 0.0015625 0.0015625
0 0.77265625 0.15859375 0.0015625 0.0015625
0 0.77265625 0.17265625 0.0015625 0.003125
0 0.7734375 0.1828125 0.0015625 0.0015625
0 0.775 0.196875 0.0015625 0.003125
0 0.775 0.20703125 0.0015625 0.00625
0 0.775 0.21953125 0.0015625 0.0078125
0 0.77265625 0.228125 0.0015625 0.0015625
0 0.78359375 0.2859375 0.0015625 0.0015625
0 0.78359375 0.29609375 0.0015625 0.003125
0 0.78515625 0.3203125 0.0015625 0.003125
0 0.78671875 0.33125 0.0015625 0.0015625
0 0.8265625 0.32890625 0.15625 0.428125
0 0.090625 0.73359375 0.18125 0.1890625
0 0.059375 0.8828125 0.11875 0.234375