0 0.1984375 0.140625 0.203125 0.28125
0 0.70078125 0.16953125 0.5453125 0.3390625
0 0.29609375 0.45 0.0015625 0.003125
0 0.29453125 0.4453125 0.0015625 0.003125
0 0.29296875 0.43984375 0.0015625 0.0015625
0 0.29140625 0.43984375 0.0015625 0.0015625
0 0.28984375 0.43984375 0.0015625 0.0015625
0 0.29765625 0.43984375 0.0015625 0.0015625
0 0.28828125 0.43984375 0.0015625 0.0015625
0 0.28671875 0.43984375 0.0015625 0.0015625
0 0.28515625 0.43984375 0.0015625 0.0015625
0 0.29609375 0.43984375 0.0015625 0.0015625
0 0.28359375 0.43984375 0.0015625 0.0015625
0 0.28203125 0.43984375 0.0015625 0.0015625
0 0.28203125 0.43984375 0.0015625 0.0015625
0 0.28046875 0.43984375 0.0015625 0.0015625
0 0.29453125 0.43984375 0.0015625 0.0015625
0 0.29296875 0.43984375 0.0015625 0.0015625
0 0.29140625 0.43984375 0.0015625 0.0015625
0 0.296875 0.43984375 0.003125 0.0015625
0 0.28984375 0.43984375 0.0015625 0.0015625
0 0.28984375 0.43984375 0.0015625 0.0015625
0 0.28828125 0.43984375 0.0015625 0.0015625
0 0.15 0.63046875 0.3 0.3828125
0 0.70234375 0.546875 0.0015625 0.003125
0 0.6203125 0.5015625 0.0046875 0.00625
0 0.36171875 0.60078125 0.1234375 0.3234375
0 0.68828125 0.56015625 0.3671875 0.2421875