0 0.39765625 0.2125 0.2421875 0.259375
0 0.9546875 0.19140625 0.090625 0.1390625
0 0.85546875 0.309375 0.0015625 0.0015625
0 0.94921875 0.45078125 0.1015625 0.1171875
0 0.70390625 0.48125 0.1453125 0.05625
0 0.31015625 0.5359375 0.0859375 0.053125
0 0.13359375 0.7125 0.0015625 0.0015625
0 0.04609375 0.7171875 0.0921875 0.16875
0 0.296875 0.72890625 0.1453125 0.184375
0 0.96484375 0.58515625 0.0015625 0.0015625
0 0.92890625 0.6390625 0.0015625 0.0015625
0 0.825 0.6765625 0.0015625 0.0015625
0 0.890625 0.6875 0.0015625 0.003125
0 0.878125 0.70625 0.0015625 0.0015625
0 0.8734375 0.7109375 0.0015625 0.0015625
0 0.58203125 0.6484375 0.1265625 0.19375
0 0.903125 0.78203125 0.19375 0.4359375