0 0.26640625 0.003125 0.0046875 0.00625
0 0.17109375 0.07265625 0.2578125 0.1453125
0 0.19296875 0.20390625 0.2140625 0.1109375
0 0.43828125 0.04609375 0.1671875 0.0921875
0 0.93515625 0.046875 0.1296875 0.09375
0 0.58359375 0.075 0.2515625 0.15
0 0.64140625 0.2046875 0.1515625 0.109375
0 0.21796875 0.371875 0.1640625 0.225
0 0.03359375 0.49453125 0.0671875 0.1703125
0 0.01796875 0.790625 0.0359375 0.0875
0 0.08203125 0.771875 0.15 0.2453125
0 0.02578125 0.93515625 0.0515625 0.1296875
0 0.91328125 0.3296875 0.1734375 0.140625
0 0.74375 0.63359375 0.3890625 0.5109375
0 0.6140625 0.82734375 0.3390625 0.321875