0 0.4546875 0.30078125 0.0015625 0.003125
0 0.459375 0.29296875 0.0015625 0.003125
0 0.46171875 0.2890625 0.0015625 0.003125
0 0.46640625 0.2265625 0.0015625 0.003125
0 0.3875 0.21015625 0.184375 0.2484375
0 0.04921875 0.0546875 0.0984375 0.109375
0 0.48046875 0.27578125 0.0015625 0.0046875
0 0.559375 0.19453125 0.159375 0.3890625
0 0.52890625 0.0390625 0.0984375 0.078125
0 0.68984375 0.05859375 0.1515625 0.1171875
0 0.38046875 0.99140625 0.0015625 0.003125
0 0.46796875 0.99453125 0.0015625 0.003125
0 0.33828125 0.9296875 0.0015625 0.003125
0 0.22421875 0.88046875 0.0015625 0.003125
0 0.29453125 0.87421875 0.0015625 0.003125
0 0.2796875 0.85234375 0.0015625 0.003125
0 0.2734375 0.846875 0.0015625 0.003125
0 0.04609375 0.88671875 0.0921875 0.2234375
0 0.33046875 0.76015625 0.2984375 0.4796875
0 0.24765625 0.453125 0.2015625 0.128125
0 0.89609375 0.8328125 0.2078125 0.334375