0 0.19296875 0.14296875 0.3328125 0.2859375
0 0.73984375 0.23671875 0.5203125 0.4734375
0 0.6671875 0.003125 0.1625 0.00625
0 0.21015625 0.66640625 0.0015625 0.0015625
0 0.04375 0.60234375 0.0015625 0.003125
0 0.20078125 0.61484375 0.003125 0.003125
0 0.05078125 0.57734375 0.0046875 0.0078125
0 0.1953125 0.59140625 0.0046875 0.00625
0 0.0515625 0.56796875 0.003125 0.003125
0 0.175 0.5640625 0.003125 0.003125
0 0.11796875 0.6171875 0.1765625 0.175
0 0.24296875 0.55234375 0.0015625 0.0015625
0 0.12734375 0.53046875 0.0015625 0.0015625
0 0.23828125 0.53046875 0.0015625 0.0015625
0 0.03828125 0.578125 0.0765625 0.096875
0 0.21171875 0.58125 0.1640625 0.103125
0 0.7375 0.95625 0.0015625 0.0015625
0 0.7828125 0.91328125 0.16875 0.1734375
0 0.92109375 0.5828125 0.1578125 0.10625
0 0.659375 0.58125 0.165625 0.103125