0 0.00078125 0.353125 0.0015625 0.003125
0 0.00078125 0.3515625 0.0015625 0.003125
0 0.00078125 0.3328125 0.0015625 0.00625
0 0.00078125 0.321875 0.0015625 0.00625
0 0.00078125 0.32265625 0.0015625 0.0046875
0 0.00078125 0.30546875 0.0015625 0.0046875
0 0.00078125 0.30625 0.0015625 0.003125
0 0.0046875 0.315625 0.009375 0.01875
0 0.00078125 0.3 0.0015625 0.003125
0 0.10546875 0.2 0.2109375 0.4
0 0.0578125 0.05546875 0.115625 0.1109375
0 0.62890625 0.18828125 0.1703125 0.146875
0 0.23828125 0.47734375 0.1609375 0.1546875
0 0.2671875 0.42109375 0.103125 0.0421875
0 0.46171875 0.41484375 0.1421875 0.0296875