0 0.4125 0.47421875 0.325 0.0890625
0 0.0640625 0.465625 0.128125 0.10625
0 0.24609375 0.2078125 0.4921875 0.415625
0 0.13984375 0.0984375 0.2796875 0.196875
0 0.04296875 0.20859375 0.0859375 0.1796875
0 0.82734375 0.046875 0.3453125 0.09375
0 0.6859375 0.37421875 0.19375 0.2890625
0 0.29921875 0.60625 0.3546875 0.175
0 0.90234375 0.6890625 0.1953125 0.25625
0 0.79453125 0.93828125 0.4109375 0.1234375
0 0.65859375 0.603125 0.1390625 0.16875
0 0.66640625 0.86171875 0.1546875 0.2765625
0 0.60625 0.6328125 0.034375 0.09375