0 0.01953125 0.4125 0.0390625 0.1125
0 0.8390625 0.10703125 0.321875 0.2140625
0 0.5734375 0.3390625 0.003125 0.0015625
0 0.56953125 0.35859375 0.003125 0.0015625
0 0.65546875 0.3640625 0.2515625 0.209375
0 0.58203125 0.0671875 0.1046875 0.134375
0 0.56328125 0.3671875 0.0671875 0.134375
0 0.4515625 0.64140625 0.15625 0.3453125
0 0.0765625 0.66875 0.153125 0.265625
0 0.7296875 0.73671875 0.003125 0.0015625
0 0.71328125 0.73984375 0.003125 0.0015625
0 0.57421875 0.5375 0.0890625 0.11875
0 0.6125 0.88671875 0.165625 0.2265625