0 0.0859375 0.1 0.171875 0.2
0 0.2890625 0.08671875 0.353125 0.1734375
0 0.459375 0.228125 0.2046875 0.221875
0 0.0671875 0.1640625 0.134375 0.328125
0 0.81796875 0.1484375 0.3640625 0.296875
0 0.634375 0.2328125 0.06875 0.2
0 0.39921875 0.60546875 0.0015625 0.003125
0 0.3890625 0.60703125 0.0015625 0.003125
0 0.35234375 0.62578125 0.003125 0.003125
0 0.353125 0.63125 0.0015625 0.0046875
0 0.35390625 0.6453125 0.0015625 0.003125
0 0.353125 0.64921875 0.0015625 0.003125
0 0.35390625 0.66015625 0.0015625 0.003125
0 0.35390625 0.6765625 0.0015625 0.0046875
0 0.3546875 0.6890625 0.0015625 0.003125
0 0.3546875 0.70546875 0.0015625 0.0046875
0 0.35546875 0.7171875 0.003125 0.00625
0 0.35625 0.73125 0.003125 0.009375
0 0.35234375 0.73984375 0.0015625 0.003125
0 0.36328125 0.80625 0.0015625 0.003125
0 0.3640625 0.81796875 0.0015625 0.0046875
0 0.36484375 0.846875 0.0015625 0.0046875
0 0.365625 0.85859375 0.0015625 0.003125
0 0.4109375 0.80078125 0.246875 0.3984375
0 0.90703125 0.403125 0.003125 0.0046875
0 0.8046875 0.478125 0.003125 0.0046875
0 0.8 0.6796875 0.4 0.640625