0 0.05234375 0.04609375 0.1046875 0.0921875
0 0.2828125 0.22265625 0.2125 0.1734375
0 0.38984375 0.08203125 0.0015625 0.0015625
0 0.496875 0.109375 0.215625 0.21875
0 0.66328125 0.1640625 0.2515625 0.1984375
0 0.340625 0.40859375 0.0015625 0.0015625
0 0.3359375 0.41875 0.00625 0.003125
0 0.34375 0.3921875 0.0015625 0.0015625
0 0.2703125 0.9375 0.2375 0.125
0 0.34140625 0.52578125 0.0953125 0.2734375
0 0.559375 0.45625 0.340625 0.134375
0 0.86015625 0.6265625 0.0015625 0.0015625
0 0.865625 0.64296875 0.0015625 0.0015625
0 0.8046875 0.6765625 0.225 0.1984375
0 0.78984375 0.9515625 0.2234375 0.096875