0 0.05859375 0.084375 0.1171875 0.16875
0 0.5140625 0.18515625 0.109375 0.2828125
0 0.5703125 0.00078125 0.003125 0.0015625
0 0.56953125 0.00078125 0.0015625 0.0015625
0 0.57109375 0.003125 0.0046875 0.00625
0 0.6765625 0.07578125 0.215625 0.1515625
0 0.05546875 0.57109375 0.0015625 0.003125
0 0.05390625 0.57578125 0.0015625 0.003125
0 0.07421875 0.8171875 0.0015625 0.003125
0 0.0859375 0.81484375 0.003125 0.00625
0 0.05546875 0.81875 0.0015625 0.003125
0 0.1796875 0.89375 0.35 0.2125
0 0.86640625 0.6640625 0.0015625 0.003125
0 0.61171875 0.56640625 0.0859375 0.2265625
0 0.85390625 0.69609375 0.2921875 0.2828125
0 0.68984375 0.96015625 0.003125 0.003125
0 0.66328125 0.940625 0.1234375 0.11875