0 0.12578125 0.21171875 0.2515625 0.2578125
0 0.596875 0.39453125 0.003125 0.003125
0 0.69609375 0.3140625 0.003125 0.003125
0 0.76484375 0.20703125 0.4703125 0.4140625
0 0.24921875 0.99921875 0.0015625 0.0015625
0 0.24921875 0.9890625 0.0015625 0.003125
0 0.2484375 0.9734375 0.0015625 0.003125
0 0.2484375 0.96171875 0.0015625 0.00625
0 0.24765625 0.94765625 0.0015625 0.009375
0 0.2515625 0.93828125 0.0015625 0.003125
0 0.240625 0.87421875 0.0015625 0.003125
0 0.23984375 0.8625 0.0015625 0.003125
0 0.23828125 0.834375 0.0015625 0.003125
0 0.2375 0.8234375 0.0015625 0.003125
0 0.19140625 0.81484375 0.1828125 0.3703125
0 0.5625 0.77265625 0.065625 0.2515625
0 0.871875 0.73046875 0.25625 0.2015625
0 0.5953125 0.72265625 0.13125 0.1859375