0 0.23359375 0.6328125 0.1859375 0.1125
0 0.58828125 0.3859375 0.0828125 0.240625
0 0.03046875 0.40390625 0.0609375 0.1734375
0 0.33203125 0.078125 0.1546875 0.15625
0 0.03125 0.14765625 0.0625 0.1328125
0 0.68984375 0.615625 0.1203125 0.146875
0 0.83359375 0.140625 0.3328125 0.28125
0 0.68984375 0.128125 0.1203125 0.25625
0 0.40859375 0.890625 0.1625 0.184375
0 0.040625 0.915625 0.08125 0.16875
0 0.084375 0.7546875 0.16875 0.13125
0 0.6765625 0.9421875 0.09375 0.115625
0 0.79375 0.81015625 0.328125 0.2421875