0 0.059375 0.09140625 0.11875 0.1828125
0 0.25234375 0.04921875 0.2140625 0.0984375
0 0.42734375 0.09140625 0.1359375 0.1828125
0 0.44921875 0.41875 0.1796875 0.140625
0 0.76171875 0.11015625 0.2234375 0.2203125
0 0.865625 0.45390625 0.26875 0.0703125
0 0.00078125 0.68984375 0.0015625 0.0015625
0 0.00078125 0.68984375 0.0015625 0.0015625
0 0.09375 0.60703125 0.1875 0.2109375
0 0.28359375 0.55859375 0.1515625 0.1390625
0 0.40859375 0.53046875 0.0984375 0.0828125
0 0.6078125 0.85078125 0.1984375 0.146875
0 0.61015625 0.55078125 0.3203125 0.1234375
0 0.96171875 0.525 0.0765625 0.071875