0 0.00078125 0.00078125 0.0015625 0.0015625
0 0.03125 0.11875 0.0625 0.134375
0 0.19921875 0.1765625 0.003125 0.003125
0 0.21640625 0.12421875 0.15 0.1578125
0 0.840625 0.03125 0.121875 0.0625
0 0.90546875 0.0796875 0.1890625 0.159375
0 0.2921875 0.428125 0.003125 0.003125
0 0.04609375 0.625 0.0921875 0.215625
0 0.29375 0.5234375 0.2125 0.234375
0 0.32421875 0.96953125 0.1515625 0.0609375
0 0.44140625 0.47890625 0.003125 0.003125
0 0.6234375 0.46328125 0.003125 0.003125
0 0.47578125 0.52421875 0.0046875 0.0046875
0 0.63125 0.4890625 0.0046875 0.0078125
0 0.49296875 0.54296875 0.0046875 0.00625
0 0.63515625 0.49921875 0.0046875 0.0046875
0 0.525 0.55859375 0.0046875 0.0046875
0 0.54921875 0.49296875 0.2046875 0.1859375
0 0.4703125 0.60078125 0.003125 0.003125
0 0.58671875 0.57421875 0.003125 0.003125
0 0.53515625 0.70546875 0.003125 0.003125
0 0.5328125 0.70703125 0.003125 0.003125
0 0.53359375 0.71328125 0.003125 0.003125
0 0.7921875 0.63359375 0.184375 0.20625
0 0.59375 0.7625 0.196875 0.2203125