0 0.378125 0.403125 0.234375 0.153125
0 0.94296875 0.33828125 0.0015625 0.003125
0 0.8625 0.3671875 0.275 0.225
0 0.23203125 0.603125 0.4640625 0.246875
0 0.54453125 0.8515625 0.2796875 0.296875
0 0.8078125 0.48046875 0.003125 0.0015625
0 0.8015625 0.48046875 0.003125 0.0015625
0 0.85390625 0.50859375 0.0078125 0.009375
0 0.8578125 0.51953125 0.003125 0.003125
0 0.859375 0.52890625 0.0046875 0.00625
0 0.87265625 0.56640625 0.0109375 0.015625
0 0.88359375 0.59453125 0.0046875 0.0078125
0 0.890625 0.603125 0.0015625 0.003125
0 0.8828125 0.60546875 0.0015625 0.003125
0 0.884375 0.65625 0.0046875 0.00625
0 0.89296875 0.67109375 0.0015625 0.003125
0 0.87890625 0.68046875 0.00625 0.0109375
0 0.85 0.73984375 0.3 0.5203125