0 0.50234375 0.26484375 0.0859375 0.2296875
0 0.69375 0.09375 0.16875 0.1671875
0 0.57421875 0.04609375 0.2296875 0.0921875
0 0.68359375 0.0546875 0.3328125 0.109375
0 0.06953125 0.50625 0.1390625 0.253125
0 0.00078125 0.38046875 0.0015625 0.0015625
0 0.203125 0.47421875 0.40625 0.1890625
0 0.56640625 0.7390625 0.0109375 0.0265625
0 0.5625 0.725 0.0015625 0.003125
0 0.56875 0.71875 0.0015625 0.003125
0 0.5640625 0.7140625 0.0015625 0.003125
0 0.565625 0.6875 0.0015625 0.003125
0 0.74765625 0.6078125 0.5046875 0.45625