0 0.203125 0.0984375 0.003125 0.003125
0 0.0515625 0.00078125 0.003125 0.0015625
0 0.209375 0.04140625 0.0046875 0.0046875
0 0.06484375 0.0015625 0.0078125 0.003125
0 0.209375 0.01640625 0.0046875 0.00625
0 0.06875 0.00078125 0.00625 0.0015625
0 0.196875 0.00078125 0.00625 0.0015625
0 0.125 0.06328125 0.209375 0.1265625
0 0.26953125 0.00078125 0.0046875 0.0015625
0 0.1609375 0.00078125 0.003125 0.0015625
0 0.296875 0.00078125 0.003125 0.0015625
0 0.3 0.00078125 0.003125 0.0015625
0 0.3046875 0.00078125 0.003125 0.0015625
0 0.07109375 0.05234375 0.1421875 0.1046875
0 0.29453125 0.05546875 0.2015625 0.1109375
0 0.76328125 0.1296875 0.3671875 0.259375
0 0.6234375 0.01171875 0.0875 0.0234375
0 0.3375 0.87421875 0.003125 0.003125
0 0.37578125 0.87421875 0.2265625 0.2515625
0 0.42734375 0.3203125 0.2109375 0.121875