0 0.009375 0.16328125 0.003125 0.003125
0 0.109375 0.1734375 0.21875 0.346875
0 0.2046875 0.4078125 0.234375 0.04375
0 0.40625 0.40234375 0.1875 0.0546875
0 0.77734375 0.18515625 0.003125 0.003125
0 0.78046875 0.18828125 0.003125 0.003125
0 0.9828125 0.26015625 0.003125 0.003125
0 0.98515625 0.24921875 0.00625 0.0046875
0 0.978125 0.2765625 0.003125 0.003125
0 0.00078125 0.66484375 0.0015625 0.0046875
0 0.0859375 0.79296875 0.171875 0.3890625
0 0.1921875 0.55703125 0.384375 0.2546875
0 0.296875 0.634375 0.184375 0.16875
0 0.4234375 0.48125 0.153125 0.103125
0 0.33828125 0.959375 0.2421875 0.08125
0 0.80234375 0.5578125 0.2203125 0.1765625
0 0.90703125 0.50625 0.1859375 0.153125
0 0.82734375 0.89609375 0.3453125 0.1796875