0 0.06875 0.27734375 0.1375 0.1453125
0 0.47734375 0.3109375 0.1828125 0.078125
0 0.04609375 0.09140625 0.0921875 0.1828125
0 0.0546875 0.0625 0.109375 0.125
0 0.41796875 0.0890625 0.3015625 0.178125
0 0.6171875 0.1703125 0.096875 0.340625
0 0.63515625 0.090625 0.1328125 0.18125
0 0.87578125 0.04296875 0.1765625 0.0859375
0 0.43359375 0.93671875 0.1171875 0.1265625
0 0.03046875 0.70078125 0.0609375 0.1671875
0 0.2078125 0.4625 0.1875 0.2109375
0 0.9078125 0.9453125 0.090625 0.109375
0 0.59921875 0.64375 0.0609375 0.190625
0 0.859375 0.64140625 0.1546875 0.2125