0 0.38203125 0.253125 0.003125 0.0015625
0 0.37578125 0.25234375 0.003125 0.0015625
0 0.31328125 0.16328125 0.3734375 0.2234375
0 0.0890625 0.0484375 0.178125 0.096875
0 0.04609375 0.44921875 0.0921875 0.1609375
0 0.871875 0.328125 0.25625 0.378125
0 0.70390625 0.02734375 0.1796875 0.0546875
0 0.65703125 0.0765625 0.1859375 0.153125
0 0.53203125 0.30234375 0.0640625 0.0859375
0 0.54765625 0.0421875 0.0953125 0.084375
0 0.46015625 0.796875 0.0796875 0.40625
0 0.0421875 0.53046875 0.003125 0.0015625
0 0.07734375 0.58046875 0.1546875 0.1015625
0 0.09140625 0.8453125 0.1828125 0.215625
0 0.921875 0.67109375 0.15625 0.2828125
0 0.7265625 0.5546875 0.190625 0.05
0 0.53984375 0.8375 0.0796875 0.2125