0 0.18203125 0.4546875 0.3640625 0.26875
0 0.115625 0.171875 0.23125 0.34375
0 0.59609375 0.39765625 0.0046875 0.0046875
0 0.59765625 0.3890625 0.003125 0.003125
0 0.6296875 0.38515625 0.4 0.4078125
0 0.43046875 0.08046875 0.0015625 0.0046875
0 0.43125 0.07578125 0.003125 0.0078125
0 0.43046875 0.07578125 0.0015625 0.0046875
0 0.490625 0.1671875 0.121875 0.3
0 0.84609375 0.28046875 0.3078125 0.5609375
0 0.3671875 0.58984375 0.003125 0.0015625
0 0.3671875 0.58984375 0.003125 0.0015625
0 0.365625 0.58984375 0.003125 0.0015625
0 0.365625 0.58984375 0.003125 0.0015625
0 0.365625 0.58984375 0.003125 0.0015625
0 0.35859375 0.58984375 0.0046875 0.0015625
0 0.365625 0.58984375 0.003125 0.0015625
0 0.3640625 0.58984375 0.003125 0.0015625
0 0.365625 0.58984375 0.003125 0.0015625
0 0.353125 0.58984375 0.003125 0.0015625
0 0.3640625 0.58984375 0.003125 0.0015625
0 0.36328125 0.58984375 0.0046875 0.0015625
0 0.3625 0.58984375 0.003125 0.0015625
0 0.34375 0.5921875 0.009375 0.00625
0 0.3625 0.58984375 0.003125 0.0015625
0 0.32734375 0.58984375 0.0046875 0.0015625
0 0.32734375 0.58984375 0.0046875 0.0015625
0 0.325 0.58984375 0.003125 0.0015625
0 0.325 0.58984375 0.003125 0.0015625
0 0.32578125 0.58984375 0.0046875 0.0015625
0 0.3265625 0.58984375 0.003125 0.0015625
0 0.32109375 0.58984375 0.0046875 0.0015625
0 0.32578125 0.58984375 0.0046875 0.0015625
0 0.3265625 0.58984375 0.003125 0.0015625
0 0.325 0.58984375 0.003125 0.0015625
0 0.2859375 0.7375 0.2875 0.296875
0 0.43046875 0.58984375 0.0015625 0.0015625
0 0.4390625 0.590625 0.00625 0.003125
0 0.83671875 0.709375 0.3265625 0.240625
0 0.56015625 0.7296875 0.2609375 0.28125