0 0.27421875 0.00078125 0.0046875 0.0015625
0 0.3703125 0.10078125 0.365625 0.2015625
0 0.884375 0.1953125 0.23125 0.246875
0 0.8046875 0.1140625 0.390625 0.228125
0 0.5015625 0.37578125 0.215625 0.1140625
0 0.8671875 0.646875 0.003125 0.003125
0 0.871875 0.64375 0.003125 0.003125
0 0.875 0.63984375 0.003125 0.003125
0 0.88046875 0.6359375 0.003125 0.003125
0 0.88359375 0.6328125 0.003125 0.003125
0 0.8859375 0.640625 0.003125 0.003125
0 0.88671875 0.6296875 0.003125 0.003125
0 0.89296875 0.62578125 0.003125 0.003125
0 0.89609375 0.62265625 0.003125 0.003125
0 0.903125 0.62890625 0.003125 0.003125
0 0.9046875 0.61640625 0.003125 0.003125
0 0.9078125 0.61328125 0.003125 0.003125
0 0.9125 0.609375 0.003125 0.003125
0 0.91640625 0.628125 0.0109375 0.0078125
0 0.915625 0.60703125 0.003125 0.003125
0 0.9546875 0.6109375 0.003125 0.003125
0 0.96171875 0.60546875 0.003125 0.003125
0 0.965625 0.6046875 0.003125 0.003125
0 0.98046875 0.58828125 0.003125 0.003125
0 0.98359375 0.5859375 0.003125 0.003125
0 0.9859375 0.5828125 0.003125 0.003125
0 0.9875 0.5875 0.0046875 0.0046875
0 0.98984375 0.5796875 0.003125 0.003125
0 0.99296875 0.57734375 0.003125 0.003125
0 0.996875 0.57421875 0.003125 0.003125
0 0.8046875 0.6296875 0.390625 0.621875