0 0.2984375 0.4359375 0.0015625 0.0015625
0 0.2796875 0.4046875 0.3359375 0.2703125
0 0.49296875 0.1875 0.003125 0.0015625
0 0.51953125 0.1578125 0.1171875 0.2140625
0 0.45078125 0.053125 0.1453125 0.10625
0 0.971875 0.4109375 0.003125 0.0015625
0 0.9859375 0.40234375 0.0015625 0.0015625
0 0.9984375 0.40234375 0.003125 0.0015625
0 0.9375 0.39140625 0.0015625 0.0015625
0 0.9640625 0.39140625 0.0046875 0.003125
0 0.9203125 0.38046875 0.0015625 0.0015625
0 0.97109375 0.3859375 0.0015625 0.0015625
0 0.94453125 0.384375 0.0046875 0.00625
0 0.92578125 0.38046875 0.0015625 0.0015625
0 0.95703125 0.3828125 0.003125 0.003125
0 0.9078125 0.37578125 0.003125 0.003125
0 0.95703125 0.378125 0.0015625 0.0015625
0 0.971875 0.378125 0.0015625 0.0015625
0 0.9546875 0.37265625 0.0015625 0.0015625
0 0.96953125 0.3703125 0.0015625 0.0015625
0 0.94609375 0.3671875 0.003125 0.0015625
0 0.9609375 0.37265625 0.01875 0.015625
0 0.93671875 0.3625 0.003125 0.0015625
0 0.903125 0.21171875 0.19375 0.4234375
0 0.6890625 0.06171875 0.1 0.1234375
0 0.396875 0.9453125 0.365625 0.109375
0 0.22734375 0.89609375 0.3265625 0.2078125
0 0.58359375 0.7484375 0.1109375 0.21875
0 0.67734375 0.6875 0.0765625 0.096875
0 0.70390625 0.6984375 0.1296875 0.11875
0 0.94375 0.72578125 0.1125 0.1734375