0 0.14453125 0.2234375 0.2890625 0.446875
0 0.74140625 0.27734375 0.5171875 0.3453125
0 0.14453125 0.5984375 0.2890625 0.284375
0 0.084375 0.984375 0.16875 0.03125
0 0.06015625 0.9359375 0.1203125 0.128125
0 0.87109375 0.51328125 0.2578125 0.1265625
0 0.58203125 0.56875 0.003125 0.0015625
0 0.57421875 0.5859375 0.003125 0.0015625
0 0.64140625 0.63046875 0.2546875 0.23125
0 0.63359375 0.9421875 0.2515625 0.115625
0 0.3625 0.48984375 0.146875 0.0796875
0 0.325 0.52890625 0.071875 0.1171875
0 0.34765625 0.78359375 0.1171875 0.1859375