0 0.28828125 0.09140625 0.0078125 0.00625
0 0.41953125 0.4171875 0.4703125 0.203125
0 0.1875 0.15546875 0.375 0.3109375
0 0.66015625 0.290625 0.0015625 0.003125
0 0.66015625 0.2953125 0.0015625 0.003125
0 0.66015625 0.30234375 0.0015625 0.0015625
0 0.66015625 0.30703125 0.0015625 0.0015625
0 0.66015625 0.31328125 0.0015625 0.0015625
0 0.66015625 0.31796875 0.0015625 0.0015625
0 0.66015625 0.32421875 0.0015625 0.0015625
0 0.66015625 0.33046875 0.0015625 0.0015625
0 0.73046875 0.25390625 0.1421875 0.2453125
0 0.25234375 0.79140625 0.5046875 0.3078125
0 0.89765625 0.51953125 0.0046875 0.0015625
0 0.8078125 0.51953125 0.00625 0.0015625
0 0.79375 0.51953125 0.009375 0.0015625
0 0.79296875 0.58203125 0.2671875 0.1265625