0 0.00078125 0.00078125 0.0015625 0.0015625
0 0.0875 0.11484375 0.175 0.2296875
0 0.32890625 0.27734375 0.4109375 0.3234375
0 0.82890625 0.1328125 0.003125 0.003125
0 0.75625 0.23203125 0.003125 0.003125
0 0.76953125 0.24921875 0.4609375 0.3796875
0 0.27109375 0.43984375 0.0015625 0.0015625
0 0.26328125 0.43984375 0.0015625 0.0015625
0 0.2359375 0.43984375 0.003125 0.0015625
0 0.2375 0.43984375 0.003125 0.0015625
0 0.23984375 0.43984375 0.0015625 0.0015625
0 0.24140625 0.43984375 0.0015625 0.0015625
0 0.2453125 0.4421875 0.0015625 0.003125
0 0.24921875 0.45625 0.0015625 0.003125
0 0.253125 0.46640625 0.0015625 0.003125
0 0.2578125 0.48046875 0.0015625 0.003125
0 0.2609375 0.490625 0.003125 0.00625
0 0.265625 0.50234375 0.003125 0.0078125
0 0.2640625 0.5109375 0.0015625 0.003125
0 0.2890625 0.56484375 0.0015625 0.003125
0 0.29296875 0.57421875 0.0015625 0.003125
0 0.30078125 0.5984375 0.0015625 0.003125
0 0.30390625 0.60859375 0.0015625 0.003125
0 0.34375 0.63125 0.284375 0.384375