0 0.0453125 0.64140625 0.090625 0.0953125
0 0.128125 0.39765625 0.103125 0.2140625
0 0.06796875 0.31953125 0.1359375 0.3453125
0 0.0375 0.0296875 0.075 0.059375
0 0.3953125 0.42421875 0.0015625 0.003125
0 0.9109375 0.6140625 0.178125 0.15
0 0.38359375 0.3890625 0.3640625 0.3265625
0 0.6625 0.20703125 0.003125 0.003125
0 0.6984375 0.18046875 0.1421875 0.2328125
0 0.9484375 0.1453125 0.103125 0.290625
0 0.684375 0.04921875 0.1625 0.0984375
0 0.08984375 0.8921875 0.1796875 0.215625
0 0.04140625 0.740625 0.0828125 0.103125
0 0.6234375 0.74140625 0.003125 0.003125
0 0.58359375 0.83359375 0.2765625 0.2890625