0 0.1296875 0.43046875 0.259375 0.2171875
0 0.20625 0.1234375 0.10625 0.234375
0 0.8921875 0.49453125 0.215625 0.0890625
0 0.26015625 0.12109375 0.0015625 0.0046875
0 0.26015625 0.12421875 0.0015625 0.0046875
0 0.26015625 0.12578125 0.0015625 0.0046875
0 0.33828125 0.1703125 0.003125 0.003125
0 0.3578125 0.15390625 0.003125 0.003125
0 0.346875 0.1109375 0.175 0.221875
0 0.796875 0.07421875 0.228125 0.1484375
0 0.09921875 0.6109375 0.003125 0.003125
0 0.1078125 0.5859375 0.003125 0.003125
0 0.1109375 0.57109375 0.0046875 0.0046875
0 0.1640625 0.69609375 0.190625 0.3140625
0 0.41015625 0.6640625 0.003125 0.003125
0 0.5078125 0.70078125 0.496875 0.3234375