0 0.678125 0.1828125 0.0046875 0.0046875
0 0.68359375 0.1796875 0.0046875 0.0046875
0 0.690625 0.1765625 0.003125 0.003125
0 0.6953125 0.1734375 0.003125 0.003125
0 0.7015625 0.171875 0.003125 0.003125
0 0.70703125 0.16875 0.003125 0.003125
0 0.7125 0.16640625 0.003125 0.003125
0 0.7171875 0.16328125 0.003125 0.003125
0 0.73125 0.24609375 0.2625 0.2765625
0 0.5703125 0.715625 0.059375 0.2125
0 0.3 0.9546875 0.6 0.090625
0 0.73828125 0.78359375 0.2765625 0.3484375
0 0.815625 0.65859375 0.25625 0.0984375