0 0.340625 0.00078125 0.003125 0.0015625
0 0.07109375 0.06328125 0.1421875 0.1265625
0 0.3109375 0.078125 0.315625 0.15625
0 0.05390625 0.09765625 0.003125 0.003125
0 0.046875 0.12578125 0.09375 0.2296875
0 0.0515625 0.178125 0.103125 0.284375
0 0.0515625 0.28984375 0.103125 0.0796875
0 0.5265625 0.053125 0.115625 0.10625
0 0.60703125 0.09765625 0.0015625 0.003125
0 0.60546875 0.10390625 0.0015625 0.003125
0 0.665625 0.16484375 0.275 0.3296875
0 0.0765625 0.3921875 0.153125 0.125
0 0.05625 0.56328125 0.1125 0.2359375
0 0.134375 0.59140625 0.26875 0.5234375
0 0.17421875 0.79375 0.3484375 0.36875
0 0.04140625 0.91953125 0.0828125 0.1609375
0 0.78125 0.85625 0.1703125 0.215625
0 0.5046875 0.890625 0.071875 0.21875