0 0.41171875 0.15390625 0.0015625 0.003125
0 0.39921875 0.14453125 0.003125 0.003125
0 0.3953125 0.13671875 0.0046875 0.00625
0 0.37421875 0.128125 0.0015625 0.003125
0 0.39140625 0.12890625 0.003125 0.003125
0 0.3703125 0.12265625 0.003125 0.0046875
0 0.38671875 0.1203125 0.0015625 0.003125
0 0.3703125 0.07578125 0.003125 0.0109375
0 0.378125 0.01328125 0.01875 0.0265625
0 0.48828125 0.16875 0.2390625 0.3375
0 0.0546875 0.89296875 0.109375 0.2140625
0 0.15703125 0.79765625 0.3140625 0.4046875
0 0.06953125 0.615625 0.1390625 0.19375
0 0.07890625 0.59140625 0.1578125 0.1453125
0 0.53203125 0.759375 0.3265625 0.48125