0 0.0984375 0.5203125 0.0015625 0.0015625
0 0.08984375 0.5109375 0.0015625 0.0015625
0 0.1640625 0.4640625 0.328125 0.290625
0 0.5296875 0.08984375 0.259375 0.1796875
0 0.0234375 0.90078125 0.003125 0.0015625
0 0.01875 0.903125 0.0015625 0.0015625
0 0.015625 0.90546875 0.0015625 0.0015625
0 0.009375 0.90703125 0.0015625 0.0015625
0 0.00546875 0.90859375 0.0015625 0.0015625
0 0.00625 0.9015625 0.003125 0.0015625
0 0.00234375 0.91015625 0.0015625 0.0015625
0 0.00234375 0.90234375 0.0046875 0.0046875
0 0.00078125 0.91875 0.0015625 0.003125
0 0.2 0.8375 0.4 0.325