0 0.05078125 0.2359375 0.1015625 0.209375
0 0.0484375 0.04296875 0.096875 0.0859375
0 0.9 0.234375 0.2 0.46875
0 0.715625 0.08828125 0.3125 0.1765625
0 0.42109375 0.8734375 0.1609375 0.1890625
0 0.084375 0.69921875 0.084375 0.0953125
0 0.4921875 0.5609375 0.134375 0.184375
0 0.13984375 0.525 0.1265625 0.1125
0 0.659375 0.784375 0.2 0.31875
0 0.9671875 0.61015625 0.065625 0.2546875
0 0.61875 0.5890625 0.11875 0.240625
0 0.61484375 0.52578125 0.1109375 0.1140625
0 0.83828125 0.55703125 0.3234375 0.1765625