0 0.16796875 0.14375 0.3359375 0.2875
0 0.7 0.16484375 0.6 0.3296875
0 0.30703125 0.5640625 0.1859375 0.228125
0 0.77890625 0.9515625 0.003125 0.003125
0 0.77890625 0.9421875 0.003125 0.003125
0 0.78984375 0.9046875 0.0046875 0.0046875
0 0.7953125 0.903125 0.003125 0.003125
0 0.80859375 0.9015625 0.003125 0.003125
0 0.8125 0.9 0.003125 0.003125
0 0.821875 0.8984375 0.003125 0.003125
0 0.83828125 0.89453125 0.003125 0.003125
0 0.84921875 0.89296875 0.003125 0.003125
0 0.8640625 0.88984375 0.003125 0.003125
0 0.875 0.8875 0.00625 0.003125
0 0.8890625 0.88515625 0.0078125 0.0046875
0 0.896875 0.8796875 0.003125 0.003125
0 0.96015625 0.875 0.003125 0.003125
0 0.971875 0.87265625 0.003125 0.003125
0 0.99765625 0.86796875 0.003125 0.003125
0 0.88359375 0.88046875 0.2328125 0.2390625