0 0.384375 0.32734375 0.0015625 0.003125
0 0.3828125 0.321875 0.0015625 0.003125
0 0.28359375 0.25 0.2671875 0.31875
0 0.07109375 0.09609375 0.1421875 0.1921875
0 0.43671875 0.0546875 0.2234375 0.109375
0 0.61484375 0.00078125 0.0046875 0.0015625
0 0.61875 0.0796875 0.11875 0.159375
0 0.4390625 0.94140625 0.0015625 0.003125
0 0.4375 0.9359375 0.0015625 0.003125
0 0.33828125 0.85234375 0.2671875 0.2953125
0 0.0984375 0.6140625 0.196875 0.384375
0 0.46953125 0.4640625 0.1796875 0.109375
0 0.81796875 0.84296875 0.3640625 0.3140625
0 0.74140625 0.41015625 0.0015625 0.0015625
0 0.75625 0.57109375 0.39375 0.3234375
0 0.6265625 0.57421875 0.134375 0.3296875