0 0.0015625 0.38359375 0.003125 0.0046875
0 0.00234375 0.36953125 0.003125 0.0015625
0 0.00625 0.36640625 0.0015625 0.0015625
0 0.003125 0.38203125 0.00625 0.0140625
0 0.1078125 0.26796875 0.215625 0.3015625
0 0.1328125 0.00078125 0.003125 0.0015625
0 0.17109375 0.075 0.2265625 0.15
0 0.0625 0.0921875 0.125 0.184375
0 0.55078125 0.2109375 0.1421875 0.203125
0 0.6203125 0.02265625 0.18125 0.0453125
0 0.196875 0.75234375 0.1765625 0.1375
0 0.65625 0.73671875 0.353125 0.5265625
0 0.5359375 0.51953125 0.1125 0.2015625
0 0.6234375 0.490625 0.2875 0.14375