0 0.40234375 0.53125 0.1546875 0.25625
0 0.1765625 0.4578125 0.353125 0.403125
0 0.38515625 0.16171875 0.003125 0.003125
0 0.371875 0.1515625 0.215625 0.303125
0 0.06875 0.13515625 0.1375 0.2703125
0 0.58125 0.10546875 0.003125 0.003125
0 0.61953125 0.31328125 0.2796875 0.6265625
0 0.1109375 0.790625 0.003125 0.003125
0 0.13203125 0.76328125 0.2640625 0.2078125
0 0.078125 0.7484375 0.15625 0.178125
0 0.11640625 0.734375 0.2328125 0.15
0 0.91484375 0.784375 0.0046875 0.0046875
0 0.90859375 0.77734375 0.003125 0.003125
0 0.85625 0.8296875 0.2875 0.340625
0 0.896875 0.66015625 0.00625 0.0015625
0 0.89921875 0.6609375 0.0078125 0.003125
0 0.90625 0.66015625 0.00625 0.0015625
0 0.90234375 0.73359375 0.1953125 0.1484375
0 0.61328125 0.8296875 0.2671875 0.340625