0 0.01171875 0.29296875 0.0015625 0.003125
0 0.021875 0.28828125 0.0046875 0.00625
0 0.1703125 0.34765625 0.340625 0.2640625
0 0.6375 0.15078125 0.1671875 0.234375
0 0.9265625 0.13203125 0.146875 0.2640625
0 0.50546875 0.35625 0.1109375 0.246875
0 0.2765625 0.48046875 0.003125 0.0015625
0 0.3 0.48125 0.00625 0.003125
0 0.29375 0.7375 0.3125 0.515625
0 0.09609375 0.73984375 0.1921875 0.5203125
0 0.50703125 0.63515625 0.1140625 0.3109375
0 0.65078125 0.9203125 0.0015625 0.003125
0 0.67109375 0.92578125 0.0015625 0.003125
0 0.70078125 0.853125 0.2546875 0.2875
0 0.9734375 0.82265625 0.053125 0.2828125