0 0.2421875 0.134375 0.484375 0.26875
0 0.07578125 0.134375 0.1515625 0.26875
0 0.57421875 0.1078125 0.1109375 0.215625
0 0.87265625 0.078125 0.2546875 0.15625
0 0.55 0.08203125 0.0625 0.1640625
0 0.071875 0.93671875 0.14375 0.1265625
0 0.46484375 0.778125 0.1078125 0.315625
0 0.34765625 0.56484375 0.003125 0.003125
0 0.3140625 0.534375 0.153125 0.2328125
0 0.06328125 0.4625 0.1265625 0.28125
0 0.35390625 0.34140625 0.1703125 0.1453125
0 0.91796875 0.86171875 0.1640625 0.2109375
0 0.5625 0.49453125 0.0875 0.2109375
0 0.8078125 0.45859375 0.290625 0.3390625
0 0.77578125 0.29765625 0.1546875 0.0578125