0 0.0828125 0.20625 0.165625 0.225
0 0.51171875 0.2609375 0.3140625 0.115625
0 0.80390625 0.153125 0.2703125 0.30625
0 0.04140625 0.56953125 0.0015625 0.003125
0 0.05 0.57421875 0.0015625 0.003125
0 0.07734375 0.60078125 0.003125 0.003125
0 0.075 0.60625 0.0015625 0.003125
0 0.0703125 0.61953125 0.0015625 0.003125
0 0.06875 0.6234375 0.0015625 0.003125
0 0.06484375 0.6328125 0.0015625 0.003125
0 0.06015625 0.646875 0.0015625 0.003125
0 0.05546875 0.6578125 0.0015625 0.003125
0 0.05 0.67265625 0.0015625 0.003125
0 0.04609375 0.68359375 0.003125 0.00625
0 0.04140625 0.69609375 0.0046875 0.009375
0 0.0421875 0.70625 0.0015625 0.003125
0 0.0125 0.76328125 0.0015625 0.003125
0 0.00859375 0.7734375 0.0015625 0.003125
0 0.06640625 0.7734375 0.1328125 0.453125
0 0.88125 0.39765625 0.2375 0.1578125
0 0.834375 0.7375 0.33125 0.525