0 0.07578125 0.20625 0.1515625 0.215625
0 0.45234375 0.1078125 0.1140625 0.215625
0 0.428125 0.04921875 0.1625 0.0984375
0 0.5109375 0.00234375 0.003125 0.0046875
0 0.5109375 0.00234375 0.003125 0.0046875
0 0.61328125 0.08046875 0.2078125 0.1609375
0 0.8796875 0.0359375 0.240625 0.071875
0 0.20078125 0.9453125 0.0046875 0.0046875
0 0.21328125 0.93203125 0.003125 0.003125
0 0.29453125 0.92109375 0.3171875 0.1578125
0 0.31875 0.646875 0.38125 0.328125
0 0.465625 0.82109375 0.0875 0.2046875
0 0.6765625 0.74609375 0.0015625 0.0015625
0 0.6734375 0.79765625 0.303125 0.215625