0 0.00078125 0.265625 0.0015625 0.00625
0 0.00078125 0.28515625 0.0015625 0.0015625
0 0.00078125 0.23125 0.0015625 0.003125
0 0.00078125 0.22734375 0.0015625 0.0015625
0 0.07265625 0.22890625 0.1453125 0.1609375
0 0.35546875 0.06796875 0.003125 0.003125
0 0.6796875 0.20859375 0.640625 0.2015625
0 0.3703125 0.8625 0.003125 0.0015625
0 0.43671875 0.41875 0.1546875 0.21875
0 0.5 0.8640625 0.28125 0.271875
0 0.76875 0.56484375 0.18125 0.128125
0 0.771875 0.73046875 0.19375 0.190625
0 0.8953125 0.975 0.134375 0.05
0 0.9453125 0.55859375 0.109375 0.1921875