0 0.4109375 0.63203125 0.2375 0.1140625
0 0.10234375 0.571875 0.2046875 0.234375
0 0.234375 0.32578125 0.1359375 0.1890625
0 0.08203125 0.32734375 0.1640625 0.2078125
0 0.025 0.20703125 0.05 0.1390625
0 0.22265625 0.10625 0.2078125 0.1984375
0 0.89453125 0.65546875 0.2109375 0.0671875
0 0.9703125 0.115625 0.059375 0.190625
0 0.13671875 0.7453125 0.1703125 0.1125
0 0.48359375 0.7625 0.3109375 0.146875
0 0.04609375 0.78671875 0.0921875 0.1953125
0 0.9109375 0.84453125 0.178125 0.3109375
0 0.69609375 0.82578125 0.1140625 0.2609375