0 0.30078125 0.4140625 0.1375 0.2203125
0 0.06875 0.37734375 0.1375 0.2703125
0 0.940625 0.00078125 0.00625 0.0015625
0 0.96171875 0.00078125 0.0015625 0.0015625
0 0.9046875 0.00078125 0.003125 0.0015625
0 0.89921875 0.00078125 0.0015625 0.0015625
0 0.90078125 0.1265625 0.1984375 0.253125
0 0.5328125 0.5734375 0.003125 0.003125
0 0.53828125 0.55859375 0.0984375 0.1421875
0 0.04375 0.67421875 0.0875 0.0890625
0 0.26328125 0.68203125 0.1671875 0.1046875
0 0.15546875 0.78203125 0.153125 0.2828125
0 0.765625 0.7125 0.184375 0.165625