0 0.58046875 0.23828125 0.1171875 0.0828125
0 0.65078125 0.03359375 0.0234375 0.0671875
0 0.4125 0.728125 0.0015625 0.003125
0 0.403125 0.74296875 0.0015625 0.0015625
0 0.4015625 0.75546875 0.0015625 0.003125
0 0.3953125 0.6984375 0.0015625 0.0015625
0 0.39375 0.7234375 0.003125 0.003125
0 0.38671875 0.6828125 0.0015625 0.0015625
0 0.38828125 0.73125 0.0015625 0.0015625
0 0.3875 0.70625 0.00625 0.0046875
0 0.38515625 0.6890625 0.0015625 0.0015625
0 0.3859375 0.71875 0.003125 0.003125
0 0.38359375 0.67109375 0.003125 0.003125
0 0.38125 0.71875 0.0015625 0.0015625
0 0.3796875 0.7328125 0.0015625 0.0015625
0 0.37578125 0.71875 0.0015625 0.0015625
0 0.3734375 0.7328125 0.0015625 0.0015625
0 0.371875 0.71015625 0.0015625 0.003125
0 0.3765625 0.72421875 0.015625 0.0171875
0 0.3671875 0.70234375 0.0015625 0.003125
0 0.2171875 0.78671875 0.434375 0.3703125
0 0.05625 0.4859375 0.1125 0.2
0 0.790625 0.7296875 0.175 0.128125
0 0.6609375 0.5140625 0.04375 0.06875
0 0.7 0.9421875 0.121875 0.115625
0 0.68046875 0.646875 0.0828125 0.096875