0 0.48203125 0.99921875 0.003125 0.0015625
0 0.478125 0.99921875 0.0015625 0.0015625
0 0.4578125 0.99921875 0.0015625 0.0015625
0 0.6359375 0.99609375 0.021875 0.0078125
0 0.50546875 0.99609375 0.0171875 0.0078125
0 0.62890625 0.990625 0.003125 0.0046875
0 0.56796875 0.9921875 0.1046875 0.015625
0 0.0890625 0.9890625 0.178125 0.021875
0 0.38203125 0.509375 0.003125 0.0046875
0 0.38515625 0.503125 0.0015625 0.0015625
0 0.34375 0.53984375 0.321875 0.35
0 0.27890625 0.1890625 0.003125 0.0046875
0 0.275 0.18359375 0.00625 0.0046875
0 0.2671875 0.18046875 0.0046875 0.0015625
0 0.25 0.259375 0.1953125 0.1953125
0 0.7859375 0.43203125 0.33125 0.5953125