0 0.03828125 0.32734375 0.0765625 0.2453125
0 0.32109375 0.35625 0.3890625 0.1875
0 0.18515625 0.1109375 0.003125 0.003125
0 0.16796875 0.09375 0.1578125 0.1875
0 0.06953125 0.075 0.1390625 0.15
0 0.30703125 0.0625 0.1859375 0.125
0 0.7703125 0.290625 0.1703125 0.2296875
0 0.65078125 0.08046875 0.1421875 0.1609375
0 0.0453125 0.78203125 0.090625 0.2265625
0 0.325 0.88203125 0.3 0.2359375
0 0.46796875 0.575 0.178125 0.20625
0 0.64921875 0.98125 0.003125 0.003125
0 0.65078125 0.971875 0.003125 0.003125
0 0.58046875 0.45078125 0.0015625 0.0015625
0 0.834375 0.6015625 0.33125 0.303125