0 0.44140625 0.00078125 0.0015625 0.0015625
0 0.52265625 0.00078125 0.0015625 0.0015625
0 0.38203125 0.00078125 0.0015625 0.0015625
0 0.528125 0.00078125 0.003125 0.0015625
0 0.26171875 0.00078125 0.0015625 0.0015625
0 0.32421875 0.00078125 0.0015625 0.0015625
0 0.30234375 0.00078125 0.0015625 0.0015625
0 0.29453125 0.00078125 0.0015625 0.0015625
0 0.0546875 0.05859375 0.109375 0.1171875
0 0.34765625 0.18046875 0.4046875 0.3609375
0 0.1078125 0.415625 0.215625 0.128125
0 0.91953125 0.1296875 0.1609375 0.259375
0 0.3859375 0.684375 0.115625 0.128125
0 0.25625 0.92890625 0.196875 0.1421875