0 0.09921875 0.11171875 0.1984375 0.2234375
0 0.3984375 0.00078125 0.003125 0.0015625
0 0.2421875 0.11015625 0.475 0.2203125
0 0.2078125 0.4078125 0.415625 0.084375
0 0.578125 0.40859375 0.196875 0.0828125
0 0.9453125 0.00078125 0.003125 0.0015625
0 0.94375 0.00078125 0.003125 0.0015625
0 0.94140625 0.00078125 0.0046875 0.0015625
0 0.9171875 0.00078125 0.003125 0.0015625
0 0.9359375 0.00078125 0.003125 0.0015625
0 0.93359375 0.08203125 0.1328125 0.1640625
0 0.4671875 0.45078125 0.003125 0.0015625
0 0.48046875 0.45078125 0.0015625 0.0015625
0 0.48046875 0.45078125 0.0015625 0.0015625
0 0.48046875 0.45078125 0.0015625 0.0015625
0 0.5453125 0.5078125 0.13125 0.115625
0 0.53046875 0.6765625 0.003125 0.003125
0 0.53671875 0.67890625 0.003125 0.003125
0 0.62421875 0.77890625 0.2890625 0.2671875
0 0.83046875 0.9625 0.3390625 0.075