0 0.0890625 0.115625 0.178125 0.23125
0 0.165625 0.26171875 0.33125 0.2765625
0 0.68984375 0.234375 0.171875 0.1265625
0 0.44296875 0.2421875 0.1484375 0.175
0 0.1578125 0.54609375 0.290625 0.2890625
0 0.06953125 0.93984375 0.1390625 0.1203125
0 0.06796875 0.4515625 0.1359375 0.103125
0 0.05390625 0.54296875 0.1078125 0.1453125
0 0.08125 0.83046875 0.1625 0.3390625
0 0.840625 0.6625 0.175 0.1390625
0 0.64765625 0.41796875 0.0890625 0.0359375
0 0.51171875 0.765625 0.2453125 0.153125
0 0.45390625 0.4296875 0.1671875 0.059375