0 0.240625 0.09765625 0.178125 0.1953125
0 0.2015625 0.0203125 0.203125 0.040625
0 0.35390625 0.25234375 0.0484375 0.2953125
0 0.6890625 0.23203125 0.14375 0.1890625
0 0.55 0.06640625 0.153125 0.1328125
0 0.94296875 0.0453125 0.1078125 0.090625
0 0.2125 0.95078125 0.14375 0.0984375
0 0.10234375 0.759375 0.18125 0.21875
0 0.35390625 0.85078125 0.0484375 0.2984375
0 0.54609375 0.41953125 0.0015625 0.0015625
0 0.93359375 0.59765625 0.1328125 0.3578125
0 0.7625 0.709375 0.375 0.58125
0 0.50078125 0.45234375 0.1828125 0.0671875