0 0.2140625 0.00078125 0.003125 0.0015625
0 0.2125 0.0015625 0.003125 0.003125
0 0.21328125 0.00390625 0.0078125 0.0078125
0 0.21328125 0.00234375 0.0046875 0.0046875
0 0.21640625 0.00078125 0.0015625 0.0015625
0 0.20859375 0.00078125 0.0015625 0.0015625
0 0.1921875 0.0015625 0.003125 0.003125
0 0.19453125 0.00078125 0.0015625 0.0015625
0 0.17734375 0.00234375 0.0078125 0.0046875
0 0.11640625 0.1578125 0.2328125 0.315625
0 0.07109375 0.31328125 0.1421875 0.1921875
0 0.2453125 0.3265625 0.2375 0.165625
0 0.58046875 0.00078125 0.0015625 0.0015625
0 0.6 0.15703125 0.275 0.3140625
0 0.06484375 0.87578125 0.1296875 0.2484375
0 0.51484375 0.8671875 0.1921875 0.265625