0 0.04765625 0.26484375 0.0953125 0.1453125
0 0.05 0.2828125 0.1 0.171875
0 0.69609375 0.2234375 0.5765625 0.290625
0 0.55390625 0.14140625 0.3765625 0.2828125
0 0.06484375 0.88515625 0.1296875 0.1921875
0 0.03515625 0.565625 0.0703125 0.13125
0 0.0578125 0.415625 0.115625 0.09375
0 0.928125 0.6375 0.0140625 0.0046875
0 0.91875 0.61796875 0.1625 0.3921875
0 0.771875 0.94921875 0.45625 0.1015625
0 0.4421875 0.96171875 0.003125 0.0015625
0 0.34609375 0.5265625 0.0078125 0.003125
0 0.346875 0.5453125 0.115625 0.1125
0 0.45703125 0.44296875 0.3359375 0.1484375
0 0.38671875 0.86171875 0.1953125 0.2765625