0 0.4796875 0.4203125 0.159375 0.1375
0 0.378125 0.2703125 0.3625 0.271875
0 0.6765625 0.16796875 0.234375 0.3359375
0 0.86953125 0.0453125 0.2609375 0.090625
0 0.24765625 0.6828125 0.1140625 0.046875
0 0.484375 0.68515625 0.15 0.0515625
0 0.49453125 0.7 0.1296875 0.08125
0 0.5671875 0.9953125 0.0125 0.009375
0 0.596875 0.9875 0.0078125 0.003125
0 0.60625 0.98046875 0.0015625 0.0015625
0 0.60703125 0.98828125 0.0015625 0.0015625
0 0.65703125 0.9859375 0.00625 0.003125
0 0.67265625 0.978125 0.0015625 0.0015625
0 0.67890625 0.9921875 0.009375 0.00625
0 0.7796875 0.95703125 0.440625 0.0859375