0 0.58359375 0.12109375 0.1328125 0.2421875
0 0.87265625 0.178125 0.2546875 0.303125
0 0.93359375 0.0578125 0.1328125 0.115625
0 0.69453125 0.075 0.0890625 0.15
0 0.31328125 0.89921875 0.225 0.1609375
0 0.09765625 0.67421875 0.1953125 0.1890625
0 0.5359375 0.475 0.228125 0.253125
0 0.65078125 0.8828125 0.0015625 0.003125
0 0.975 0.80625 0.0015625 0.003125
0 0.97421875 0.79375 0.0015625 0.0015625
0 0.978125 0.78984375 0.003125 0.003125
0 0.725 0.73515625 0.15 0.3953125
0 0.7890625 0.4515625 0.159375 0.24375