0 0.36875 0.31015625 0.0015625 0.003125
0 0.07109375 0.33515625 0.1421875 0.5296875
0 0.24453125 0.18671875 0.4890625 0.3734375
0 0.9265625 0.2328125 0.146875 0.290625
0 0.57890625 0.27890625 0.1578125 0.3390625
0 0.63203125 0.05390625 0.003125 0.009375
0 0.6265625 0.0109375 0.003125 0.009375
0 0.59375 0.0625 0.109375 0.125
0 0.38046875 0.6921875 0.0046875 0.00625
0 0.453125 0.60234375 0.015625 0.0046875
0 0.340625 0.75390625 0.31875 0.3078125
0 0.5828125 0.6734375 0.0015625 0.003125
0 0.609375 0.68046875 0.21875 0.1609375