0 0.09375 0.215625 0.003125 0.003125
0 0.1 0.22265625 0.003125 0.003125
0 0.13046875 0.2453125 0.0046875 0.0046875
0 0.13515625 0.24296875 0.003125 0.003125
0 0.146875 0.2375 0.003125 0.003125
0 0.15 0.2359375 0.003125 0.003125
0 0.15859375 0.23125 0.003125 0.003125
0 0.17109375 0.22421875 0.003125 0.003125
0 0.18125 0.21875 0.003125 0.003125
0 0.19453125 0.21171875 0.003125 0.003125
0 0.20390625 0.20625 0.00625 0.003125
0 0.2140625 0.2 0.0078125 0.0046875
0 0.22421875 0.2 0.003125 0.003125
0 0.27265625 0.1640625 0.003125 0.003125
0 0.28125 0.15859375 0.003125 0.003125
0 0.30390625 0.14609375 0.003125 0.003125
0 0.31328125 0.140625 0.003125 0.003125
0 0.2890625 0.13046875 0.475 0.2609375
0 0.79453125 0.1265625 0.4109375 0.253125
0 0.40078125 0.6859375 0.2796875 0.2828125
0 0.89296875 0.86796875 0.025 0.015625
0 0.90703125 0.865625 0.003125 0.003125
0 0.909375 0.85859375 0.003125 0.003125
0 0.915625 0.86015625 0.003125 0.003125
0 0.9390625 0.85 0.003125 0.003125
0 0.80546875 0.71171875 0.3890625 0.4453125