0 0.26796875 0.08125 0.2546875 0.1625
0 0.05390625 0.05078125 0.1078125 0.1015625
0 0.2046875 0.0515625 0.1125 0.103125
0 0.0734375 0.0890625 0.146875 0.178125
0 0.66953125 0.17421875 0.003125 0.0015625
0 0.690625 0.1734375 0.0046875 0.003125
0 0.71796875 0.12109375 0.3515625 0.2421875
0 0.490625 0.15625 0.1625 0.3125
0 0.0375 0.85859375 0.075 0.1828125
0 0.2 0.640625 0.140625 0.1625
0 0.284375 0.33046875 0.003125 0.0015625
0 0.29765625 0.3921875 0.2234375 0.125
0 0.50390625 0.65390625 0.1890625 0.4015625
0 0.89140625 0.52265625 0.1015625 0.159375
0 0.82578125 0.38125 0.1421875 0.103125