0 0.31484375 0.02890625 0.0015625 0.0015625
0 0.33671875 0.0953125 0.2046875 0.16875
0 0.04375 0.00078125 0.00625 0.0015625
0 0.09609375 0.078125 0.1921875 0.15625
0 0.71953125 0.08984375 0.5609375 0.1796875
0 0.5 0.36015625 0.121875 0.1390625
0 0.2375 0.653125 0.115625 0.0890625
0 0.009375 0.88359375 0.0015625 0.0015625
0 0.05390625 0.959375 0.1078125 0.08125
0 0.04921875 0.72734375 0.0984375 0.1546875
0 0.86796875 0.73046875 0.121875 0.0921875
0 0.69453125 0.4734375 0.0015625 0.0015625
0 0.7296875 0.46015625 0.140625 0.0609375
0 0.55234375 0.97890625 0.1265625 0.0421875
0 0.47265625 0.58125 0.0671875 0.1
0 0.46875 0.86171875 0.059375 0.0890625