0 0.26484375 0.03046875 0.2328125 0.0609375
0 0.1203125 0.13984375 0.2359375 0.25625
0 0.5953125 0.053125 0.13125 0.10625
0 0.88984375 0.08671875 0.2203125 0.1734375
0 0.8015625 0.2390625 0.18125 0.059375
0 0.33671875 0.58515625 0.3859375 0.4203125
0 0.075 0.865625 0.15 0.2125
0 0.46640625 0.88671875 0.1265625 0.2265625
0 0.575 0.3515625 0.090625 0.165625
0 0.53046875 0.8703125 0.0015625 0.003125
0 0.9046875 0.87734375 0.190625 0.2453125
0 0.78203125 0.70390625 0.4359375 0.5921875
0 0.58515625 0.89375 0.1109375 0.2125