0 0.00078125 0.00078125 0.0015625 0.0015625
0 0.18984375 0.12734375 0.2796875 0.2546875
0 0.078125 0.1375 0.15625 0.275
0 0.26171875 0.45390625 0.003125 0.003125
0 0.00078125 0.3484375 0.0015625 0.003125
0 0.00078125 0.35625 0.0015625 0.003125
0 0.00078125 0.365625 0.0015625 0.003125
0 0.0921875 0.45625 0.184375 0.2875
0 0.25546875 0.503125 0.3484375 0.19375
0 0.925 0.3390625 0.15 0.215625
0 0.303125 0.7 0.003125 0.003125
0 0.2953125 0.71328125 0.0078125 0.0109375
0 0.21484375 0.8 0.4296875 0.4
0 0.6109375 0.8 0.3625 0.4