0 0.6046875 0.03828125 0.15 0.0765625
0 0.18125 0.0390625 0.165625 0.078125
0 0.03828125 0.21796875 0.0765625 0.1953125
0 0.91875 0.13125 0.1625 0.2625
0 0.34140625 0.4171875 0.1359375 0.1859375
0 0.025 0.68359375 0.05 0.0921875
0 0.5125 0.77109375 0.1390625 0.2671875
0 0.115625 0.89453125 0.0984375 0.1828125
0 0.903125 0.41875 0.19375 0.2
0 0.69765625 0.6296875 0.0015625 0.003125
0 0.73359375 0.56875 0.1078125 0.25
0 0.7203125 0.57109375 0.08125 0.2484375
0 0.72734375 0.959375 0.0953125 0.08125
0 0.72109375 0.9421875 0.0828125 0.115625