0 0.10390625 0.2796875 0.2078125 0.4
0 0.10625 0.06796875 0.175 0.1359375
0 0.3234375 0.0625 0.190625 0.125
0 0.0453125 0.05546875 0.090625 0.1109375
0 0.659375 0.4453125 0.15 0.06875
0 0.546875 0.08671875 0.171875 0.1734375
0 0.678125 0.06953125 0.25 0.1390625
0 0.33203125 0.9265625 0.1734375 0.146875
0 0.0984375 0.859375 0.196875 0.28125
0 0.26640625 0.67109375 0.28125 0.3578125
0 0.04375 0.53125 0.0875 0.103125
0 0.596875 0.8375 0.35625 0.325
0 0.92890625 0.6421875 0.1421875 0.325
0 0.4625 0.5171875 0.0875 0.075