0 0.2671875 0.484375 0.159375 0.090625
0 0.47421875 0.27578125 0.1703125 0.2015625
0 0.05 0.10625 0.1 0.128125
0 0.925 0.20390625 0.0015625 0.003125
0 0.6203125 0.32578125 0.121875 0.2359375
0 0.884375 0.17265625 0.23125 0.2890625
0 0.6859375 0.00078125 0.003125 0.0015625
0 0.65390625 0.0546875 0.1203125 0.109375
0 0.6171875 0.06640625 0.115625 0.1328125
0 0.68984375 0.05625 0.1484375 0.1125
0 0.1640625 0.98125 0.0015625 0.003125
0 0.171875 0.95859375 0.0015625 0.003125
0 0.090625 0.890625 0.18125 0.21875
0 0.465625 0.63984375 0.18125 0.2203125
0 0.73125 0.8640625 0.34375 0.271875