0 0.284375 0.00078125 0.003125 0.0015625
0 0.21328125 0.0921875 0.2796875 0.184375
0 0.1484375 0.3625 0.296875 0.134375
0 0.65703125 0.36171875 0.1546875 0.1359375
0 0.31015625 0.43203125 0.0015625 0.003125
0 0.29609375 0.57421875 0.2828125 0.2890625
0 0.025 0.85 0.0015625 0.003125
0 0.01953125 0.8515625 0.003125 0.003125
0 0.00625 0.86953125 0.003125 0.00625
0 0.0125 0.87109375 0.003125 0.0046875
0 0.09453125 0.90234375 0.1890625 0.1953125
0 0.8765625 0.68125 0.00625 0.028125
0 0.871875 0.69609375 0.0015625 0.003125
0 0.87890625 0.703125 0.0015625 0.003125
0 0.8734375 0.7078125 0.0015625 0.0046875
0 0.87421875 0.7359375 0.0015625 0.0046875
0 0.9203125 0.7875 0.159375 0.425