0 0.30234375 0.24765625 0.4546875 0.4953125
0 0.70625 0.00078125 0.003125 0.0015625
0 0.7046875 0.00078125 0.003125 0.0015625
0 0.7015625 0.00078125 0.003125 0.0015625
0 0.6984375 0.00078125 0.003125 0.0015625
0 0.6953125 0.00078125 0.003125 0.0015625
0 0.703125 0.00078125 0.003125 0.0015625
0 0.6921875 0.00078125 0.003125 0.0015625
0 0.6890625 0.00078125 0.003125 0.0015625
0 0.6859375 0.00078125 0.003125 0.0015625
0 0.6921875 0.00078125 0.003125 0.0015625
0 0.6796875 0.00078125 0.003125 0.0015625
0 0.6765625 0.00078125 0.003125 0.0015625
0 0.671875 0.00078125 0.003125 0.0015625
0 0.69140625 0.00234375 0.0078125 0.0046875
0 0.6703125 0.00078125 0.003125 0.0015625
0 0.678125 0.00078125 0.003125 0.0015625
0 0.671875 0.00078125 0.003125 0.0015625
0 0.671875 0.00078125 0.003125 0.0015625
0 0.6578125 0.00078125 0.003125 0.0015625
0 0.6546875 0.00078125 0.003125 0.0015625
0 0.6515625 0.00078125 0.003125 0.0015625
0 0.65625 0.00078125 0.003125 0.0015625
0 0.6484375 0.00078125 0.003125 0.0015625
0 0.6453125 0.00078125 0.003125 0.0015625
0 0.6421875 0.00078125 0.003125 0.0015625
0 0.7671875 0.1625 0.434375 0.325
0 0.0671875 0.81953125 0.003125 0.003125
0 0.07109375 0.81953125 0.003125 0.003125
0 0.08515625 0.8078125 0.003125 0.003125
0 0.09453125 0.69609375 0.1890625 0.2921875
0 0.809375 0.8921875 0.38125 0.215625
0 0.86484375 0.653125 0.2703125 0.20625