0 0.0296875 0.3515625 0.003125 0.0015625
0 0.09140625 0.059375 0.1828125 0.11875
0 0.07109375 0.3546875 0.1421875 0.309375
0 0.00078125 0.125 0.0015625 0.003125
0 0.05703125 0.09453125 0.1140625 0.1078125
0 0.0671875 0.05546875 0.134375 0.1109375
0 0.03671875 0.15625 0.0734375 0.13125
0 0.89609375 0.03828125 0.003125 0.003125
0 0.88515625 0.02265625 0.003125 0.0015625
0 0.88125 0.009375 0.003125 0.003125
0 0.8828125 0.0734375 0.003125 0.0015625
0 0.87734375 0.0453125 0.003125 0.0046875
0 0.875 0.0921875 0.003125 0.0015625
0 0.86953125 0.0375 0.003125 0.0015625
0 0.8734375 0.065625 0.00625 0.0046875
0 0.87265625 0.0859375 0.003125 0.0015625
0 0.86875 0.05234375 0.003125 0.003125
0 0.8734375 0.10546875 0.003125 0.003125
0 0.86328125 0.053125 0.003125 0.0015625
0 0.8609375 0.0375 0.003125 0.0015625
0 0.8578125 0.0546875 0.003125 0.0015625
0 0.85234375 0.03828125 0.003125 0.0015625
0 0.8546875 0.0640625 0.003125 0.003125
0 0.85703125 0.0484375 0.0171875 0.0171875
0 0.8515625 0.0734375 0.003125 0.003125
0 0.65859375 0.09140625 0.4796875 0.1828125
0 0.39140625 0.3953125 0.1046875 0.1875
0 0.27890625 0.99296875 0.003125 0.0015625
0 0.27265625 0.99296875 0.003125 0.0015625
0 0.03984375 0.728125 0.0796875 0.175
0 0.38359375 0.75859375 0.0890625 0.1953125