0 0.07734375 0.1578125 0.1546875 0.2
0 0.5296875 0.14375 0.259375 0.2875
0 0.23203125 0.6140625 0.0015625 0.003125
0 0.22578125 0.5984375 0.0015625 0.0015625
0 0.22734375 0.5859375 0.0015625 0.003125
0 0.20859375 0.64453125 0.0015625 0.0015625
0 0.2125 0.61875 0.0046875 0.0046875
0 0.196875 0.66015625 0.0015625 0.0015625
0 0.2078125 0.61015625 0.0015625 0.0015625
0 0.20234375 0.63671875 0.0078125 0.00625
0 0.196875 0.6546875 0.0015625 0.0015625
0 0.20390625 0.6234375 0.003125 0.003125
0 0.1921875 0.671875 0.003125 0.003125
0 0.19921875 0.6234375 0.0015625 0.0015625
0 0.2 0.609375 0.0015625 0.0015625
0 0.1921875 0.6234375 0.0015625 0.0015625
0 0.1921875 0.60859375 0.0015625 0.0015625
0 0.18671875 0.6328125 0.0015625 0.003125
0 0.19375 0.61875 0.015625 0.0203125
0 0.18046875 0.640625 0.0015625 0.003125
0 0.1328125 0.58828125 0.265625 0.3578125
0 0.0609375 0.86484375 0.121875 0.2328125
0 0.72109375 0.528125 0.3796875 0.2375
0 0.4578125 0.4640625 0.115625 0.109375
0 0.48203125 0.78984375 0.1640625 0.3578125