0 0.121875 0.29609375 0.24375 0.1453125
0 0.28359375 0.1421875 0.1515625 0.19375
0 0.040625 0.03359375 0.078125 0.0671875
0 0.79375 0.25546875 0.0015625 0.003125
0 0.4078125 0.2859375 0.096875 0.165625
0 0.81015625 0.21953125 0.3484375 0.2984375
0 0.56796875 0.00078125 0.0046875 0.0015625
0 0.53671875 0.0578125 0.1171875 0.115625
0 0.4125 0.0703125 0.10625 0.140625
0 0.59140625 0.05859375 0.1453125 0.1171875
0 0.06875 0.8828125 0.1375 0.234375
0 0.1640625 0.85625 0.328125 0.2875
0 0.034375 0.65703125 0.06875 0.1734375
0 0.18828125 0.59609375 0.1625 0.2359375
0 0.01640625 0.3765625 0.003125 0.003125
0 0.01171875 0.465625 0.0234375 0.19375
0 0.09375 0.4453125 0.1875 0.153125
0 0.92265625 0.7890625 0.1546875 0.25