0 0.0546875 0.57265625 0.109375 0.0328125
0 0.03984375 0.4171875 0.0796875 0.215625
0 0.2015625 0.2234375 0.1484375 0.19375
0 0.28125 0.00078125 0.003125 0.0015625
0 0.29765625 0.0734375 0.2390625 0.146875
0 0.57734375 0.42265625 0.1171875 0.3328125
0 0.60703125 0.4 0.1078125 0.184375
0 0.56171875 0.1015625 0.0859375 0.203125
0 0.053125 0.9359375 0.10625 0.128125
0 0.3734375 0.82421875 0.18125 0.2890625
0 0.1296875 0.72890625 0.1203125 0.2328125
0 0.078125 0.68359375 0.15625 0.1890625
0 0.61171875 0.79453125 0.1859375 0.4109375