0 0.06015625 0.3703125 0.1203125 0.296875
0 0.784375 0.259375 0.43125 0.51875
0 0.146875 0.80546875 0.0015625 0.0015625
0 0.1546875 0.80859375 0.0015625 0.0015625
0 0.1734375 0.83671875 0.003125 0.003125
0 0.17109375 0.840625 0.003125 0.003125
0 0.165625 0.85078125 0.0015625 0.0015625
0 0.16328125 0.85546875 0.0015625 0.0015625
0 0.15859375 0.8640625 0.0015625 0.0015625
0 0.1515625 0.87734375 0.003125 0.003125
0 0.1453125 0.8875 0.0015625 0.0015625
0 0.13828125 0.90078125 0.003125 0.003125
0 0.1328125 0.909375 0.003125 0.00625
0 0.1265625 0.921875 0.0046875 0.0078125
0 0.125 0.93046875 0.0015625 0.0015625
0 0.08828125 0.98125 0.0015625 0.0015625
0 0.0828125 0.990625 0.003125 0.003125
0 0.09140625 0.8890625 0.1828125 0.221875
0 0.75625 0.8453125 0.3625 0.309375