0 0.06171875 0.2703125 0.1234375 0.51875
0 0.52734375 0.11640625 0.0953125 0.2328125
0 0.225 0.59140625 0.0015625 0.003125
0 0.22578125 0.58671875 0.0015625 0.0015625
0 0.2265625 0.5828125 0.0015625 0.0015625
0 0.22890625 0.57734375 0.0015625 0.0015625
0 0.23125 0.5734375 0.0015625 0.0015625
0 0.2234375 0.57421875 0.0015625 0.003125
0 0.23203125 0.56953125 0.0015625 0.0015625
0 0.234375 0.5640625 0.0015625 0.0015625
0 0.234375 0.56015625 0.0015625 0.0015625
0 0.2265625 0.55390625 0.0015625 0.0015625
0 0.2375 0.55 0.0015625 0.0015625
0 0.2390625 0.54765625 0.0015625 0.0015625
0 0.24140625 0.540625 0.0015625 0.0015625
0 0.22265625 0.5421875 0.0046875 0.009375
0 0.2421875 0.53671875 0.0015625 0.0015625
0 0.2296875 0.53046875 0.003125 0.0015625
0 0.25625 0.74765625 0.446875 0.4359375
0 0.48046875 0.6 0.0015625 0.003125
0 0.48046875 0.59296875 0.0015625 0.0078125
0 0.48046875 0.5859375 0.0015625 0.003125
0 0.48046875 0.58203125 0.0015625 0.0046875
0 0.48125 0.53828125 0.003125 0.0078125
0 0.484375 0.54140625 0.009375 0.0234375
0 0.559375 0.6734375 0.159375 0.2875