0 0.2828125 0.0421875 0.190625 0.084375
0 0.35703125 0.1015625 0.1234375 0.203125
0 0.1359375 0.2734375 0.271875 0.171875
0 0.4875 0.0515625 0.1375 0.103125
0 0.77890625 0.28359375 0.1609375 0.1515625
0 0.490625 0.20078125 0.14375 0.3171875
0 0.209375 0.48671875 0.41875 0.2546875
0 0.321875 0.6265625 0.1484375 0.171875
0 0.0609375 0.63515625 0.121875 0.2328125
0 0.1265625 0.865625 0.003125 0.003125
0 0.10390625 0.87109375 0.2078125 0.2578125
0 0.50078125 0.4015625 0.1640625 0.084375
0 0.73984375 0.4265625 0.1890625 0.134375
0 0.5875 0.67734375 0.1734375 0.2703125
0 0.5015625 0.89765625 0.165625 0.2046875
0 0.771875 0.9234375 0.271875 0.153125