0 0.00078125 0.1859375 0.0015625 0.003125
0 0.325 0.08671875 0.0015625 0.003125
0 0.32734375 0.09921875 0.0015625 0.003125
0 0.33203125 0.10234375 0.003125 0.003125
0 0.3953125 0.1203125 0.228125 0.240625
0 0.05625 0.33984375 0.1125 0.3984375
0 0.2234375 0.45859375 0.20625 0.1609375
0 0.00078125 0.66875 0.0015625 0.003125
0 0.00078125 0.6921875 0.0015625 0.003125
0 0.07890625 0.78046875 0.1578125 0.3609375
0 0.396875 0.8453125 0.225 0.309375
0 0.7875 0.53984375 0.003125 0.0015625
0 0.58203125 0.64453125 0.1453125 0.2109375
0 0.76015625 0.66875 0.3234375 0.259375
0 0.73203125 0.8796875 0.0015625 0.003125
0 0.70859375 0.88828125 0.0015625 0.003125
0 0.75234375 0.9 0.0015625 0.003125
0 0.71171875 0.92265625 0.3765625 0.1546875