0 0.20078125 0.1578125 0.003125 0.0015625
0 0.19296875 0.14453125 0.003125 0.003125
0 0.1859375 0.140625 0.00625 0.0046875
0 0.18203125 0.1203125 0.003125 0.0015625
0 0.1796875 0.1359375 0.003125 0.003125
0 0.1765625 0.1171875 0.003125 0.003125
0 0.1734375 0.13203125 0.003125 0.0015625
0 0.134375 0.10703125 0.0078125 0.00625
0 0.1203125 0.1015625 0.003125 0.0015625
0 0.1109375 0.0953125 0.003125 0.0015625
0 0.1078125 0.0765625 0.003125 0.0015625
0 0.0203125 0.015625 0.040625 0.03125
0 0.18125 0.16171875 0.3625 0.3234375
0 0.82421875 0.3828125 0.025 0.0078125
0 0.81015625 0.38515625 0.003125 0.0015625
0 0.8046875 0.37890625 0.003125 0.0015625
0 0.79921875 0.38359375 0.003125 0.0015625
0 0.7734375 0.38046875 0.003125 0.0015625
0 0.66953125 0.20390625 0.5609375 0.4078125
0 0.41875 0.00703125 0.05625 0.0140625
0 0.03359375 0.97890625 0.0671875 0.0421875
0 0.79609375 0.7703125 0.4078125 0.221875
0 0.48203125 0.828125 0.1859375 0.16875