0 0.47265625 0.29921875 0.003125 0.0015625
0 0.4859375 0.28984375 0.0015625 0.0015625
0 0.49765625 0.28671875 0.003125 0.0015625
0 0.4390625 0.28515625 0.0015625 0.0015625
0 0.46484375 0.28203125 0.003125 0.003125
0 0.42109375 0.27890625 0.0015625 0.0015625
0 0.47109375 0.27421875 0.0015625 0.0015625
0 0.4453125 0.27734375 0.003125 0.00625
0 0.42734375 0.2765625 0.0015625 0.0015625
0 0.45703125 0.27421875 0.003125 0.003125
0 0.409375 0.2765625 0.003125 0.003125
0 0.45703125 0.26953125 0.0015625 0.0015625
0 0.4703125 0.2671875 0.0015625 0.0015625
0 0.4546875 0.26484375 0.0015625 0.0015625
0 0.46953125 0.259375 0.0015625 0.0015625
0 0.44609375 0.26015625 0.003125 0.0015625
0 0.46015625 0.2640625 0.0171875 0.0140625
0 0.43671875 0.25703125 0.003125 0.0015625
0 0.41171875 0.15078125 0.1953125 0.3015625
0 0.09765625 0.065625 0.1828125 0.13125
0 0.63359375 0.175 0.2484375 0.35
0 0.04765625 0.9375 0.0953125 0.125
0 0.378125 0.890625 0.2625 0.21875
0 0.0546875 0.6328125 0.109375 0.203125
0 0.365625 0.48046875 0.196875 0.2609375
0 0.18671875 0.37265625 0.0828125 0.0453125
0 0.75390625 0.8625 0.2171875 0.275
0 0.5609375 0.57265625 0.0015625 0.0015625
0 0.5453125 0.565625 0.0015625 0.0015625
0 0.55703125 0.6234375 0.0953125 0.221875
0 0.5515625 0.6078125 0.084375 0.221875
0 0.89375 0.40703125 0.16875 0.1140625
0 0.59296875 0.38125 0.0984375 0.0625
0 0.546875 0.4015625 0.075 0.103125