0 0.2234375 0.3046875 0.446875 0.609375
0 0.99453125 0.45625 0.0015625 0.003125
0 0.9453125 0.41171875 0.0015625 0.003125
0 0.82734375 0.40703125 0.0015625 0.003125
0 0.89609375 0.37421875 0.0015625 0.003125
0 0.878125 0.35859375 0.0015625 0.003125
0 0.871875 0.35625 0.0015625 0.003125
0 0.57578125 0.50703125 0.1515625 0.2046875
0 0.88125 0.2546875 0.2375 0.509375
0 0.7796875 0.06171875 0.215625 0.1234375
0 0.221875 0.90703125 0.0015625 0.003125
0 0.09765625 0.76875 0.109375 0.134375
0 0.38828125 0.61015625 0.0015625 0.0015625
0 0.428125 0.64765625 0.13125 0.0765625
0 0.02890625 0.64375 0.0578125 0.06875
0 0.28984375 0.64609375 0.1171875 0.0734375
0 0.025 0.6421875 0.05 0.065625
0 0.64921875 0.8046875 0.2984375 0.390625
0 0.7453125 0.66953125 0.253125 0.1203125