0 0.49453125 0.00078125 0.0078125 0.0015625
0 0.51015625 0.00078125 0.0015625 0.0015625
0 0.459375 0.00078125 0.003125 0.0015625
0 0.45390625 0.00078125 0.0015625 0.0015625
0 0.60390625 0.003125 0.0140625 0.00625
0 0.50625 0.10078125 0.40625 0.2015625
0 0.00078125 0.4171875 0.0015625 0.003125
0 0.0546875 0.42578125 0.109375 0.2078125
0 0.38359375 0.47734375 0.2703125 0.1046875
0 0.64453125 0.8859375 0.1296875 0.228125
0 0.13046875 0.84765625 0.2609375 0.3046875
0 0.8578125 0.8 0.0015625 0.003125
0 0.85546875 0.80546875 0.0015625 0.003125
0 0.80234375 0.8265625 0.1859375 0.346875