0 0.11328125 0.11484375 0.2265625 0.2296875
0 0.1359375 0.01953125 0.203125 0.0390625
0 0.06328125 0.090625 0.1265625 0.18125
0 0.8765625 0.1578125 0.246875 0.315625
0 0.521875 0.07890625 0.065625 0.1578125
0 0.53515625 0.05 0.0921875 0.1
0 0.3234375 0.96015625 0.19375 0.0796875
0 0.3953125 0.690625 0.1875 0.203125
0 0.68046875 0.90234375 0.2078125 0.1953125
0 0.9359375 0.68671875 0.128125 0.1953125
0 0.63828125 0.63359375 0.1203125 0.0890625
0 0.7765625 0.6359375 0.178125 0.09375
0 0.95078125 0.609375 0.0890625 0.040625
0 0.55859375 0.64453125 0.1390625 0.1109375