0 0.23671875 0.43359375 0.1234375 0.1984375
0 0.5453125 0.4578125 0.1875 0.24375
0 0.05234375 0.57109375 0.1046875 0.2359375
0 0.88046875 0.415625 0.2296875 0.2859375
0 0.0578125 0.72578125 0.003125 0.0015625
0 0.0453125 0.7359375 0.0015625 0.0015625
0 0.03203125 0.7375 0.003125 0.0015625
0 0.0921875 0.74140625 0.0015625 0.0015625
0 0.0671875 0.74453125 0.0046875 0.003125
0 0.1109375 0.75 0.0015625 0.0015625
0 0.059375 0.75078125 0.0015625 0.0015625
0 0.0859375 0.75 0.0046875 0.00625
0 0.1046875 0.75078125 0.0015625 0.0015625
0 0.0734375 0.7515625 0.003125 0.003125
0 0.12265625 0.75234375 0.003125 0.003125
0 0.075 0.7578125 0.0015625 0.0015625
0 0.06015625 0.75859375 0.0015625 0.0015625
0 0.0765625 0.76328125 0.0015625 0.0015625
0 0.0625 0.76640625 0.0015625 0.0015625
0 0.08671875 0.7671875 0.003125 0.0015625
0 0.0703125 0.7625 0.0171875 0.015625
0 0.0953125 0.77109375 0.003125 0.0015625
0 0.11015625 0.85625 0.2203125 0.2875