0 0.13828125 0.27578125 0.2765625 0.1703125
0 0.07421875 0.08125 0.1484375 0.1625
0 0.0453125 0.23515625 0.090625 0.0984375
0 0.04609375 0.07734375 0.0921875 0.1546875
0 0.0328125 0.01796875 0.065625 0.0359375
0 0.0390625 0.3 0.078125 0.159375
0 0.84375 0.31484375 0.3078125 0.1703125
0 0.6234375 0.08125 0.3 0.1625
0 0.44140625 0.27421875 0.1046875 0.0984375
0 0.43515625 0.1140625 0.0921875 0.159375
0 0.421875 0.01796875 0.065625 0.0359375
0 0.428125 0.3390625 0.078125 0.159375
0 0.109375 0.88359375 0.21875 0.2328125
0 0.084375 0.64296875 0.16875 0.0859375
0 0.0578125 0.84375 0.115625 0.121875
0 0.0890625 0.678125 0.178125 0.15625
0 0.97890625 0.6765625 0.015625 0.003125
0 0.94921875 0.73828125 0.1015625 0.2765625
0 0.85625 0.6375 0.2875 0.075
0 0.39140625 0.70859375 0.0046875 0.0015625
0 0.42890625 0.68515625 0.0796875 0.0828125
0 0.49765625 0.8796875 0.2171875 0.234375
0 0.4921875 0.6625 0.20625 0.125