0 0.30234375 0.0453125 0.1546875 0.090625
0 0.32265625 0.1453125 0.1921875 0.290625
0 0.88203125 0.275 0.2359375 0.25
0 0.125 0.59375 0.25 0.26875
0 0.04453125 0.86796875 0.0890625 0.2640625
0 0.1703125 0.915625 0.121875 0.16875
0 0.7703125 0.40078125 0.00625 0.0015625
0 0.78984375 0.40078125 0.0015625 0.0015625
0 0.7359375 0.40078125 0.003125 0.0015625
0 0.7296875 0.40078125 0.003125 0.0015625
0 0.896875 0.403125 0.009375 0.00625
0 0.8234375 0.4671875 0.353125 0.134375
0 0.41953125 0.8328125 0.0015625 0.003125
0 0.4625 0.88359375 0.0875 0.2328125
0 0.85546875 0.875 0.1859375 0.25