0 0.56875 0.09453125 0.240625 0.1890625
0 0.36953125 0.02734375 0.0015625 0.003125
0 0.35234375 0.03203125 0.0015625 0.003125
0 0.3140625 0.06328125 0.24375 0.1265625
0 0.05546875 0.0625 0.1109375 0.125
0 0.13671875 0.24609375 0.1984375 0.0671875
0 0.74609375 0.03203125 0.003125 0.003125
0 0.746875 0.1234375 0.115625 0.246875
0 0.2421875 0.3578125 0.31875 0.15625
0 0.646875 0.43125 0.084375 0.24375
0 0.0859375 0.51875 0.171875 0.2875
0 0.28046875 0.63203125 0.1625 0.23125
0 0.553125 0.82890625 0.271875 0.3421875
0 0.90390625 0.87109375 0.1921875 0.2578125