0 0.4703125 0.1890625 0.0015625 0.003125
0 0.48203125 0.19453125 0.0015625 0.003125
0 0.415625 0.34453125 0.60625 0.6296875
0 0.8109375 0.00234375 0.025 0.0046875
0 0.81875 0.00078125 0.003125 0.0015625
0 0.88359375 0.00625 0.1140625 0.0125
0 0.859375 0.453125 0.28125 0.4125
0 0.221875 0.66171875 0.025 0.0046875
0 0.2296875 0.66015625 0.003125 0.0015625
0 0.29453125 0.665625 0.1140625 0.0125
0 0.60234375 0.66015625 0.0046875 0.0015625
0 0.60078125 0.66015625 0.0015625 0.0015625
0 0.565625 0.78203125 0.30625 0.2453125
0 0.2265625 0.8296875 0.453125 0.340625