0 0.1609375 0.14921875 0.003125 0.003125
0 0.13203125 0.12421875 0.2640625 0.2484375
0 0.70625 0.6078125 0.1125 0.14375
0 0.81171875 0.24765625 0.3234375 0.3015625
0 0.6984375 0.12734375 0.096875 0.1765625
0 0.553125 0.76328125 0.19375 0.1671875
0 0.4421875 0.8765625 0.265625 0.246875
0 0.3796875 0.74140625 0.309375 0.1234375
0 0.25 0.72265625 0.246875 0.0859375
0 0.10546875 0.79296875 0.2109375 0.2265625
0 0.91171875 0.74375 0.1765625 0.128125
0 0.93359375 0.73828125 0.1328125 0.1171875
0 0.73359375 0.94453125 0.1671875 0.1109375