0 0.2984375 0.03984375 0.15625 0.0796875
0 0.12109375 0.05859375 0.2078125 0.1171875
0 0.35 0.09375 0.190625 0.1875
0 0.3671875 0.32109375 0.3 0.1359375
0 0.85 0.00078125 0.003125 0.0015625
0 0.834375 0.00078125 0.003125 0.0015625
0 0.821875 0.00078125 0.003125 0.0015625
0 0.88125 0.00078125 0.003125 0.0015625
0 0.8546875 0.00078125 0.00625 0.0015625
0 0.896875 0.00078125 0.003125 0.0015625
0 0.8453125 0.00078125 0.003125 0.0015625
0 0.87265625 0.0015625 0.0078125 0.003125
0 0.890625 0.00078125 0.003125 0.0015625
0 0.859375 0.00078125 0.003125 0.0015625
0 0.909375 0.00078125 0.003125 0.0015625
0 0.859375 0.00078125 0.003125 0.0015625
0 0.84453125 0.00078125 0.0046875 0.0015625
0 0.859375 0.00078125 0.003125 0.0015625
0 0.84453125 0.00078125 0.0046875 0.0015625
0 0.8671875 0.00078125 0.003125 0.0015625
0 0.85390625 0.0046875 0.0203125 0.009375
0 0.8765625 0.00078125 0.003125 0.0015625
0 0.81953125 0.13125 0.3609375 0.2625
0 0.2203125 0.62578125 0.440625 0.4734375
0 0.39453125 0.90390625 0.3765625 0.1921875
0 0.92890625 0.42890625 0.1421875 0.0796875
0 0.75859375 0.44765625 0.2078125 0.1171875
0 0.94609375 0.55859375 0.1078125 0.2140625
0 0.971875 0.9703125 0.003125 0.003125
0 0.92734375 0.865625 0.1453125 0.26875