0 0.1015625 0.5125 0.203125 0.09375
0 0.8796875 0.30546875 0.240625 0.5078125
0 0.34921875 0.22890625 0.1796875 0.2296875
0 0.43515625 0.06953125 0.1890625 0.1390625
0 0.1734375 0.91796875 0.171875 0.1640625
0 0.0578125 0.67109375 0.115625 0.2109375
0 0.09453125 0.6296875 0.1890625 0.140625
0 0.98125 0.765625 0.0015625 0.003125
0 0.99140625 0.7546875 0.003125 0.003125
0 0.9921875 0.746875 0.00625 0.00625
0 0.99375 0.740625 0.003125 0.003125
0 0.99609375 0.7328125 0.0015625 0.003125
0 0.86484375 0.75703125 0.2703125 0.3953125