0 0.3 0.1453125 0.0015625 0.0015625
0 0.2921875 0.14375 0.0015625 0.0015625
0 0.26328125 0.121875 0.003125 0.0015625
0 0.26484375 0.1171875 0.0015625 0.003125
0 0.2671875 0.1046875 0.0015625 0.0015625
0 0.26640625 0.10078125 0.0015625 0.0015625
0 0.26953125 0.09140625 0.0015625 0.0015625
0 0.27265625 0.07734375 0.0015625 0.003125
0 0.27421875 0.0671875 0.0015625 0.0015625
0 0.278125 0.05234375 0.0015625 0.003125
0 0.2796875 0.04296875 0.0015625 0.00625
0 0.28203125 0.03046875 0.003125 0.0078125
0 0.28125 0.021875 0.0015625 0.0015625
0 0.30234375 0.00078125 0.0015625 0.0015625
0 0.30703125 0.00078125 0.0015625 0.0015625
0 0.34921875 0.11015625 0.1984375 0.2203125
0 0.234375 0.88671875 0.334375 0.2265625
0 0.91328125 0.978125 0.1734375 0.04375
0 0.7640625 0.76484375 0.2375 0.190625