0 0.38828125 0.42265625 0.3015625 0.1921875
0 0.6890625 0.5 0.003125 0.003125
0 0.69296875 0.5 0.003125 0.003125
0 0.9109375 0.4359375 0.003125 0.003125
0 0.90546875 0.425 0.00625 0.0046875
0 0.91875 0.45234375 0.003125 0.003125
0 0.75078125 0.04140625 0.3609375 0.0828125
0 0.90703125 0.3109375 0.1859375 0.378125
0 0.00078125 0.8046875 0.0015625 0.003125
0 0.00078125 0.8046875 0.0015625 0.003125
0 0.2703125 0.6671875 0.5375 0.296875
0 0.925 0.9125 0.003125 0.003125
0 0.946875 0.878125 0.10625 0.24375
0 0.76953125 0.6046875 0.4609375 0.171875