0 0.13125 0.05234375 0.2625 0.1046875
0 0.1984375 0.2859375 0.396875 0.334375
0 0.109375 0.09609375 0.21875 0.1921875
0 0.6359375 0.22265625 0.003125 0.003125
0 0.62890625 0.22109375 0.003125 0.0015625
0 0.71875 0.25625 0.4 0.45
0 0.51953125 0.4203125 0.0015625 0.003125
0 0.51953125 0.42578125 0.0015625 0.0078125
0 0.51953125 0.43515625 0.0015625 0.0046875
0 0.5859375 0.4140625 0.134375 0.23125
0 0.7 0.11953125 0.3625 0.2390625
0 0.10859375 0.9171875 0.2171875 0.165625
0 0.6796875 0.7046875 0.321875 0.35