0 0.20390625 0.1640625 0.4078125 0.328125
0 0.571875 0.12734375 0.0015625 0.003125
0 0.7421875 0.1859375 0.0015625 0.003125
0 0.578125 0.1828125 0.003125 0.003125
0 0.73359375 0.2125 0.0046875 0.0078125
0 0.5828125 0.20625 0.003125 0.00625
0 0.73203125 0.22265625 0.003125 0.003125
0 0.60234375 0.2328125 0.003125 0.003125
0 0.6640625 0.17734375 0.1796875 0.184375
0 0.5296875 0.24921875 0.0015625 0.003125
0 0.646875 0.27109375 0.0015625 0.003125
0 0.52890625 0.36953125 0.0015625 0.003125
0 0.52578125 0.3703125 0.0015625 0.003125
0 0.52265625 0.3765625 0.0015625 0.003125
0 0.79375 0.3984375 0.153125 0.18125
0 0.56015625 0.41484375 0.1421875 0.1484375
0 0.18359375 0.6390625 0.0015625 0.003125
0 0.13671875 0.63046875 0.1640625 0.2828125
0 0.6640625 0.9390625 0.1625 0.121875