0 0.33046875 0.39921875 0.0953125 0.11875
0 0.109375 0.1734375 0.0015625 0.0015625
0 0.03828125 0.18046875 0.0765625 0.1765625
0 0.2640625 0.13046875 0.1640625 0.2015625
0 0.96953125 0.29453125 0.003125 0.003125
0 0.975 0.2796875 0.0015625 0.003125
0 0.87421875 0.2328125 0.2515625 0.30625
0 0.91484375 0.05390625 0.1671875 0.1078125
0 0.16796875 0.88359375 0.0015625 0.0015625
0 0.115625 0.7796875 0.23125 0.440625
0 0.321875 0.57578125 0.334375 0.0328125
0 0.9625 0.85859375 0.075 0.2828125
0 0.8515625 0.61171875 0.215625 0.1046875