0 0.36171875 0.5171875 0.1359375 0.103125
0 0.1390625 0.52265625 0.175 0.0921875
0 0.15234375 0.278125 0.159375 0.2625
0 0.28203125 0.07109375 0.2953125 0.1421875
0 0.0625 0.0921875 0.125 0.184375
0 0.6265625 0.51640625 0.39375 0.1046875
0 0.9140625 0.1 0.003125 0.003125
0 0.92734375 0.084375 0.1453125 0.16875
0 0.50703125 0.128125 0.1546875 0.25625
0 0.0578125 0.86875 0.115625 0.2625
0 0.33125 0.8140625 0.196875 0.371875
0 0.55625 0.8640625 0.253125 0.271875
0 0.903125 0.78828125 0.121875 0.178125
0 0.78125 0.6265625 0.16875 0.115625