0 0.0046875 0.00078125 0.003125 0.0015625
0 0.03046875 0.0328125 0.0609375 0.065625
0 0.2984375 0.00078125 0.003125 0.0015625
0 0.3171875 0.0390625 0.146875 0.078125
0 0.0328125 0.30546875 0.065625 0.0890625
0 0.3796875 0.3265625 0.134375 0.046875
0 0.87578125 0.09140625 0.2171875 0.1828125
0 0.3453125 0.92109375 0.2875 0.1578125
0 0.840625 0.35078125 0.003125 0.0015625
0 0.53359375 0.4640625 0.0890625 0.215625
0 0.85 0.42109375 0.228125 0.1421875
0 0.52734375 0.96015625 0.0765625 0.0796875
0 0.859375 0.871875 0.1546875 0.15625