0 0.103125 0.32578125 0.20625 0.2859375
0 0.3359375 0.12734375 0.134375 0.1984375
0 0.16328125 0.1015625 0.1984375 0.203125
0 0.025 0.0359375 0.05 0.071875
0 0.32890625 0.04453125 0.1890625 0.0890625
0 0.94296875 0.05078125 0.003125 0.003125
0 0.93046875 0.0796875 0.1390625 0.159375
0 0.775 0.10546875 0.13125 0.2109375
0 0.25625 0.99375 0.003125 0.003125
0 0.2375 0.984375 0.0015625 0.003125
0 0.22421875 0.98359375 0.003125 0.003125
0 0.2875 0.97421875 0.0015625 0.003125
0 0.25859375 0.9734375 0.0046875 0.003125
0 0.30390625 0.96484375 0.0015625 0.003125
0 0.24921875 0.9671875 0.0015625 0.003125
0 0.2765625 0.96640625 0.00625 0.00625
0 0.29765625 0.9640625 0.0015625 0.003125
0 0.26328125 0.9640625 0.003125 0.003125
0 0.315625 0.9609375 0.003125 0.003125
0 0.26328125 0.95859375 0.0015625 0.003125
0 0.24765625 0.9578125 0.0015625 0.003125
0 0.2625 0.95234375 0.0015625 0.003125
0 0.246875 0.94921875 0.0015625 0.003125
0 0.27109375 0.94765625 0.003125 0.003125
0 0.25625 0.95234375 0.021875 0.021875
0 0.28046875 0.94296875 0.003125 0.003125
0 0.19921875 0.740625 0.3984375 0.51875
0 0.4765625 0.5265625 0.234375 0.115625
0 0.7734375 0.60703125 0.128125 0.2765625