0 0.31875 0.27421875 0.0015625 0.0015625
0 0.06171875 0.0890625 0.1234375 0.178125
0 0.2484375 0.29921875 0.18125 0.2796875
0 0.9359375 0.07109375 0.128125 0.1421875
0 0.51171875 0.10546875 0.3453125 0.2109375
0 0.8265625 0.3359375 0.115625 0.1671875
0 0.67578125 0.33359375 0.171875 0.1765625
0 0.4265625 0.40859375 0.0875 0.0609375
0 0.11640625 0.43984375 0.0078125 0.0015625
0 0.003125 0.4421875 0.00625 0.00625
0 0.109375 0.51875 0.21875 0.159375
0 0.275 0.921875 0.003125 0.003125
0 0.271875 0.93125 0.134375 0.1375
0 0.0578125 0.85078125 0.115625 0.2984375
0 0.4234375 0.7421875 0.16875 0.440625
0 0.69765625 0.94296875 0.1296875 0.1140625