0 0.21328125 0.015625 0.0015625 0.003125
0 0.17109375 0.16796875 0.3234375 0.3359375
0 0.121875 0.51953125 0.2203125 0.2703125
0 0.409375 0.09765625 0.1 0.1953125
0 0.73203125 0.23359375 0.1390625 0.178125
0 0.93984375 0.546875 0.071875 0.090625
0 0.49296875 0.4890625 0.1484375 0.25
0 0.79921875 0.69765625 0.1046875 0.171875
0 0.2375 0.9046875 0.24375 0.190625
0 0.05390625 0.91171875 0.1078125 0.1765625
0 0.6328125 0.81015625 0.003125 0.0015625
0 0.65078125 0.8109375 0.0046875 0.003125
0 0.6390625 0.81015625 0.003125 0.0015625
0 0.6859375 0.81015625 0.003125 0.0015625
0 0.6328125 0.8125 0.01875 0.00625
0 0.559375 0.9046875 0.396875 0.190625
0 0.85234375 0.93984375 0.2140625 0.1203125