0 0.228125 0.0671875 0.2625 0.134375
0 0.75 0.2703125 0.003125 0.003125
0 0.77421875 0.2578125 0.4515625 0.121875
0 0.00234375 0.46015625 0.0046875 0.0078125
0 0.00078125 0.4625 0.0015625 0.003125
0 0.0015625 0.4640625 0.003125 0.00625
0 0.00390625 0.46796875 0.0078125 0.0109375
0 0.0015625 0.47109375 0.003125 0.0046875
0 0.00078125 0.46796875 0.0015625 0.0015625
0 0.00078125 0.47578125 0.0015625 0.0015625
0 0.0015625 0.4953125 0.003125 0.00625
0 0.00078125 0.49453125 0.0015625 0.0015625
0 0.00234375 0.5109375 0.0046875 0.00625
0 0.16875 0.61015625 0.3375 0.3515625
0 0.44609375 0.8734375 0.1671875 0.253125
0 0.47578125 0.50703125 0.1078125 0.2453125
0 0.58046875 0.48125 0.1015625 0.109375
0 0.8015625 0.7578125 0.003125 0.0015625
0 0.78828125 0.85 0.196875 0.128125
0 0.8578125 0.59765625 0.2234375 0.1859375