0 0.06171875 0.3625 0.1234375 0.19375
0 0.24609375 0.271875 0.2078125 0.375
0 0.8359375 0.18671875 0.328125 0.3734375
0 0.3359375 0.46015625 0.003125 0.0015625
0 0.14609375 0.46015625 0.0015625 0.0015625
0 0.3234375 0.46015625 0.003125 0.0015625
0 0.153125 0.46171875 0.003125 0.0046875
0 0.315625 0.4609375 0.003125 0.003125
0 0.15390625 0.46015625 0.0046875 0.0015625
0 0.290625 0.46015625 0.003125 0.0015625
0 0.23125 0.50546875 0.178125 0.0921875
0 0.23828125 0.46015625 0.0015625 0.0015625
0 0.06953125 0.55 0.1390625 0.18125
0 0.29609375 0.58359375 0.1078125 0.2140625
0 0.70234375 0.7296875 0.2921875 0.540625