0 0.43828125 0.00078125 0.0078125 0.0015625
0 0.4546875 0.00078125 0.003125 0.0015625
0 0.47265625 0.00078125 0.0015625 0.0015625
0 0.46640625 0.00078125 0.0015625 0.0015625
0 0.5109375 0.00234375 0.009375 0.0046875
0 0.5140625 0.00078125 0.003125 0.0015625
0 0.51484375 0.0015625 0.0046875 0.003125
0 0.52734375 0.00390625 0.0109375 0.0078125
0 0.53515625 0.0015625 0.0046875 0.003125
0 0.54140625 0.00078125 0.0015625 0.0015625
0 0.53515625 0.00078125 0.0015625 0.0015625
0 0.5328125 0.0015625 0.00625 0.003125
0 0.53984375 0.00078125 0.0015625 0.0015625
0 0.52578125 0.00234375 0.0078125 0.0046875
0 0.43828125 0.19140625 0.3234375 0.3828125
0 0.3625 0.50078125 0.271875 0.0578125
0 0.909375 0.2890625 0.18125 0.48125
0 0.0109375 0.53359375 0.021875 0.0078125
0 0.4328125 0.86484375 0.2625 0.2703125
0 0.0875 0.928125 0.175 0.14375
0 0.73984375 0.53046875 0.0015625 0.0015625
0 0.7171875 0.53046875 0.009375 0.0015625
0 0.7328125 0.53046875 0.009375 0.0015625
0 0.7203125 0.63515625 0.240625 0.2109375
0 0.9109375 0.75703125 0.171875 0.2359375
0 0.678125 0.86015625 0.15625 0.2640625