0 0.38203125 0.0015625 0.0078125 0.003125
0 0.3703125 0.00078125 0.003125 0.0015625
0 0.3609375 0.00078125 0.00625 0.0015625
0 0.3203125 0.0015625 0.0125 0.003125
0 0.29296875 0.00078125 0.0078125 0.0015625
0 0.23125 0.00078125 0.00625 0.0015625
0 0.209375 0.00078125 0.009375 0.0015625
0 0.2046875 0.06484375 0.409375 0.1296875
0 0.04921875 0.17109375 0.0984375 0.2234375
0 0.06484375 0.04453125 0.1296875 0.0890625
0 0.9515625 0.50859375 0.0015625 0.0015625
0 0.71953125 0.45 0.4671875 0.1734375
0 0.11484375 0.81875 0.2296875 0.203125
0 0.63828125 0.6765625 0.103125 0.0828125
0 0.45546875 0.71328125 0.0921875 0.1390625