0 0.1140625 0.375 0.0015625 0.0015625
0 0.11171875 0.37109375 0.0015625 0.0015625
0 0.07265625 0.16015625 0.0015625 0.0015625
0 0.0828125 0.16015625 0.0046875 0.00625
0 0.05546875 0.1609375 0.0015625 0.0015625
0 0.63359375 0.10078125 0.2515625 0.2015625
0 0.15703125 0.10234375 0.3140625 0.2046875
0 0.815625 0.48828125 0.1125 0.2578125
0 0.84765625 0.515625 0.1765625 0.36875
0 0.82265625 0.13984375 0.1265625 0.2421875
0 0.82265625 0.103125 0.1265625 0.20625
0 0.78359375 0.02734375 0.0484375 0.0546875
0 0.1734375 0.85078125 0.346875 0.2984375
0 0.590625 0.79296875 0.33125 0.1859375
0 0.14375 0.7703125 0.2375 0.140625
0 0.56953125 0.73125 0.1671875 0.0625
0 0.76484375 0.83671875 0.0015625 0.0015625
0 0.9078125 0.85 0.184375 0.3
0 0.80859375 0.79921875 0.0984375 0.1984375