0 0.01875 0.32109375 0.0015625 0.0015625
0 0.4234375 0.42265625 0.165625 0.2328125
0 0.084375 0.20234375 0.16875 0.2640625
0 0.3828125 0.05546875 0.09375 0.1109375
0 0.23203125 0.04140625 0.1546875 0.0828125
0 0.02578125 0.0296875 0.0515625 0.059375
0 0.44296875 0.05234375 0.1546875 0.1046875
0 0.6984375 0.04765625 0.059375 0.0953125
0 0.92421875 0.05703125 0.1515625 0.1140625
0 0.7203125 0.07734375 0.103125 0.1546875
0 0.55390625 0.59609375 0.1921875 0.1140625
0 0.75703125 0.86953125 0.1765625 0.2609375
0 0.97578125 0.64296875 0.0484375 0.2078125