0 0.75390625 0.09453125 0.1484375 0.1890625
0 0.89609375 0.17109375 0.2078125 0.2578125
0 0.753125 0.2421875 0.146875 0.115625
0 0.46640625 0.72890625 0.0015625 0.003125
0 0.4703125 0.734375 0.0015625 0.003125
0 0.4734375 0.740625 0.0015625 0.003125
0 0.47890625 0.75078125 0.0015625 0.003125
0 0.3328125 0.82578125 0.56875 0.3484375
0 0.7078125 0.30546875 0.05625 0.0109375
0 0.7 0.3140625 0.040625 0.028125
0 0.68046875 0.74296875 0.0015625 0.0046875
0 0.790625 0.71796875 0.221875 0.4859375
0 0.8703125 0.684375 0.259375 0.63125