0 0.25625 0.0921875 0.259375 0.184375
0 0.63203125 0.15390625 0.0015625 0.003125
0 0.6234375 0.15625 0.0015625 0.003125
0 0.590625 0.1765625 0.003125 0.003125
0 0.59140625 0.18125 0.0015625 0.003125
0 0.5921875 0.19453125 0.0015625 0.003125
0 0.5921875 0.1984375 0.0015625 0.003125
0 0.59453125 0.20859375 0.0015625 0.003125
0 0.5953125 0.22421875 0.0015625 0.003125
0 0.5953125 0.23515625 0.0015625 0.003125
0 0.596875 0.25078125 0.0015625 0.003125
0 0.5984375 0.26171875 0.0015625 0.00625
0 0.6 0.275 0.0015625 0.0078125
0 0.59609375 0.28359375 0.0015625 0.003125
0 0.65859375 0.22265625 0.1671875 0.1328125
0 0.35 0.76953125 0.165625 0.35625
0 0.63984375 0.7453125 0.1984375 0.509375