0 0.0984375 0.06328125 0.19375 0.1265625
0 0.16953125 0.075 0.3390625 0.15
0 0.98046875 0.03125 0.0015625 0.0015625
0 0.9625 0.01484375 0.0015625 0.0015625
0 0.7453125 0.1859375 0.0015625 0.0015625
0 0.675 0.16328125 0.65 0.3265625
0 0.065625 0.45 0.0015625 0.0015625
0 0.0703125 0.46953125 0.0046875 0.009375
0 0.06484375 0.45859375 0.0046875 0.009375
0 0.11796875 0.51015625 0.2359375 0.2609375
0 0.06328125 0.48125 0.1265625 0.203125
0 0.06953125 0.78203125 0.1390625 0.2453125
0 0.47890625 0.76484375 0.2796875 0.3765625