0 0.08828125 0.05 0.1703125 0.1
0 0.04296875 0.025 0.0859375 0.05
0 0.95859375 0.2859375 0.0828125 0.45625
0 0.6234375 0.21171875 0.0875 0.1859375
0 0.675 0.046875 0.15625 0.09375
0 0.3453125 0.96953125 0.140625 0.0609375
0 0.134375 0.784375 0.26875 0.278125
0 0.534375 0.73046875 0.090625 0.3234375
0 0.9078125 0.721875 0.003125 0.003125
0 0.921875 0.709375 0.0015625 0.003125
0 0.93515625 0.70625 0.003125 0.003125
0 0.8703125 0.71171875 0.0015625 0.003125
0 0.89765625 0.7046875 0.0046875 0.003125
0 0.8515625 0.70625 0.0015625 0.003125
0 0.9046875 0.6953125 0.0015625 0.003125
0 0.878125 0.70234375 0.0046875 0.00625
0 0.85703125 0.70390625 0.0015625 0.003125
0 0.890625 0.69765625 0.003125 0.003125
0 0.83828125 0.70546875 0.003125 0.003125
0 0.88984375 0.6921875 0.0015625 0.003125
0 0.9046875 0.6875 0.0015625 0.003125
0 0.8875 0.68671875 0.0015625 0.003125
0 0.90234375 0.68046875 0.0015625 0.003125
0 0.87734375 0.68359375 0.003125 0.003125
0 0.89375 0.68515625 0.01875 0.0171875
0 0.86796875 0.68125 0.003125 0.003125
0 0.8671875 0.68984375 0.265625 0.2421875
0 0.62734375 0.6296875 0.0953125 0.121875