0 0.4859375 0.159375 0.10625 0.31875
0 0.4125 0.4859375 0.253125 0.265625
0 0.29609375 0.30234375 0.159375 0.1453125
0 0.17421875 0.5375 0.2171875 0.1625
0 0.16484375 0.00078125 0.0078125 0.0015625
0 0.01640625 0.353125 0.003125 0.003125
0 0.1921875 0.03125 0.23125 0.0625
0 0.06796875 0.3828125 0.1359375 0.26875
0 0.88046875 0.16328125 0.2390625 0.3265625
0 0.6234375 0.37890625 0.16875 0.2234375
0 0.20546875 0.75703125 0.2609375 0.2765625
0 0.64375 0.83203125 0.209375 0.3359375
0 0.58671875 0.6703125 0.0953125 0.103125