0 0.31015625 0.1109375 0.1984375 0.221875
0 0.0578125 0.09453125 0.115625 0.1890625
0 0.30703125 0.14296875 0.1890625 0.2859375
0 0.4546875 0.0546875 0.090625 0.109375
0 0.934375 0.03828125 0.13125 0.0765625
0 0.5640625 0.03828125 0.153125 0.0765625
0 0.896875 0.07890625 0.20625 0.1453125
0 0.49921875 0.146875 0.1796875 0.16875
0 0.621875 0.34765625 0.3125 0.0828125
0 0.02578125 0.93515625 0.0515625 0.1296875
0 0.328125 0.7421875 0.1625 0.515625
0 0.82265625 0.53203125 0.003125 0.003125
0 0.81796875 0.5359375 0.003125 0.003125
0 0.8140625 0.5421875 0.0015625 0.0015625
0 0.809375 0.54609375 0.0015625 0.0015625
0 0.80546875 0.55 0.0015625 0.0015625
0 0.80234375 0.55390625 0.0015625 0.0015625
0 0.7984375 0.5578125 0.0015625 0.0015625
0 0.79453125 0.5625 0.0015625 0.0015625
0 0.87265625 0.5765625 0.2125 0.215625