0 0.446875 0.0796875 0.165625 0.159375
0 0.19296875 0.24453125 0.2359375 0.1890625
0 0.77421875 0.0015625 0.0046875 0.003125
0 0.7828125 0.00078125 0.003125 0.0015625
0 0.7796875 0.00078125 0.003125 0.0015625
0 0.78671875 0.00078125 0.0015625 0.0015625
0 0.78984375 0.00234375 0.0078125 0.0046875
0 0.7859375 0.00078125 0.003125 0.0015625
0 0.784375 0.0015625 0.00625 0.003125
0 0.77734375 0.003125 0.0109375 0.00625
0 0.77265625 0.0015625 0.0046875 0.003125
0 0.74453125 0.0015625 0.0046875 0.003125
0 0.72890625 0.00234375 0.0046875 0.0046875
0 0.68515625 0.16953125 0.3109375 0.3390625
0 0.5984375 0.22890625 0.1375 0.2203125
0 0.6796875 0.2984375 0.246875 0.08125
0 0.4234375 0.33984375 0.003125 0.0015625
0 0.4015625 0.33984375 0.003125 0.0015625
0 0.39765625 0.340625 0.0046875 0.003125
0 0.29765625 0.34453125 0.0546875 0.0109375
0 0.09609375 0.5328125 0.0015625 0.0015625
0 0.12265625 0.578125 0.1359375 0.1578125
0 0.796875 0.3421875 0.040625 0.00625
0 0.921875 0.728125 0.15625 0.30625
0 0.6296875 0.6640625 0.2 0.384375