0 0.49453125 0.61484375 0.2109375 0.2484375
0 0.46015625 0.94296875 0.2796875 0.1140625
0 0.73828125 0.859375 0.0015625 0.003125
0 0.740625 0.86484375 0.0015625 0.003125
0 0.74296875 0.86796875 0.0015625 0.003125
0 0.74609375 0.8734375 0.0015625 0.003125
0 0.74765625 0.87734375 0.0015625 0.003125
0 0.73984375 0.878125 0.0015625 0.003125
0 0.75078125 0.88125 0.0015625 0.003125
0 0.753125 0.8875 0.0015625 0.003125
0 0.75546875 0.890625 0.0015625 0.003125
0 0.746875 0.8984375 0.0015625 0.003125
0 0.76015625 0.9 0.0015625 0.003125
0 0.76171875 0.90390625 0.0015625 0.003125
0 0.76484375 0.909375 0.0015625 0.003125
0 0.74375 0.9109375 0.0078125 0.0109375
0 0.7671875 0.91328125 0.0015625 0.003125
0 0.7515625 0.9515625 0.0015625 0.003125
0 0.75625 0.95859375 0.0015625 0.003125
0 0.75546875 0.96328125 0.0015625 0.003125
0 0.76796875 0.9796875 0.0015625 0.003125
0 0.76953125 0.984375 0.0015625 0.003125
0 0.77265625 0.9875 0.0015625 0.003125
0 0.76640625 0.98671875 0.003125 0.003125
0 0.775 0.990625 0.0015625 0.003125
0 0.7765625 0.99375 0.0015625 0.003125
0 0.77734375 0.9984375 0.0015625 0.003125
0 0.8 0.71484375 0.4 0.5703125