0 0.1453125 0.00703125 0.0015625 0.0015625
0 0.11875 0.03359375 0.0015625 0.003125
0 0.11328125 0.03359375 0.003125 0.0015625
0 0.10234375 0.0296875 0.0015625 0.0015625
0 0.09921875 0.02890625 0.0015625 0.0015625
0 0.08984375 0.0265625 0.0015625 0.0015625
0 0.0765625 0.02265625 0.003125 0.0015625
0 0.06640625 0.01875 0.0015625 0.0015625
0 0.05390625 0.01484375 0.003125 0.0015625
0 0.04375 0.0125 0.00625 0.003125
0 0.03203125 0.00859375 0.0078125 0.003125
0 0.0234375 0.009375 0.0015625 0.0015625
0 0.11328125 0.06328125 0.2265625 0.1265625
0 0.69296875 0.30390625 0.0015625 0.0015625
0 0.59296875 0.26640625 0.346875 0.290625
0 0.43515625 0.40625 0.1515625 0.225
0 0.42265625 0.11953125 0.1265625 0.2390625
0 0.1796875 0.5765625 0.359375 0.115625
0 0.5390625 0.55234375 0.159375 0.0671875
0 0.37109375 0.59609375 0.0234375 0.1046875