0 0.2359375 0.17890625 0.003125 0.0015625
0 0.22734375 0.16796875 0.003125 0.0015625
0 0.184375 0.19453125 0.36875 0.3890625
0 0.9296875 0.18515625 0.140625 0.1203125
0 0.55078125 0.17421875 0.0640625 0.1140625
0 0.34453125 0.5203125 0.003125 0.0015625
0 0.22265625 0.51015625 0.3546875 0.2421875
0 0.075 0.76640625 0.15 0.3203125
0 0.0609375 0.46015625 0.121875 0.1421875
0 0.71640625 0.42578125 0.1453125 0.0734375
0 0.71484375 0.7625 0.1734375 0.25
0 0.56953125 0.92578125 0.1015625 0.1484375
0 0.5875 0.47421875 0.1375 0.1703125