0 0.12421875 0.10703125 0.175 0.2140625
0 0.0390625 0.47890625 0.078125 0.1796875
0 0.065625 0.44921875 0.13125 0.2390625
0 0.40234375 0.06875 0.1046875 0.1375
0 0.62734375 0.2453125 0.0015625 0.0015625
0 0.6265625 0.2515625 0.0015625 0.0015625
0 0.68828125 0.31796875 0.2390625 0.3765625
0 0.80234375 0.52578125 0.2984375 0.0859375
0 0.00078125 0.56953125 0.0015625 0.0015625
0 0.00078125 0.56953125 0.0015625 0.0015625
0 0.103125 0.6953125 0.20625 0.253125
0 0.08359375 0.8703125 0.1671875 0.259375
0 0.45234375 0.65234375 0.2046875 0.1671875
0 0.8796875 0.784375 0.240625 0.43125
0 0.6140625 0.9703125 0.190625 0.059375