0 0.2796875 0.41640625 0.4 0.5046875
0 0.78046875 0.221875 0.0015625 0.003125
0 0.53359375 0.0984375 0.1078125 0.196875
0 0.7984375 0.35546875 0.4015625 0.3359375
0 0.51015625 0.49765625 0.0609375 0.1921875
0 0.5328125 0.565625 0.10625 0.203125
0 0.2578125 0.6703125 0.00625 0.003125
0 0.27578125 0.66953125 0.0015625 0.0015625
0 0.21875 0.66953125 0.003125 0.0015625
0 0.21328125 0.66953125 0.0015625 0.0015625
0 0.38671875 0.671875 0.0109375 0.00625
0 0.28515625 0.7578125 0.3890625 0.178125
0 0.68984375 0.7234375 0.1890625 0.109375
0 0.671875 0.7984375 0.28125 0.259375