0 0.24921875 0.190625 0.228125 0.2140625
0 0.659375 0.23984375 0.240625 0.3796875
0 0.846875 0.05234375 0.221875 0.1046875
0 0.46328125 0.70625 0.0046875 0.0046875
0 0.46796875 0.70390625 0.0046875 0.0046875
0 0.47421875 0.7015625 0.0015625 0.0015625
0 0.4796875 0.6984375 0.0015625 0.0015625
0 0.484375 0.69609375 0.0015625 0.0015625
0 0.48984375 0.69375 0.0015625 0.0015625
0 0.49453125 0.690625 0.0015625 0.0015625
0 0.5 0.6890625 0.0015625 0.0015625
0 0.45234375 0.76484375 0.1734375 0.2515625
0 0.915625 0.48515625 0.16875 0.1109375
0 0.8296875 0.81875 0.340625 0.353125