0 0.40703125 0.35703125 0.6046875 0.5390625
0 0.71015625 0.08046875 0.0015625 0.0046875
0 0.7109375 0.1015625 0.003125 0.009375
0 0.7109375 0.0875 0.003125 0.009375
0 0.8390625 0.1359375 0.259375 0.271875
0 0.0796875 0.65078125 0.003125 0.0015625
0 0.0640625 0.65078125 0.003125 0.0015625
0 0.1453125 0.65078125 0.003125 0.0015625
0 0.11015625 0.65078125 0.0046875 0.0015625
0 0.21171875 0.70078125 0.003125 0.003125
0 0.20625 0.65078125 0.003125 0.0015625
0 0.2296875 0.65078125 0.003125 0.0015625
0 0.234375 0.65078125 0.003125 0.0015625
0 0.2453125 0.934375 0.25 0.13125
0 0.296875 0.759375 0.546875 0.21875