0 0.45078125 0.10078125 0.0015625 0.0015625
0 0.45078125 0.18828125 0.0015625 0.0015625
0 0.45078125 0.06171875 0.0015625 0.0015625
0 0.45078125 0.215625 0.0015625 0.003125
0 0.453125 0.02265625 0.003125 0.0015625
0 0.47421875 0.00859375 0.003125 0.0015625
0 0.478125 0.00234375 0.003125 0.0015625
0 0.50234375 0.0421875 0.1046875 0.084375
0 0.62578125 0.12578125 0.3515625 0.2515625
0 0.9359375 0.0515625 0.128125 0.103125
0 0.225 0.665625 0.45 0.34375
0 0.55390625 0.8078125 0.2078125 0.375
0 0.86484375 0.93046875 0.2703125 0.1390625