0 0.06875 0.52734375 0.1375 0.2828125
0 0.52734375 0.01875 0.0015625 0.003125
0 0.528125 0.028125 0.0015625 0.003125
0 0.709375 0.55 0.521875 0.2375
0 0.00078125 0.66953125 0.0015625 0.0015625
0 0.00078125 0.66953125 0.0015625 0.0015625
0 0.00078125 0.66953125 0.0015625 0.0015625
0 0.00078125 0.66953125 0.0015625 0.0015625
0 0.00078125 0.66953125 0.0015625 0.0015625
0 0.00390625 0.67265625 0.0078125 0.0078125
0 0.00078125 0.66953125 0.0015625 0.0015625
0 0.0921875 0.834375 0.184375 0.33125
0 0.7203125 0.7171875 0.159375 0.096875
0 0.3640625 0.74765625 0.06875 0.1578125
0 0.69453125 0.7609375 0.2328125 0.184375