0 0.07109375 0.1578125 0.1421875 0.315625
0 0.396875 0.35390625 0.24375 0.3703125
0 0.3671875 0.09921875 0.159375 0.1984375
0 0.728125 0.4484375 0.41875 0.18125
0 0.95546875 0.0453125 0.0890625 0.090625
0 0.77265625 0.10078125 0.3546875 0.2015625
0 0.37734375 0.94609375 0.2828125 0.1078125
0 0.08984375 0.62734375 0.1796875 0.1765625
0 0.62734375 0.88515625 0.2171875 0.2296875
0 0.58515625 0.72578125 0.1328125 0.2953125
0 0.97890625 0.8671875 0.0421875 0.265625
0 0.81484375 0.64375 0.1515625 0.16875
0 0.61484375 0.60234375 0.1921875 0.1265625