0 0.02578125 0.2828125 0.003125 0.003125
0 0.24921875 0.075 0.3015625 0.15
0 0.17734375 0.2765625 0.3546875 0.325
0 0.39921875 0.3296875 0.0015625 0.003125
0 0.52734375 0.24453125 0.0015625 0.0015625
0 0.5328125 0.23671875 0.0015625 0.0015625
0 0.5640625 0.2125 0.003125 0.003125
0 0.56875 0.215625 0.003125 0.003125
0 0.5796875 0.2203125 0.0015625 0.0015625
0 0.5828125 0.221875 0.0015625 0.0015625
0 0.590625 0.2265625 0.0015625 0.0015625
0 0.60390625 0.23203125 0.003125 0.003125
0 0.61328125 0.23671875 0.0015625 0.0015625
0 0.625 0.2421875 0.003125 0.003125
0 0.63359375 0.246875 0.00625 0.003125
0 0.64453125 0.25234375 0.0078125 0.0046875
0 0.6546875 0.25234375 0.0015625 0.0015625
0 0.7 0.28515625 0.0015625 0.0015625
0 0.70859375 0.2890625 0.003125 0.003125
0 0.73046875 0.30078125 0.003125 0.003125
0 0.7390625 0.3046875 0.0015625 0.0015625
0 0.71484375 0.31015625 0.4796875 0.2578125